[0,6] 1 [1,10]
[1,10] 1 [2,13]
[2,13] 1 [3,15]
[3,15] 1 [4,17]
[4,17] 1 [5,21]
[5,21] 1 [6,25]
[6,25] 1 [7,28]
[7,28] 1 [8,31]
[8,31] 1 [9,34]
[9,34] 1 [10,37]
[10,37] 1 [11,39]
[11,39] 1 [12,41]
[12,41] 1 [13,43]
[13,43] 1 [14,47]
[14,47] 1 [15,51]
[15,51] 1 [16,53]
[16,53] 1 [17,55]
[17,55] 1 [18,59]
[18,59] 1 [19,61]
[19,61] 1 [20,65]
[20,65] 1 [21,67]
[21,67] 1 [22,69]
[22,69] 1 [23,73]
[23,73] 1 [24,76]
[24,76] 1 [25,79]
[25,79] 1 [26,83]
[26,83] 1 [27,87]
[27,87] 1 [28,89]
[28,89] 1 [29,92]
[29,92] 1 [30,95]
[30,95] 1 [31,98]
[31,98] 1 [32,100]
[32,100] 1 [33,104]
[33,104] 1 [34,106]
[34,106] 1 [35,110]
[35,110] 1 [36,114]
[36,114] 1 [37,118]
[37,118] 1 [38,122]
[38,122] 1 [39,125]
[39,125] 1 [40,129]
[40,129] 1 [41,131]
[41,131] 1 [42,135]
[42,135] 1 [43,137]
[43,137] 1 [44,141]
[44,141] 1 [45,143]
[45,143] 1 [46,146]
[46,146] 1 [47,149]
[47,149] 1 [48,151]
[48,151] 1 [49,153]
[49,153] 1 [50,155]
[50,155] 1 [51,158]
[51,158] 1 [52,161]
[52,161] 1 [53,164]
[53,164] 1 [54,166]
[54,166] 1 [55,170]
[55,170] 1 [56,172]
[56,172] 1 [57,175]
[57,175] 1 [58,6]
[58,6] 1 [59,6]
[59,6] 1 [60,6]
[60,6] 1 [61,6]
[61,6] 1 [62,6]
[62,6] 1 [63,6]
[63,6] 1 [64,6]
[64,6] 1 [65,6]
[65,6] 1 [66,6]
[66,6] 1 [67,6]
[67,6] 0 [68,6]
[68,6] 1 [69,9]
[69,9] 0 [70,9]
[70,9] 1 [71,11]
[71,11] 2 [72,9]
[72,9] 1 [73,11]
[73,11] 2 [74,7]
[74,7] 1 [75,11]
[75,11] 0 [76,11]
[76,11] 2 [77,7]
[77,7] 1 [78,9]
[78,9] 1 [79,13]
[79,13] 2 [80,9]
[80,9] 2 [81,6]
[81,6] 1 [82,8]
[82,8] 1 [83,10]
[83,10] 2 [84,7]
[84,7] 0 [85,7]
[85,7] 1 [86,8]
[86,8] 1 [87,10]
[87,10] 1 [88,12]
[88,12] 1 [89,14]
[89,14] 2 [90,10]
[90,10] 1 [91,13]
[91,13] 1 [92,17]
[92,17] 1 [93,21]
[93,21] 1 [94,24]
[94,24] 1 [95,28]
[95,28] 1 [96,31]
[96,31] 1 [97,34]
[97,34] 1 [98,38]
[98,38] 1 [99,40]
[99,40] 1 [100,42]
[100,42] 1 [101,44]
[101,44] 1 [102,47]
[102,47] 1 [103,49]
[103,49] 1 [104,51]
[104,51] 1 [105,54]
[105,54] 1 [106,57]
[106,57] 1 [107,59]
[107,59] 1 [108,63]
[108,63] 1 [109,65]
[109,65] 1 [110,67]
[110,67] 1 [111,70]
[111,70] 1 [112,73]
[112,73] 1 [113,76]
[113,76] 1 [114,78]
[114,78] 1 [115,80]
[115,80] 1 [116,83]
[116,83] 1 [117,85]
[117,85] 1 [118,88]
[118,88] 1 [119,91]
[119,91] 1 [120,94]
[120,94] 1 [121,98]
[121,98] 1 [122,102]
[122,102] 1 [123,105]
[123,105] 1 [124,109]
[124,109] 1 [125,113]
[125,113] 1 [126,116]
[126,116] 1 [127,120]
[127,120] 1 [128,122]
[128,122] 1 [129,126]
[129,126] 1 [130,130]
[130,130] 1 [131,134]
[131,134] 1 [132,137]
[132,137] 1 [133,140]
[133,140] 1 [134,143]
[134,143] 1 [135,145]
[135,145] 1 [136,147]
[136,147] 1 [137,149]
[137,149] 1 [138,152]
[138,152] 1 [139,154]
[139,154] 1 [140,157]
[140,157] 1 [141,160]
[141,160] 1 [142,164]
[142,164] 1 [143,166]
[143,166] 1 [144,169]
[144,169] 1 [145,173]
[145,173] 1 [146,175]
[146,175] 1 [147,6]
[147,6] 1 [148,6]
[148,6] 1 [149,6]
[149,6] 1 [150,6]
[150,6] 1 [151,6]
[151,6] 1 [152,6]
[152,6] 1 [153,6]
[153,6] 1 [154,6]
[154,6] 1 [155,6]
[155,6] 1 [156,6]
[156,6] 2 [157,6]
[157,6] 1 [158,9]
[158,9] 1 [159,12]
[159,12] 1 [160,15]
[160,15] 1 [161,17]
[161,17] 1 [162,19]
[162,19] 1 [163,22]
[163,22] 1 [164,26]
[164,26] 1 [165,29]
[165,29] 1 [166,32]
[166,32] 1 [167,35]
[167,35] 1 [168,38]
[168,38] 1 [169,42]
[169,42] 1 [170,44]
[170,44] 1 [171,48]
[171,48] 1 [172,52]
[172,52] 1 [173,55]
[173,55] 1 [174,57]
[174,57] 1 [175,59]
[175,59] 1 [176,63]
[176,63] 1 [177,65]
[177,65] 1 [178,67]
[178,67] 1 [179,69]
[179,69] 1 [180,71]
[180,71] 1 [181,74]
[181,74] 1 [182,76]
[182,76] 1 [183,78]
[183,78] 1 [184,81]
[184,81] 1 [185,83]
[185,83] 1 [186,85]
[186,85] 1 [187,88]
[187,88] 1 [188,91]
[188,91] 1 [189,95]
[189,95] 1 [190,99]
[190,99] 1 [191,103]
[191,103] 1 [192,105]
[192,105] 1 [193,108]
[193,108] 1 [194,112]
[194,112] 1 [195,115]
[195,115] 1 [196,117]
[196,117] 1 [197,120]
[197,120] 1 [198,123]
[198,123] 1 [199,125]
[199,125] 1 [200,128]
[200,128] 1 [201,132]
[201,132] 1 [202,135]
[202,135] 1 [203,138]
[203,138] 1 [204,140]
[204,140] 1 [205,144]
[205,144] 1 [206,146]
[206,146] 1 [207,149]
[207,149] 1 [208,152]
[208,152] 1 [209,154]
[209,154] 1 [210,156]
[210,156] 1 [211,160]
[211,160] 1 [212,164]
[212,164] 1 [213,166]
[213,166] 1 [214,169]
[214,169] 1 [215,172]
[215,172] 1 [216,175]
[216,175] 1 [217,6]
[217,6] 1 [218,6]
[218,6] 1 [219,6]
[219,6] 1 [220,6]
[220,6] 1 [221,6]
[221,6] 1 [222,6]
[222,6] 1 [223,6]
[223,6] 1 [224,6]
[224,6] 1 [225,6]
[225,6] 1 [226,6]
[226,6] 1 [227,6]
[227,6] 0 [228,6]
[228,6] 1 [229,9]
[229,9] 2 [230,7]
[230,7] 1 [231,9]
[231,9] 1 [232,11]
[232,11] 2 [233,8]
[233,8] 2 [234,6]
[234,6] 1 [235,8]
[235,8] 1 [236,10]
[236,10] 2 [237,7]
[237,7] 1 [238,7]
[238,7] 1 [239,10]
[239,10] 1 [240,12]
[240,12] 1 [241,16]
[241,16] 2 [242,13]
[242,13] 1 [243,15]
[243,15] 2 [244,12]
[244,12] 1 [245,15]
[245,15] 1 [246,18]
[246,18] 2 [247,14]
[247,14] 2 [248,10]
[248,10] 1 [249,11]
[249,11] 1 [250,14]
[250,14] 1 [251,18]
[251,18] 1 [252,22]
[252,22] 1 [253,25]
[253,25] 1 [254,27]
[254,27] 1 [255,31]
[255,31] 1 [256,34]
[256,34] 1 [257,37]
[257,37] 1 [258,41]
[258,41] 1 [259,45]
[259,45] 1 [260,49]
[260,49] 1 [261,51]
[261,51] 1 [262,53]
[262,53] 1 [263,57]
[263,57] 1 [264,59]
[264,59] 1 [265,62]
[265,62] 1 [266,66]
[266,66] 1 [267,70]
[267,70] 1 [268,74]
[268,74] 1 [269,78]
[269,78] 1 [270,82]
[270,82] 1 [271,84]
[271,84] 1 [272,86]
[272,86] 1 [273,88]
[273,88] 1 [274,92]
[274,92] 1 [275,95]
[275,95] 1 [276,99]
[276,99] 1 [277,101]
[277,101] 1 [278,104]
[278,104] 1 [279,108]
[279,108] 1 [280,111]
[280,111] 1 [281,115]
[281,115] 1 [282,118]
[282,118] 1 [283,121]
[283,121] 1 [284,123]
[284,123] 1 [285,126]
[285,126] 1 [286,128]
[286,128] 1 [287,131]
[287,131] 1 [288,134]
[288,134] 1 [289,137]
[289,137] 1 [290,140]
[290,140] 1 [291,144]
[291,144] 1 [292,146]
[292,146] 1 [293,148]
[293,148] 1 [294,151]
[294,151] 1 [295,154]
[295,154] 1 [296,157]
[296,157] 1 [297,159]
[297,159] 1 [298,162]
[298,162] 1 [299,164]
[299,164] 1 [300,167]
[300,167] 1 [301,170]
[301,170] 1 [302,172]
[302,172] 1 [303,175]
[303,175] 1 [304,177]
[304,177] 1 [305,6]
[305,6] 1 [306,6]
[306,6] 1 [307,6]
[307,6] 1 [308,6]
[308,6] 1 [309,6]
[309,6] 1 [310,6]
[310,6] 1 [311,6]
[311,6] 1 [312,6]
[312,6] 1 [313,6]
[313,6] 1 [314,6]
[314,6] 0 [315,6]
[315,6] 1 [316,8]
[316,8] 0 [317,8]
[317,8] 2 [318,6]
[318,6] 1 [319,10]
[319,10] 2 [320,6]
[320,6] 1 [321,8]
[321,8] 1 [322,11]
[322,11] 1 [323,13]
[323,13] 2 [324,9]
[324,9] 2 [325,6]
[325,6] 1 [326,8]
[326,8] 1 [327,11]
[327,11] 1 [328,13]
[328,13] 1 [329,16]
[329,16] 1 [330,20]
[330,20] 2 [331,16]
[331,16] 2 [332,12]
[332,12] 1 [333,15]
[333,15] 1 [334,17]
[334,17] 1 [335,19]
[335,19] 1 [336,23]
[336,23] 1 [337,27]
[337,27] 1 [338,29]
[338,29] 1 [339,31]
[339,31] 1 [340,35]
[340,35] 1 [341,39]
[341,39] 1 [342,41]
[342,41] 1 [343,45]
[343,45] 1 [344,48]
[344,48] 1 [345,51]
[345,51] 1 [346,54]
[346,54] 1 [347,58]
[347,58] 1 [348,60]
[348,60] 1 [349,62]
[349,62] 1 [350,66]
[350,66] 1 [351,68]
[351,68] 1 [352,72]
[352,72] 1 [353,75]
[353,75] 1 [354,77]
[354,77] 1 [355,79]
[355,79] 1 [356,83]
[356,83] 1 [357,86]
[357,86] 1 [358,90]
[358,90] 1 [359,92]
[359,92] 1 [360,94]
[360,94] 1 [361,98]
[361,98] 1 [362,102]
[362,102] 1 [363,106]
[363,106] 1 [364,108]
[364,108] 1 [365,112]
[365,112] 2 [366,112]
[366,112] 2 [367,110]
[367,110] 1 [368,110]
[368,110] 1 [369,114]
[369,114] 1 [370,118]
[370,118] 1 [371,120]
[371,120] 1 [372,124]
[372,124] 2 [373,120]
[373,120] 1 [374,122]
[374,122] 1 [375,125]
[375,125] 1 [376,129]
[376,129] 1 [377,133]
[377,133] 1 [378,135]
[378,135] 1 [379,139]
[379,139] 1 [380,142]
[380,142] 1 [381,146]
[381,146] 1 [382,150]
[382,150] 1 [383,152]
[383,152] 1 [384,156]
[384,156] 1 [385,160]
[385,160] 1 [386,164]
[386,164] 1 [387,168]
[387,168] 1 [388,172]
[388,172] 1 [389,174]
[389,174] 1 [390,177]
[390,177] 1 [391,6]
[391,6] 1 [392,6]
[392,6] 1 [393,6]
[393,6] 1 [394,6]
[394,6] 1 [395,6]
[395,6] 1 [396,6]
[396,6] 1 [397,6]
[397,6] 1 [398,6]
[398,6] 1 [399,6]
[399,6] 1 [400,6]
[400,6] 1 [401,7]
[401,7] 1 [402,9]
[402,9] 1 [403,13]
[403,13] 2 [404,9]
[404,9] 1 [405,11]
[405,11] 2 [406,9]
[406,9] 1 [407,11]
[407,11] 2 [408,9]
[408,9] 1 [409,11]
[409,11] 2 [410,9]
[410,9] 1 [411,11]
[411,11] 1 [412,13]
[412,13] 1 [413,15]
[413,15] 1 [414,18]
[414,18] 1 [415,20]
[415,20] 2 [416,17]
[416,17] 1 [417,15]
[417,15] 0 [418,15]
[418,15] 2 [419,11]
[419,11] 2 [420,7]
[420,7] 1 [421,9]
[421,9] 1 [422,13]
[422,13] 1 [423,15]
[423,15] 1 [424,18]
[424,18] 1 [425,20]
[425,20] 1 [426,22]
[426,22] 1 [427,24]
[427,24] 1 [428,27]
[428,27] 1 [429,29]
[429,29] 1 [430,32]
[430,32] 1 [431,34]
[431,34] 1 [432,38]
[432,38] 1 [433,40]
[433,40] 1 [434,43]
[434,43] 1 [435,47]
[435,47] 1 [436,49]
[436,49] 1 [437,53]
[437,53] 1 [438,55]
[438,55] 1 [439,57]
[439,57] 1 [440,59]
[440,59] 1 [441,61]
[441,61] 1 [442,63]
[442,63] 1 [443,65]
[443,65] 1 [444,69]
[444,69] 1 [445,72]
[445,72] 1 [446,75]
[446,75] 1 [447,79]
[447,79] 1 [448,83]
[448,83] 1 [449,85]
[449,85] 1 [450,88]
[450,88] 1 [451,90]
[451,90] 1 [452,92]
[452,92] 1 [453,96]
[453,96] 1 [454,100]
[454,100] 1 [455,103]
[455,103] 2 [456,100]
[456,100] 2 [457,96]
[457,96] 1 [458,98]
[458,98] 1 [459,101]
[459,101] 1 [460,103]
[460,103] 1 [461,105]
[461,105] 1 [462,107]
[462,107] 1 [463,111]
[463,111] 1 [464,113]
[464,113] 1 [465,116]
[465,116] 1 [466,119]
[466,119] 1 [467,122]
[467,122] 1 [468,124]
[468,124] 1 [469,127]
[469,127] 1 [470,130]
[470,130] 1 [471,134]
[471,134] 1 [472,136]
[472,136] 1 [473,140]
[473,140] 1 [474,143]
[474,143] 1 [475,145]
[475,145] 1 [476,149]
[476,149] 1 [477,152]
[477,152] 1 [478,154]
[478,154] 1 [479,156]
[479,156] 1 [480,159]
[480,159] 1 [481,163]
[481,163] 1 [482,166]
[482,166] 1 [483,168]
[483,168] 1 [484,171]
[484,171] 1 [485,175]
[485,175] 1 [486,177]
[486,177] 1 [487,6]
[487,6] 1 [488,6]
[488,6] 1 [489,6]
[489,6] 1 [490,6]
[490,6] 1 [491,6]
[491,6] 1 [492,6]
[492,6] 1 [493,6]
[493,6] 1 [494,6]
[494,6] 1 [495,6]
[495,6] 1 [496,7]
[496,7] 1 [497,11]
[497,11] 0 [498,11]
[498,11] 1 [499,12]
[499,12] 2 [500,8]
[500,8] 2 [501,6]
[501,6] 1 [502,8]
[502,8] 1 [503,10]
[503,10] 1 [504,14]
[504,14] 1 [505,17]
[505,17] 1 [506,21]
[506,21] 1 [507,23]
[507,23] 1 [508,27]
[508,27] 2 [509,23]
[509,23] 1 [510,25]
[510,25] 1 [511,29]
[511,29] 1 [512,31]
[512,31] 1 [513,33]
[513,33] 1 [514,35]
[514,35] 1 [515,38]
[515,38] 1 [516,41]
[516,41] 1 [517,44]
[517,44] 1 [518,47]
[518,47] 1 [519,51]
[519,51] 1 [520,53]
[520,53] 1 [521,56]
[521,56] 1 [522,60]
[522,60] 1 [523,62]
[523,62] 1 [524,66]
[524,66] 1 [525,69]
[525,69] 1 [526,72]
[526,72] 1 [527,75]
[527,75] 1 [528,79]
[528,79] 1 [529,83]
[529,83] 1 [530,87]
[530,87] 1 [531,91]
[531,91] 1 [532,94]
[532,94] 1 [533,98]
[533,98] 1 [534,102]
[534,102] 1 [535,105]
[535,105] 1 [536,109]
[536,109] 1 [537,113]
[537,113] 1 [538,117]
[538,117] 1 [539,119]
[539,119] 1 [540,123]
[540,123] 1 [541,126]
[541,126] 1 [542,130]
[542,130] 1 [543,133]
[543,133] 1 [544,136]
[544,136] 1 [545,138]
[545,138] 1 [546,141]
[546,141] 1 [547,145]
[547,145] 1 [548,149]
[548,149] 1 [549,151]
[549,151] 1 [550,155]
[550,155] 1 [551,158]
[551,158] 1 [552,161]
[552,161] 1 [553,164]
[553,164] 1 [554,166]
[554,166] 1 [555,169]
[555,169] 1 [556,171]
[556,171] 1 [557,174]
[557,174] 1 [558,176]
[558,176] 1 [559,6]
[559,6] 1 [560,6]
[560,6] 1 [561,6]
[561,6] 1 [562,6]
[562,6] 1 [563,6]
[563,6] 1 [564,6]
[564,6] 1 [565,6]
[565,6] 1 [566,6]
[566,6] 1 [567,6]
[567,6] 1 [568,9]
[568,9] 1 [569,13]
[569,13] 1 [570,15]
[570,15] 1 [571,18]
[571,18] 1 [572,21]
[572,21] 1 [573,23]
[573,23] 1 [574,25]
[574,25] 1 [575,29]
[575,29] 1 [576,33]
[576,33] 1 [577,36]
[577,36] 1 [578,40]
[578,40] 1 [579,42]
[579,42] 1 [580,44]
[580,44] 2 [581,41]
[581,41] 1 [582,43]
[582,43] 1 [583,46]
[583,46] 1 [584,50]
[584,50] 1 [585,52]
[585,52] 1 [586,54]
[586,54] 1 [587,57]
[587,57] 1 [588,61]
[588,61] 1 [589,65]
[589,65] 1 [590,68]
[590,68] 1 [591,70]
[591,70] 1 [592,72]
[592,72] 1 [593,74]
[593,74] 1 [594,76]
[594,76] 1 [595,80]
[595,80] 1 [596,83]
[596,83] 1 [597,87]
[597,87] 1 [598,90]
[598,90] 1 [599,93]
[599,93] 1 [600,96]
[600,96] 1 [601,99]
[601,99] 1 [602,101]
[602,101] 1 [603,103]
[603,103] 1 [604,107]
[604,107] 1 [605,111]
[605,111] 1 [606,114]
[606,114] 1 [607,116]
[607,116] 1 [608,118]
[608,118] 1 [609,120]
[609,120] 1 [610,124]
[610,124] 1 [611,128]
[611,128] 1 [612,130]
[612,130] 1 [613,132]
[613,132] 1 [614,136]
[614,136] 1 [615,139]
[615,139] 1 [616,141]
[616,141] 1 [617,143]
[617,143] 1 [618,147]
[618,147] 1 [619,151]
[619,151] 1 [620,153]
[620,153] 1 [621,157]
[621,157] 1 [622,159]
[622,159] 1 [623,162]
[623,162] 1 [624,165]
[624,165] 1 [625,168]
[625,168] 1 [626,171]
[626,171] 1 [627,174]
[627,174] 1 [628,176]
[628,176] 1 [629,6]
[629,6] 1 [630,6]
[630,6] 1 [631,6]
[631,6] 1 [632,6]
[632,6] 1 [633,6]
[633,6] 1 [634,6]
[634,6] 1 [635,6]
[635,6] 1 [636,6]
[636,6] 1 [637,9]
[637,9] 1 [638,12]
[638,12] 0 [639,13]
[639,13] 2 [640,9]
[640,9] 1 [641,10]
[641,10] 1 [642,12]
[642,12] 2 [643,8]
[643,8] 1 [644,10]
[644,10] 1 [645,12]
[645,12] 1 [646,16]
[646,16] 1 [647,19]
[647,19] 1 [648,23]
[648,23] 1 [649,26]
[649,26] 1 [650,28]
[650,28] 1 [651,30]
[651,30] 1 [652,32]
[652,32] 1 [653,35]
[653,35] 1 [654,37]
[654,37] 1 [655,40]
[655,40] 1 [656,42]
[656,42] 1 [657,45]
[657,45] 1 [658,49]
[658,49] 1 [659,51]
[659,51] 1 [660,54]
[660,54] 1 [661,57]
[661,57] 1 [662,59]
[662,59] 1 [663,63]
[663,63] 1 [664,67]
[664,67] 1 [665,71]
[665,71] 1 [666,74]
[666,74] 1 [667,76]
[667,76] 1 [668,80]
[668,80] 1 [669,83]
[669,83] 1 [670,85]
[670,85] 1 [671,88]
[671,88] 1 [672,91]
[672,91] 1 [673,93]
[673,93] 1 [674,97]
[674,97] 1 [675,101]
[675,101] 1 [676,103]
[676,103] 1 [677,106]
[677,106] 1 [678,109]
[678,109] 1 [679,113]
[679,113] 1 [680,117]
[680,117] 1 [681,121]
[681,121] 1 [682,123]
[682,123] 1 [683,126]
[683,126] 1 [684,129]
[684,129] 1 [685,133]
[685,133] 1 [686,136]
[686,136] 1 [687,138]
[687,138] 1 [688,140]
[688,140] 1 [689,143]
[689,143] 1 [690,145]
[690,145] 1 [691,148]
[691,148] 1 [692,152]
[692,152] 1 [693,156]
[693,156] 1 [694,158]
[694,158] 1 [695,160]
[695,160] 1 [696,163]
[696,163] 1 [697,165]
[697,165] 1 [698,169]
[698,169] 1 [699,173]
[699,173] 1 [700,176]
[700,176] 1 [701,6]
[701,6] 1 [702,6]
[702,6] 1 [703,6]
[703,6] 1 [704,6]
[704,6] 1 [705,6]
[705,6] 1 [706,6]
[706,6] 1 [707,6]
[707,6] 1 [708,6]
[708,6] 0 [709,6]
[709,6] 1 [710,8]
[710,8] 1 [711,11]
[711,11] 1 [712,15]
[712,15] 2 [713,12]
[713,12] 1 [714,16]
[714,16] 1 [715,18]
[715,18] 1 [716,22]
[716,22] 1 [717,26]
[717,26] 1 [718,29]
[718,29] 1 [719,32]
[719,32] 1 [720,35]
[720,35] 1 [721,38]
[721,38] 1 [722,40]
[722,40] 1 [723,44]
[723,44] 1 [724,47]
[724,47] 1 [725,50]
[725,50] 1 [726,52]
[726,52] 1 [727,56]
[727,56] 1 [728,58]
[728,58] 1 [729,61]
[729,61] 1 [730,65]
[730,65] 1 [731,69]
[731,69] 1 [732,71]
[732,71] 1 [733,75]
[733,75] 1 [734,79]
[734,79] 1 [735,82]
[735,82] 1 [736,86]
[736,86] 1 [737,88]
[737,88] 1 [738,91]
[738,91] 1 [739,93]
[739,93] 1 [740,95]
[740,95] 1 [741,99]
[741,99] 1 [742,101]
[742,101] 1 [743,103]
[743,103] 1 [744,107]
[744,107] 1 [745,111]
[745,111] 1 [746,113]
[746,113] 1 [747,116]
[747,116] 1 [748,118]
[748,118] 1 [749,121]
[749,121] 1 [750,124]
[750,124] 1 [751,128]
[751,128] 1 [752,131]
[752,131] 1 [753,134]
[753,134] 1 [754,136]
[754,136] 1 [755,140]
[755,140] 1 [756,143]
[756,143] 1 [757,146]
[757,146] 1 [758,149]
[758,149] 0 [759,149]
[759,149] 1 [760,152]
[760,152] 1 [761,155]
[761,155] 1 [762,157]
[762,157] 1 [763,159]
[763,159] 1 [764,162]
[764,162] 1 [765,164]
[765,164] 1 [766,167]
[766,167] 1 [767,171]
[767,171] 1 [768,175]
[768,175] 1 [769,177]
[769,177] 1 [770,6]
[770,6] 1 [771,6]
[771,6] 1 [772,6]
[772,6] 1 [773,6]
[773,6] 1 [774,6]
[774,6] 1 [775,6]
[775,6] 1 [776,6]
[776,6] 1 [777,6]
[777,6] 1 [778,6]
[778,6] 1 [779,6]
[779,6] 1 [780,8]
[780,8] 1 [781,10]
[781,10] 1 [782,12]
[782,12] 1 [783,14]
[783,14] 1 [784,16]
[784,16] 1 [785,20]
[785,20] 1 [786,22]
[786,22] 1 [787,26]
[787,26] 1 [788,30]
[788,30] 1 [789,34]
[789,34] 1 [790,37]
[790,37] 1 [791,39]
[791,39] 1 [792,42]
[792,42] 1 [793,46]
[793,46] 1 [794,50]
[794,50] 1 [795,52]
[795,52] 1 [796,55]
[796,55] 1 [797,57]
[797,57] 1 [798,60]
[798,60] 1 [799,63]
[799,63] 1 [800,65]
[800,65] 1 [801,68]
[801,68] 1 [802,72]
[802,72] 1 [803,74]
[803,74] 1 [804,78]
[804,78] 1 [805,81]
[805,81] 1 [806,83]
[806,83] 1 [807,86]
[807,86] 1 [808,88]
[808,88] 1 [809,91]
[809,91] 1 [810,95]
[810,95] 1 [811,97]
[811,97] 1 [812,101]
[812,101] 1 [813,104]
[813,104] 1 [814,106]
[814,106] 1 [815,108]
[815,108] 1 [816,110]
[816,110] 1 [817,113]
[817,113] 1 [818,115]
[818,115] 1 [819,118]
[819,118] 1 [820,121]
[820,121] 1 [821,124]
[821,124] 1 [822,127]
[822,127] 1 [823,131]
[823,131] 1 [824,133]
[824,133] 1 [825,135]
[825,135] 1 [826,137]
[826,137] 1 [827,140]
[827,140] 1 [828,144]
[828,144] 1 [829,148]
[829,148] 1 [830,152]
[830,152] 1 [831,155]
[831,155] 1 [832,157]
[832,157] 1 [833,161]
[833,161] 1 [834,163]
[834,163] 1 [835,166]
[835,166] 1 [836,170]
[836,170] 1 [837,172]
[837,172] 1 [838,176]
[838,176] 1 [839,6]
[839,6] 1 [840,6]
[840,6] 1 [841,6]
[841,6] 1 [842,6]
[842,6] 1 [843,6]
[843,6] 1 [844,6]
[844,6] 1 [845,6]
[845,6] 1 [846,6]
[846,6] 1 [847,6]
[847,6] 1 [848,6]
[848,6] 1 [849,7]
[849,7] 2 [850,6]
[850,6] 1 [851,9]
[851,9] 1 [852,12]
[852,12] 2 [853,8]
[853,8] 1 [854,10]
[854,10] 1 [855,12]
[855,12] 1 [856,15]
[856,15] 1 [857,18]
[857,18] 1 [858,22]
[858,22] 1 [859,25]
[859,25] 1 [860,29]
[860,29] 1 [861,32]
[861,32] 1 [862,36]
[862,36] 2 [863,32]
[863,32] 1 [864,31]
[864,31] 1 [865,35]
[865,35] 1 [866,39]
[866,39] 1 [867,41]
[867,41] 1 [868,43]
[868,43] 1 [869,46]
[869,46] 1 [870,49]
[870,49] 1 [871,52]
[871,52] 1 [872,56]
[872,56] 1 [873,58]
[873,58] 1 [874,61]
[874,61] 1 [875,65]
[875,65] 1 [876,67]
[876,67] 1 [877,70]
[877,70] 1 [878,73]
[878,73] 1 [879,75]
[879,75] 1 [880,77]
[880,77] 1 [881,81]
[881,81] 1 [882,83]
[882,83] 1 [883,86]
[883,86] 1 [884,90]
[884,90] 1 [885,94]
[885,94] 1 [886,98]
[886,98] 1 [887,102]
[887,102] 1 [888,105]
[888,105] 1 [889,109]
[889,109] 1 [890,113]
[890,113] 1 [891,117]
[891,117] 1 [892,120]
[892,120] 1 [893,123]
[893,123] 1 [894,127]
[894,127] 1 [895,129]
[895,129] 1 [896,133]
[896,133] 1 [897,137]
[897,137] 1 [898,140]
[898,140] 1 [899,143]
[899,143] 1 [900,146]
[900,146] 1 [901,149]
[901,149] 1 [902,151]
[902,151] 1 [903,154]
[903,154] 1 [904,156]
[904,156] 1 [905,158]
[905,158] 1 [906,162]
[906,162] 1 [907,165]
[907,165] 1 [908,167]
[908,167] 1 [909,171]
[909,171] 1 [910,174]
[910,174] 1 [911,177]
[911,177] 1 [912,6]
[912,6] 1 [913,6]
[913,6] 1 [914,6]
[914,6] 1 [915,6]
[915,6] 1 [916,6]
[916,6] 1 [917,6]
[917,6] 1 [918,6]
[918,6] 1 [919,6]
[919,6] 1 [920,6]
[920,6] 0 [921,6]
[921,6] 1 [922,8]
[922,8] 1 [923,12]
[923,12] 0 [924,12]
[924,12] 1 [925,15]
[925,15] 0 [926,15]
[926,15] 1 [927,19]
[927,19] 1 [928,23]
[928,23] 1 [929,25]
[929,25] 1 [930,29]
[930,29] 1 [931,33]
[931,33] 1 [932,36]
[932,36] 1 [933,38]
[933,38] 1 [934,40]
[934,40] 1 [935,44]
[935,44] 1 [936,46]
[936,46] 1 [937,48]
[937,48] 1 [938,50]
[938,50] 1 [939,53]
[939,53] 1 [940,57]
[940,57] 1 [941,60]
[941,60] 1 [942,62]
[942,62] 1 [943,64]
[943,64] 1 [944,67]
[944,67] 1 [945,71]
[945,71] 1 [946,73]
[946,73] 1 [947,77]
[947,77] 1 [948,81]
[948,81] 1 [949,85]
[949,85] 1 [950,88]
[950,88] 1 [951,91]
[951,91] 1 [952,94]
[952,94] 1 [953,98]
[953,98] 1 [954,100]
[954,100] 1 [955,104]
[955,104] 1 [956,108]
[956,108] 1 [957,111]
[957,111] 1 [958,115]
[958,115] 1 [959,117]
[959,117] 1 [960,121]
[960,121] 1 [961,123]
[961,123] 1 [962,127]
[962,127] 1 [963,129]
[963,129] 1 [964,133]
[964,133] 1 [965,135]
[965,135] 1 [966,137]
[966,137] 1 [967,139]
[967,139] 1 [968,141]
[968,141] 1 [969,143]
[969,143] 1 [970,145]
[970,145] 1 [971,148]
[971,148] 1 [972,152]
[972,152] 1 [973,155]
[973,155] 1 [974,157]
[974,157] 1 [975,159]
[975,159] 1 [976,163]
[976,163] 1 [977,166]
[977,166] 1 [978,169]
[978,169] 1 [979,172]
[979,172] 1 [980,175]
[980,175] 1 [981,6]
[981,6] 1 [982,6]
[982,6] 1 [983,6]
[983,6] 1 [984,6]
[984,6] 1 [985,6]
[985,6] 1 [986,6]
[986,6] 1 [987,6]
[987,6] 1 [988,6]
[988,6] 1 [989,6]
[989,6] 1 [990,6]
[990,6] 1 [991,6]
[991,6] 1 [992,9]
[992,9] 1 [993,12]
[993,12] 0 [994,12]
[994,12] 2 [995,9]
[995,9] 1 [996,11]
[996,11] 1 [997,13]
[997,13] 1 [998,16]
[998,16] 1 [999,19]
[999,19] 1 [1000,22]
[1000,22] 2 [1001,18]
[1001,18] 2 [1002,14]
[1002,14] 2 [1003,10]
[1003,10] 1 [1004,8]
[1004,8] 1 [1005,12]
[1005,12] 1 [1006,16]
[1006,16] 1 [1007,18]
[1007,18] 1 [1008,20]
[1008,20] 1 [1009,22]
[1009,22] 2 [1010,18]
[1010,18] 1 [1011,20]
[1011,20] 2 [1012,16]
[1012,16] 1 [1013,19]
[1013,19] 2 [1014,16]
[1014,16] 2 [1015,12]
[1015,12] 1 [1016,12]
[1016,12] 1 [1017,14]
[1017,14] 1 [1018,17]
[1018,17] 1 [1019,21]
[1019,21] 1 [1020,25]
[1020,25] 1 [1021,29]
[1021,29] 1 [1022,32]
[1022,32] 1 [1023,36]
[1023,36] 1 [1024,40]
[1024,40] 1 [1025,42]
[1025,42] 1 [1026,45]
[1026,45] 1 [1027,47]
[1027,47] 1 [1028,49]
[1028,49] 1 [1029,52]
[1029,52] 1 [1030,55]
[1030,55] 1 [1031,58]
[1031,58] 1 [1032,62]
[1032,62] 1 [1033,65]
[1033,65] 1 [1034,69]
[1034,69] 1 [1035,73]
[1035,73] 1 [1036,76]
[1036,76] 1 [1037,78]
[1037,78] 1 [1038,80]
[1038,80] 1 [1039,84]
[1039,84] 1 [1040,87]
[1040,87] 1 [1041,91]
[1041,91] 1 [1042,94]
[1042,94] 1 [1043,97]
[1043,97] 1 [1044,101]
[1044,101] 1 [1045,103]
[1045,103] 1 [1046,106]
[1046,106] 1 [1047,109]
[1047,109] 1 [1048,113]
[1048,113] 1 [1049,117]
[1049,117] 1 [1050,119]
[1050,119] 1 [1051,123]
[1051,123] 1 [1052,127]
[1052,127] 1 [1053,131]
[1053,131] 1 [1054,135]
[1054,135] 1 [1055,138]
[1055,138] 1 [1056,140]
[1056,140] 1 [1057,142]
[1057,142] 1 [1058,144]
[1058,144] 1 [1059,147]
[1059,147] 1 [1060,149]
[1060,149] 1 [1061,153]
[1061,153] 1 [1062,155]
[1062,155] 1 [1063,158]
[1063,158] 1 [1064,161]
[1064,161] 1 [1065,165]
[1065,165] 1 [1066,169]
[1066,169] 1 [1067,173]
[1067,173] 1 [1068,177]
[1068,177] 1 [1069,6]
[1069,6] 1 [1070,6]
[1070,6] 1 [1071,6]
[1071,6] 1 [1072,6]
[1072,6] 1 [1073,6]
[1073,6] 1 [1074,6]
[1074,6] 1 [1075,6]
[1075,6] 1 [1076,6]
[1076,6] 1 [1077,6]
[1077,6] 1 [1078,6]
[1078,6] 1 [1079,6]
[1079,6] 1 [1080,7]
[1080,7] 1 [1081,11]
[1081,11] 1 [1082,14]
[1082,14] 2 [1083,12]
[1083,12] 2 [1084,8]
[1084,8] 1 [1085,11]
[1085,11] 2 [1086,7]
[1086,7] 1 [1087,9]
[1087,9] 1 [1088,11]
[1088,11] 1 [1089,15]
[1089,15] 1 [1090,19]
[1090,19] 1 [1091,23]
[1091,23] 2 [1092,19]
[1092,19] 1 [1093,22]
[1093,22] 1 [1094,24]
[1094,24] 1 [1095,28]
[1095,28] 1 [1096,30]
[1096,30] 1 [1097,34]
[1097,34] 1 [1098,36]
[1098,36] 1 [1099,40]
[1099,40] 1 [1100,44]
[1100,44] 1 [1101,46]
[1101,46] 1 [1102,49]
[1102,49] 1 [1103,52]
[1103,52] 1 [1104,54]
[1104,54] 1 [1105,57]
[1105,57] 1 [1106,60]
[1106,60] 1 [1107,62]
[1107,62] 1 [1108,66]
[1108,66] 1 [1109,68]
[1109,68] 1 [1110,71]
[1110,71] 1 [1111,73]
[1111,73] 1 [1112,75]
[1112,75] 1 [1113,77]
[1113,77] 1 [1114,80]
[1114,80] 1 [1115,82]
[1115,82] 1 [1116,84]
[1116,84] 1 [1117,87]
[1117,87] 1 [1118,89]
[1118,89] 1 [1119,91]
[1119,91] 1 [1120,95]
[1120,95] 1 [1121,99]
[1121,99] 1 [1122,103]
[1122,103] 1 [1123,106]
[1123,106] 1 [1124,108]
[1124,108] 1 [1125,112]
[1125,112] 1 [1126,114]
[1126,114] 1 [1127,116]
[1127,116] 1 [1128,120]
[1128,120] 1 [1129,124]
[1129,124] 1 [1130,126]
[1130,126] 1 [1131,129]
[1131,129] 1 [1132,131]
[1132,131] 1 [1133,133]
[1133,133] 1 [1134,136]
[1134,136] 1 [1135,138]
[1135,138] 1 [1136,142]
[1136,142] 1 [1137,146]
[1137,146] 1 [1138,150]
[1138,150] 1 [1139,153]
[1139,153] 1 [1140,157]
[1140,157] 1 [1141,160]
[1141,160] 1 [1142,164]
[1142,164] 1 [1143,167]
[1143,167] 1 [1144,169]
[1144,169] 1 [1145,173]
[1145,173] 1 [1146,176]
[1146,176] 1 [1147,6]
[1147,6] 1 [1148,6]
[1148,6] 1 [1149,6]
[1149,6] 1 [1150,6]
[1150,6] 1 [1151,6]
[1151,6] 1 [1152,6]
[1152,6] 1 [1153,6]
[1153,6] 1 [1154,6]
[1154,6] 1 [1155,6]
[1155,6] 1 [1156,6]
[1156,6] 1 [1157,7]
[1157,7] 0 [1158,7]
[1158,7] 0 [1159,7]
[1159,7] 1 [1160,9]
[1160,9] 1 [1161,11]
[1161,11] 2 [1162,8]
[1162,8] 1 [1163,7]
[1163,7] 1 [1164,10]
[1164,10] 1 [1165,14]
[1165,14] 1 [1166,16]
[1166,16] 1 [1167,20]
[1167,20] 1 [1168,23]
[1168,23] 2 [1169,19]
[1169,19] 2 [1170,16]
[1170,16] 2 [1171,12]
[1171,12] 1 [1172,15]
[1172,15] 2 [1173,11]
[1173,11] 2 [1174,8]
[1174,8] 2 [1175,6]
[1175,6] 1 [1176,8]
[1176,8] 1 [1177,10]
[1177,10] 1 [1178,12]
[1178,12] 2 [1179,9]
[1179,9] 1 [1180,11]
[1180,11] 2 [1181,8]
[1181,8] 1 [1182,10]
[1182,10] 1 [1183,12]
[1183,12] 1 [1184,16]
[1184,16] 2 [1185,13]
[1185,13] 1 [1186,13]
[1186,13] 1 [1187,16]
[1187,16] 1 [1188,18]
[1188,18] 1 [1189,21]
[1189,21] 1 [1190,23]
[1190,23] 1 [1191,27]
[1191,27] 1 [1192,31]
[1192,31] 1 [1193,33]
[1193,33] 1 [1194,36]
[1194,36] 1 [1195,39]
[1195,39] 1 [1196,42]
[1196,42] 1 [1197,45]
[1197,45] 1 [1198,47]
[1198,47] 1 [1199,51]
[1199,51] 1 [1200,53]
[1200,53] 1 [1201,55]
[1201,55] 1 [1202,59]
[1202,59] 1 [1203,61]
[1203,61] 1 [1204,64]
[1204,64] 1 [1205,67]
[1205,67] 1 [1206,71]
[1206,71] 1 [1207,75]
[1207,75] 1 [1208,78]
[1208,78] 1 [1209,81]
[1209,81] 1 [1210,85]
[1210,85] 1 [1211,87]
[1211,87] 1 [1212,90]
[1212,90] 1 [1213,94]
[1213,94] 1 [1214,98]
[1214,98] 1 [1215,101]
[1215,101] 1 [1216,105]
[1216,105] 1 [1217,108]
[1217,108] 1 [1218,112]
[1218,112] 1 [1219,115]
[1219,115] 2 [1220,112]
[1220,112] 2 [1221,110]
[1221,110] 1 [1222,112]
[1222,112] 2 [1223,109]
[1223,109] 1 [1224,111]
[1224,111] 1 [1225,113]
[1225,113] 1 [1226,117]
[1226,117] 1 [1227,119]
[1227,119] 1 [1228,122]
[1228,122] 1 [1229,125]
[1229,125] 1 [1230,127]
[1230,127] 1 [1231,131]
[1231,131] 1 [1232,133]
[1232,133] 1 [1233,137]
[1233,137] 1 [1234,139]
[1234,139] 1 [1235,143]
[1235,143] 1 [1236,145]
[1236,145] 1 [1237,149]
[1237,149] 1 [1238,151]
[1238,151] 1 [1239,153]
[1239,153] 1 [1240,155]
[1240,155] 1 [1241,157]
[1241,157] 1 [1242,160]
[1242,160] 1 [1243,162]
[1243,162] 1 [1244,164]
[1244,164] 1 [1245,168]
[1245,168] 1 [1246,170]
[1246,170] 1 [1247,172]
[1247,172] 1 [1248,175]
[1248,175] 1 [1249,6]
[1249,6] 1 [1250,6]
[1250,6] 1 [1251,6]
[1251,6] 1 [1252,6]
[1252,6] 1 [1253,6]
[1253,6] 1 [1254,6]
[1254,6] 1 [1255,6]
[1255,6] 1 [1256,6]
[1256,6] 1 [1257,6]
[1257,6] 1 [1258,6]
[1258,6] 1 [1259,6]
[1259,6] 1 [1260,6]
[1260,6] 1 [1261,9]
[1261,9] 1 [1262,11]
[1262,11] 1 [1263,15]
[1263,15] 1 [1264,19]
[1264,19] 1 [1265,21]
[1265,21] 1 [1266,24]
[1266,24] 1 [1267,27]
[1267,27] 1 [1268,30]
[1268,30] 1 [1269,33]
[1269,33] 1 [1270,35]
[1270,35] 1 [1271,38]
[1271,38] 1 [1272,40]
[1272,40] 1 [1273,43]
[1273,43] 1 [1274,45]
[1274,45] 1 [1275,47]
[1275,47] 1 [1276,50]
[1276,50] 1 [1277,52]
[1277,52] 1 [1278,54]
[1278,54] 1 [1279,58]
[1279,58] 1 [1280,62]
[1280,62] 1 [1281,65]
[1281,65] 1 [1282,68]
[1282,68] 1 [1283,71]
[1283,71] 1 [1284,74]
[1284,74] 1 [1285,78]
[1285,78] 1 [1286,81]
[1286,81] 1 [1287,84]
[1287,84] 1 [1288,87]
[1288,87] 1 [1289,90]
[1289,90] 1 [1290,94]
[1290,94] 1 [1291,98]
[1291,98] 1 [1292,101]
[1292,101] 1 [1293,103]
[1293,103] 1 [1294,106]
[1294,106] 1 [1295,110]
[1295,110] 1 [1296,114]
[1296,114] 1 [1297,117]
[1297,117] 1 [1298,119]
[1298,119] 1 [1299,121]
[1299,121] 1 [1300,125]
[1300,125] 1 [1301,128]
[1301,128] 1 [1302,130]
[1302,130] 1 [1303,134]
[1303,134] 1 [1304,136]
[1304,136] 1 [1305,138]
[1305,138] 1 [1306,142]
[1306,142] 1 [1307,146]
[1307,146] 1 [1308,149]
[1308,149] 1 [1309,153]
[1309,153] 1 [1310,157]
[1310,157] 1 [1311,161]
[1311,161] 1 [1312,165]
[1312,165] 1 [1313,169]
[1313,169] 1 [1314,173]
[1314,173] 1 [1315,177]
[1315,177] 1 [1316,6]
[1316,6] 1 [1317,6]
[1317,6] 1 [1318,6]
[1318,6] 1 [1319,6]
[1319,6] 1 [1320,6]
[1320,6] 1 [1321,6]
[1321,6] 1 [1322,6]
[1322,6] 1 [1323,6]
[1323,6] 1 [1324,6]
[1324,6] 1 [1325,8]
[1325,8] 1 [1326,10]
[1326,10] 1 [1327,13]
[1327,13] 1 [1328,16]
[1328,16] 1 [1329,19]
[1329,19] 2 [1330,15]
[1330,15] 1 [1331,19]
[1331,19] 1 [1332,22]
[1332,22] 1 [1333,25]
[1333,25] 1 [1334,28]
[1334,28] 1 [1335,32]
[1335,32] 1 [1336,36]
[1336,36] 1 [1337,40]
[1337,40] 1 [1338,43]
[1338,43] 0 [1339,44]
[1339,44] 1 [1340,46]
[1340,46] 2 [1341,42]
[1341,42] 1 [1342,44]
[1342,44] 1 [1343,48]
[1343,48] 1 [1344,51]
[1344,51] 1 [1345,53]
[1345,53] 1 [1346,56]
[1346,56] 1 [1347,60]
[1347,60] 2 [1348,57]
[1348,57] 1 [1349,56]
[1349,56] 1 [1350,58]
[1350,58] 1 [1351,62]
[1351,62] 1 [1352,64]
[1352,64] 2 [1353,61]
[1353,61] 1 [1354,63]
[1354,63] 1 [1355,65]
[1355,65] 1 [1356,67]
[1356,67] 1 [1357,69]
[1357,69] 1 [1358,72]
[1358,72] 1 [1359,75]
[1359,75] 1 [1360,79]
[1360,79] 1 [1361,83]
[1361,83] 1 [1362,85]
[1362,85] 1 [1363,88]
[1363,88] 1 [1364,90]
[1364,90] 1 [1365,93]
[1365,93] 1 [1366,96]
[1366,96] 1 [1367,99]
[1367,99] 1 [1368,102]
[1368,102] 1 [1369,104]
[1369,104] 1 [1370,108]
[1370,108] 1 [1371,111]
[1371,111] 1 [1372,114]
[1372,114] 1 [1373,116]
[1373,116] 1 [1374,119]
[1374,119] 1 [1375,122]
[1375,122] 1 [1376,124]
[1376,124] 1 [1377,126]
[1377,126] 1 [1378,128]
[1378,128] 1 [1379,130]
[1379,130] 1 [1380,133]
[1380,133] 1 [1381,137]
[1381,137] 1 [1382,140]
[1382,140] 1 [1383,142]
[1383,142] 1 [1384,146]
[1384,146] 1 [1385,149]
[1385,149] 1 [1386,151]
[1386,151] 1 [1387,154]
[1387,154] 1 [1388,157]
[1388,157] 1 [1389,160]
[1389,160] 1 [1390,163]
[1390,163] 1 [1391,166]
[1391,166] 1 [1392,168]
[1392,168] 1 [1393,172]
[1393,172] 1 [1394,176]
[1394,176] 1 [1395,6]
[1395,6] 1 [1396,6]
[1396,6] 1 [1397,6]
[1397,6] 1 [1398,6]
[1398,6] 1 [1399,6]
[1399,6] 1 [1400,6]
[1400,6] 1 [1401,6]
[1401,6] 1 [1402,6]
[1402,6] 1 [1403,6]
[1403,6] 1 [1404,6]
[1404,6] 2 [1405,7]
[1405,7] 1 [1406,11]
[1406,11] 2 [1407,7]
[1407,7] 1 [1408,11]
[1408,11] 1 [1409,15]
[1409,15] 2 [1410,11]
[1410,11] 1 [1411,13]
[1411,13] 2 [1412,9]
[1412,9] 1 [1413,11]
[1413,11] 2 [1414,8]
[1414,8] 1 [1415,10]
[1415,10] 1 [1416,12]
[1416,12] 2 [1417,8]
[1417,8] 2 [1418,6]
[1418,6] 1 [1419,9]
[1419,9] 1 [1420,11]
[1420,11] 1 [1421,13]
[1421,13] 2 [1422,9]
[1422,9] 1 [1423,11]
[1423,11] 2 [1424,7]
[1424,7] 1 [1425,6]
[1425,6] 1 [1426,10]
[1426,10] 2 [1427,8]
[1427,8] 1 [1428,12]
[1428,12] 1 [1429,15]
[1429,15] 1 [1430,19]
[1430,19] 1 [1431,21]
[1431,21] 1 [1432,25]
[1432,25] 1 [1433,27]
[1433,27] 1 [1434,30]
[1434,30] 1 [1435,33]
[1435,33] 1 [1436,36]
[1436,36] 1 [1437,38]
[1437,38] 1 [1438,41]
[1438,41] 1 [1439,44]
[1439,44] 1 [1440,47]
[1440,47] 1 [1441,49]
[1441,49] 1 [1442,52]
[1442,52] 1 [1443,54]
[1443,54] 1 [1444,56]
[1444,56] 1 [1445,59]
[1445,59] 1 [1446,61]
[1446,61] 1 [1447,65]
[1447,65] 1 [1448,67]
[1448,67] 1 [1449,71]
[1449,71] 1 [1450,73]
[1450,73] 1 [1451,75]
[1451,75] 1 [1452,77]
[1452,77] 1 [1453,81]
[1453,81] 1 [1454,83]
[1454,83] 1 [1455,87]
[1455,87] 1 [1456,90]
[1456,90] 1 [1457,92]
[1457,92] 1 [1458,95]
[1458,95] 1 [1459,99]
[1459,99] 1 [1460,101]
[1460,101] 1 [1461,105]
[1461,105] 1 [1462,107]
[1462,107] 1 [1463,110]
[1463,110] 1 [1464,112]
[1464,112] 1 [1465,116]
[1465,116] 1 [1466,120]
[1466,120] 1 [1467,122]
[1467,122] 1 [1468,125]
[1468,125] 1 [1469,127]
[1469,127] 1 [1470,129]
[1470,129] 1 [1471,131]
[1471,131] 1 [1472,135]
[1472,135] 1 [1473,138]
[1473,138] 1 [1474,142]
[1474,142] 1 [1475,144]
[1475,144] 1 [1476,148]
[1476,148] 1 [1477,150]
[1477,150] 1 [1478,153]
[1478,153] 1 [1479,157]
[1479,157] 1 [1480,161]
[1480,161] 1 [1481,165]
[1481,165] 1 [1482,169]
[1482,169] 1 [1483,173]
[1483,173] 1 [1484,176]
[1484,176] 1 [1485,6]
[1485,6] 1 [1486,6]
[1486,6] 1 [1487,6]
[1487,6] 1 [1488,6]
[1488,6] 1 [1489,6]
[1489,6] 1 [1490,6]
[1490,6] 1 [1491,6]
[1491,6] 1 [1492,6]
[1492,6] 1 [1493,6]
[1493,6] 1 [1494,6]
[1494,6] 0 [1495,6]
[1495,6] 1 [1496,10]
[1496,10] 1 [1497,13]
[1497,13] 1 [1498,17]
[1498,17] 1 [1499,21]
[1499,21] 1 [1500,25]
[1500,25] 1 [1501,29]
[1501,29] 1 [1502,31]
[1502,31] 1 [1503,35]
[1503,35] 1 [1504,39]
[1504,39] 1 [1505,42]
[1505,42] 1 [1506,45]
[1506,45] 1 [1507,48]
[1507,48] 1 [1508,51]
[1508,51] 1 [1509,55]
[1509,55] 1 [1510,57]
[1510,57] 1 [1511,60]
[1511,60] 1 [1512,63]
[1512,63] 1 [1513,67]
[1513,67] 1 [1514,71]
[1514,71] 1 [1515,75]
[1515,75] 1 [1516,77]
[1516,77] 1 [1517,80]
[1517,80] 1 [1518,82]
[1518,82] 1 [1519,84]
[1519,84] 1 [1520,87]
[1520,87] 1 [1521,90]
[1521,90] 1 [1522,93]
[1522,93] 1 [1523,95]
[1523,95] 1 [1524,98]
[1524,98] 1 [1525,101]
[1525,101] 1 [1526,104]
[1526,104] 1 [1527,108]
[1527,108] 1 [1528,110]
[1528,110] 1 [1529,112]
[1529,112] 1 [1530,114]
[1530,114] 1 [1531,117]
[1531,117] 1 [1532,120]
[1532,120] 1 [1533,124]
[1533,124] 1 [1534,128]
[1534,128] 1 [1535,132]
[1535,132] 1 [1536,135]
[1536,135] 1 [1537,137]
[1537,137] 1 [1538,139]
[1538,139] 1 [1539,141]
[1539,141] 1 [1540,144]
[1540,144] 1 [1541,146]
[1541,146] 1 [1542,150]
[1542,150] 1 [1543,154]
[1543,154] 1 [1544,158]
[1544,158] 1 [1545,162]
[1545,162] 1 [1546,165]
[1546,165] 1 [1547,169]
[1547,169] 1 [1548,173]
[1548,173] 1 [1549,176]
[1549,176] 1 [1550,6]
[1550,6] 1 [1551,6]
[1551,6] 1 [1552,6]
[1552,6] 1 [1553,6]
[1553,6] 1 [1554,6]
[1554,6] 1 [1555,6]
[1555,6] 1 [1556,6]
[1556,6] 1 [1557,6]
[1557,6] 1 [1558,6]
[1558,6] 0 [1559,7]
[1559,7] 0 [1560,7]
[1560,7] 1 [1561,9]
[1561,9] 1 [1562,11]
[1562,11] 1 [1563,15]
[1563,15] 1 [1564,19]
[1564,19] 1 [1565,21]
[1565,21] 1 [1566,24]
[1566,24] 1 [1567,26]
[1567,26] 1 [1568,29]
[1568,29] 1 [1569,32]
[1569,32] 1 [1570,34]
[1570,34] 1 [1571,38]
[1571,38] 1 [1572,40]
[1572,40] 1 [1573,43]
[1573,43] 1 [1574,45]
[1574,45] 1 [1575,49]
[1575,49] 1 [1576,51]
[1576,51] 1 [1577,53]
[1577,53] 0 [1578,53]
[1578,53] 1 [1579,56]
[1579,56] 1 [1580,58]
[1580,58] 1 [1581,60]
[1581,60] 1 [1582,63]
[1582,63] 1 [1583,66]
[1583,66] 1 [1584,69]
[1584,69] 1 [1585,72]
[1585,72] 1 [1586,75]
[1586,75] 1 [1587,78]
[1587,78] 1 [1588,80]
[1588,80] 1 [1589,83]
[1589,83] 1 [1590,85]
[1590,85] 1 [1591,89]
[1591,89] 1 [1592,93]
[1592,93] 1 [1593,97]
[1593,97] 1 [1594,101]
[1594,101] 1 [1595,104]
[1595,104] 1 [1596,106]
[1596,106] 1 [1597,110]
[1597,110] 1 [1598,113]
[1598,113] 1 [1599,116]
[1599,116] 1 [1600,120]
[1600,120] 1 [1601,124]
[1601,124] 1 [1602,127]
[1602,127] 1 [1603,129]
[1603,129] 1 [1604,131]
[1604,131] 1 [1605,133]
[1605,133] 1 [1606,136]
[1606,136] 1 [1607,139]
[1607,139] 1 [1608,142]
[1608,142] 1 [1609,145]
[1609,145] 1 [1610,149]
[1610,149] 1 [1611,152]
[1611,152] 1 [1612,155]
[1612,155] 1 [1613,157]
[1613,157] 1 [1614,160]
[1614,160] 1 [1615,164]
[1615,164] 1 [1616,168]
[1616,168] 1 [1617,172]
[1617,172] 1 [1618,176]
[1618,176] 1 [1619,6]
[1619,6] 1 [1620,6]
[1620,6] 1 [1621,6]
[1621,6] 1 [1622,6]
[1622,6] 1 [1623,6]
[1623,6] 1 [1624,6]
[1624,6] 1 [1625,6]
[1625,6] 1 [1626,6]
[1626,6] 1 [1627,6]
[1627,6] 1 [1628,7]
[1628,7] 2 [1629,6]
[1629,6] 1 [1630,8]
[1630,8] 1 [1631,12]
[1631,12] 1 [1632,15]
[1632,15] 1 [1633,17]
[1633,17] 1 [1634,19]
[1634,19] 1 [1635,21]
[1635,21] 2 [1636,18]
[1636,18] 1 [1637,20]
[1637,20] 2 [1638,16]
[1638,16] 2 [1639,12]
[1639,12] 1 [1640,13]
[1640,13] 2 [1641,11]
[1641,11] 2 [1642,7]
[1642,7] 1 [1643,8]
[1643,8] 1 [1644,11]
[1644,11] 2 [1645,9]
[1645,9] 1 [1646,11]
[1646,11] 2 [1647,7]
[1647,7] 1 [1648,9]
[1648,9] 1 [1649,11]
[1649,11] 1 [1650,14]
[1650,14] 1 [1651,17]
[1651,17] 1 [1652,21]
[1652,21] 1 [1653,25]
[1653,25] 1 [1654,28]
[1654,28] 1 [1655,32]
[1655,32] 1 [1656,35]
[1656,35] 2 [1657,31]
[1657,31] 1 [1658,34]
[1658,34] 1 [1659,36]
[1659,36] 1 [1660,39]
[1660,39] 1 [1661,42]
[1661,42] 1 [1662,46]
[1662,46] 1 [1663,49]
[1663,49] 1 [1664,52]
[1664,52] 1 [1665,54]
[1665,54] 1 [1666,57]
[1666,57] 1 [1667,59]
[1667,59] 1 [1668,61]
[1668,61] 1 [1669,65]
[1669,65] 1 [1670,67]
[1670,67] 1 [1671,71]
[1671,71] 1 [1672,73]
[1672,73] 1 [1673,75]
[1673,75] 1 [1674,79]
[1674,79] 1 [1675,82]
[1675,82] 1 [1676,84]
[1676,84] 1 [1677,86]
[1677,86] 1 [1678,88]
[1678,88] 1 [1679,90]
[1679,90] 1 [1680,92]
[1680,92] 1 [1681,96]
[1681,96] 1 [1682,99]
[1682,99] 1 [1683,102]
[1683,102] 1 [1684,104]
[1684,104] 1 [1685,107]
[1685,107] 1 [1686,110]
[1686,110] 1 [1687,114]
[1687,114] 1 [1688,117]
[1688,117] 1 [1689,120]
[1689,120] 1 [1690,122]
[1690,122] 1 [1691,124]
[1691,124] 1 [1692,128]
[1692,128] 1 [1693,132]
[1693,132] 1 [1694,136]
[1694,136] 1 [1695,140]
[1695,140] 1 [1696,142]
[1696,142] 1 [1697,145]
[1697,145] 1 [1698,149]
[1698,149] 1 [1699,153]
[1699,153] 1 [1700,155]
[1700,155] 1 [1701,158]
[1701,158] 1 [1702,161]
[1702,161] 1 [1703,163]
[1703,163] 1 [1704,166]
[1704,166] 1 [1705,168]
[1705,168] 1 [1706,171]
[1706,171] 1 [1707,175]
[1707,175] 1 [1708,177]
[1708,177] 1 [1709,6]
[1709,6] 1 [1710,6]
[1710,6] 1 [1711,6]
[1711,6] 1 [1712,6]
[1712,6] 1 [1713,6]
[1713,6] 1 [1714,6]
[1714,6] 1 [1715,6]
[1715,6] 1 [1716,6]
[1716,6] 1 [1717,6]
[1717,6] 1 [1718,6]
[1718,6] 1 [1719,7]
[1719,7] 1 [1720,11]
[1720,11] 1 [1721,14]
[1721,14] 2 [1722,12]
[1722,12] 1 [1723,15]
[1723,15] 1 [1724,17]
[1724,17] 1 [1725,20]
[1725,20] 2 [1726,16]
[1726,16] 2 [1727,12]
[1727,12] 1 [1728,14]
[1728,14] 1 [1729,17]
[1729,17] 1 [1730,19]
[1730,19] 2 [1731,15]
[1731,15] 1 [1732,17]
[1732,17] 1 [1733,19]
[1733,19] 1 [1734,22]
[1734,22] 1 [1735,26]
[1735,26] 1 [1736,28]
[1736,28] 1 [1737,31]
[1737,31] 1 [1738,33]
[1738,33] 1 [1739,35]
[1739,35] 1 [1740,38]
[1740,38] 1 [1741,41]
[1741,41] 1 [1742,43]
[1742,43] 1 [1743,47]
[1743,47] 1 [1744,49]
[1744,49] 1 [1745,51]
[1745,51] 1 [1746,53]
[1746,53] 1 [1747,57]
[1747,57] 1 [1748,61]
[1748,61] 1 [1749,64]
[1749,64] 1 [1750,67]
[1750,67] 1 [1751,70]
[1751,70] 1 [1752,73]
[1752,73] 1 [1753,75]
[1753,75] 1 [1754,79]
[1754,79] 1 [1755,81]
[1755,81] 1 [1756,84]
[1756,84] 1 [1757,87]
[1757,87] 1 [1758,90]
[1758,90] 1 [1759,92]
[1759,92] 1 [1760,95]
[1760,95] 1 [1761,99]
[1761,99] 1 [1762,102]
[1762,102] 1 [1763,106]
[1763,106] 1 [1764,110]
[1764,110] 1 [1765,114]
[1765,114] 1 [1766,118]
[1766,118] 1 [1767,122]
[1767,122] 1 [1768,124]
[1768,124] 1 [1769,128]
[1769,128] 1 [1770,132]
[1770,132] 1 [1771,135]
[1771,135] 1 [1772,137]
[1772,137] 1 [1773,141]
[1773,141] 1 [1774,143]
[1774,143] 1 [1775,145]
[1775,145] 1 [1776,147]
[1776,147] 1 [1777,149]
[1777,149] 1 [1778,152]
[1778,152] 1 [1779,156]
[1779,156] 1 [1780,158]
[1780,158] 1 [1781,161]
[1781,161] 1 [1782,164]
[1782,164] 1 [1783,168]
[1783,168] 1 [1784,171]
[1784,171] 1 [1785,173]
[1785,173] 1 [1786,177]
[1786,177] 1 [1787,6]
[1787,6] 1 [1788,6]
[1788,6] 1 [1789,6]
[1789,6] 1 [1790,6]
[1790,6] 1 [1791,6]
[1791,6] 1 [1792,6]
[1792,6] 1 [1793,6]
[1793,6] 1 [1794,6]
[1794,6] 1 [1795,6]
[1795,6] 1 [1796,10]
[1796,10] 0 [1797,10]
[1797,10] 1 [1798,13]
[1798,13] 2 [1799,11]
[1799,11] 1 [1800,13]
[1800,13] 1 [1801,17]
[1801,17] 2 [1802,15]
[1802,15] 2 [1803,11]
[1803,11] 1 [1804,13]
[1804,13] 1 [1805,15]
[1805,15] 2 [1806,12]
[1806,12] 2 [1807,8]
[1807,8] 1 [1808,9]
[1808,9] 1 [1809,11]
[1809,11] 2 [1810,7]
[1810,7] 1 [1811,9]
[1811,9] 1 [1812,12]
[1812,12] 1 [1813,15]
[1813,15] 1 [1814,17]
[1814,17] 1 [1815,21]
[1815,21] 1 [1816,23]
[1816,23] 2 [1817,19]
[1817,19] 2 [1818,15]
[1818,15] 1 [1819,17]
[1819,17] 1 [1820,21]
[1820,21] 1 [1821,25]
[1821,25] 1 [1822,28]
[1822,28] 1 [1823,32]
[1823,32] 1 [1824,35]
[1824,35] 1 [1825,38]
[1825,38] 1 [1826,40]
[1826,40] 1 [1827,42]
[1827,42] 2 [1828,40]
[1828,40] 2 [1829,36]
[1829,36] 1 [1830,38]
[1830,38] 1 [1831,40]
[1831,40] 1 [1832,44]
[1832,44] 1 [1833,47]
[1833,47] 1 [1834,50]
[1834,50] 1 [1835,53]
[1835,53] 1 [1836,56]
[1836,56] 1 [1837,59]
[1837,59] 1 [1838,61]
[1838,61] 1 [1839,64]
[1839,64] 1 [1840,67]
[1840,67] 1 [1841,70]
[1841,70] 1 [1842,74]
[1842,74] 1 [1843,76]
[1843,76] 1 [1844,80]
[1844,80] 1 [1845,82]
[1845,82] 1 [1846,86]
[1846,86] 1 [1847,89]
[1847,89] 1 [1848,92]
[1848,92] 1 [1849,94]
[1849,94] 1 [1850,96]
[1850,96] 1 [1851,98]
[1851,98] 1 [1852,100]
[1852,100] 1 [1853,103]
[1853,103] 1 [1854,105]
[1854,105] 1 [1855,108]
[1855,108] 1 [1856,112]
[1856,112] 1 [1857,115]
[1857,115] 1 [1858,119]
[1858,119] 2 [1859,115]
[1859,115] 2 [1860,112]
[1860,112] 2 [1861,108]
[1861,108] 1 [1862,111]
[1862,111] 1 [1863,113]
[1863,113] 1 [1864,116]
[1864,116] 1 [1865,118]
[1865,118] 1 [1866,120]
[1866,120] 1 [1867,124]
[1867,124] 1 [1868,126]
[1868,126] 1 [1869,129]
[1869,129] 1 [1870,131]
[1870,131] 1 [1871,135]
[1871,135] 1 [1872,138]
[1872,138] 1 [1873,140]
[1873,140] 1 [1874,143]
[1874,143] 1 [1875,145]
[1875,145] 1 [1876,149]
[1876,149] 1 [1877,151]
[1877,151] 1 [1878,153]
[1878,153] 1 [1879,157]
[1879,157] 1 [1880,160]
[1880,160] 1 [1881,164]
[1881,164] 1 [1882,166]
[1882,166] 1 [1883,169]
[1883,169] 1 [1884,171]
[1884,171] 1 [1885,175]
[1885,175] 1 [1886,6]
[1886,6] 1 [1887,6]
[1887,6] 1 [1888,6]
[1888,6] 1 [1889,6]
[1889,6] 1 [1890,6]
[1890,6] 1 [1891,6]
[1891,6] 1 [1892,6]
[1892,6] 1 [1893,6]
[1893,6] 1 [1894,6]
[1894,6] 1 [1895,6]
[1895,6] 1 [1896,9]
[1896,9] 1 [1897,12]
[1897,12] 1 [1898,16]
[1898,16] 1 [1899,20]
[1899,20] 1 [1900,22]
[1900,22] 1 [1901,24]
[1901,24] 1 [1902,27]
[1902,27] 1 [1903,30]
[1903,30] 1 [1904,34]
[1904,34] 1 [1905,36]
[1905,36] 1 [1906,39]
[1906,39] 1 [1907,42]
[1907,42] 1 [1908,45]
[1908,45] 1 [1909,48]
[1909,48] 1 [1910,50]
[1910,50] 1 [1911,53]
[1911,53] 1 [1912,55]
[1912,55] 1 [1913,58]
[1913,58] 1 [1914,60]
[1914,60] 1 [1915,64]
[1915,64] 1 [1916,67]
[1916,67] 1 [1917,69]
[1917,69] 1 [1918,73]
[1918,73] 1 [1919,77]
[1919,77] 1 [1920,80]
[1920,80] 1 [1921,84]
[1921,84] 1 [1922,88]
[1922,88] 1 [1923,91]
[1923,91] 1 [1924,93]
[1924,93] 1 [1925,96]
[1925,96] 1 [1926,99]
[1926,99] 1 [1927,101]
[1927,101] 1 [1928,103]
[1928,103] 1 [1929,107]
[1929,107] 1 [1930,109]
[1930,109] 1 [1931,112]
[1931,112] 1 [1932,114]
[1932,114] 1 [1933,117]
[1933,117] 1 [1934,119]
[1934,119] 1 [1935,123]
[1935,123] 1 [1936,126]
[1936,126] 1 [1937,129]
[1937,129] 1 [1938,133]
[1938,133] 1 [1939,135]
[1939,135] 1 [1940,139]
[1940,139] 1 [1941,142]
[1941,142] 1 [1942,146]
[1942,146] 1 [1943,150]
[1943,150] 1 [1944,152]
[1944,152] 1 [1945,155]
[1945,155] 1 [1946,159]
[1946,159] 1 [1947,162]
[1947,162] 1 [1948,165]
[1948,165] 1 [1949,167]
[1949,167] 1 [1950,170]
[1950,170] 1 [1951,173]
[1951,173] 1 [1952,177]
[1952,177] 1 [1953,6]
[1953,6] 1 [1954,6]
[1954,6] 1 [1955,6]
[1955,6] 1 [1956,6]
[1956,6] 1 [1957,6]
[1957,6] 1 [1958,6]
[1958,6] 1 [1959,6]
[1959,6] 1 [1960,6]
[1960,6] 1 [1961,7]
[1961,7] 1 [1962,9]
[1962,9] 1 [1963,12]
[1963,12] 1 [1964,16]
[1964,16] 2 [1965,16]
[1965,16] 1 [1966,20]
[1966,20] 2 [1967,19]
[1967,19] 2 [1968,15]
[1968,15] 1 [1969,18]
[1969,18] 1 [1970,21]
[1970,21] 1 [1971,25]
[1971,25] 1 [1972,28]
[1972,28] 1 [1973,32]
[1973,32] 1 [1974,35]
[1974,35] 1 [1975,37]
[1975,37] 1 [1976,40]
[1976,40] 1 [1977,44]
[1977,44] 1 [1978,46]
[1978,46] 1 [1979,50]
[1979,50] 1 [1980,54]
[1980,54] 1 [1981,56]
[1981,56] 2 [1982,54]
[1982,54] 2 [1983,51]
[1983,51] 2 [1984,47]
[1984,47] 1 [1985,49]
[1985,49] 1 [1986,52]
[1986,52] 1 [1987,54]
[1987,54] 1 [1988,56]
[1988,56] 1 [1989,59]
[1989,59] 1 [1990,61]
[1990,61] 1 [1991,64]
[1991,64] 1 [1992,68]
[1992,68] 1 [1993,70]
[1993,70] 1 [1994,74]
[1994,74] 1 [1995,76]
[1995,76] 1 [1996,80]
[1996,80] 1 [1997,82]
[1997,82] 1 [1998,84]
[1998,84] 1 [1999,87]
[1999,87] 1 [2000,91]
[2000,91] 1 [2001,94]
[2001,94] 1 [2002,97]
[2002,97] 1 [2003,100]
[2003,100] 1 [2004,104]
[2004,104] 1 [2005,106]
[2005,106] 1 [2006,110]
[2006,110] 1 [2007,113]
[2007,113] 1 [2008,115]
[2008,115] 1 [2009,119]
[2009,119] 1 [2010,121]
[2010,121] 1 [2011,123]
[2011,123] 1 [2012,127]
[2012,127] 1 [2013,129]
[2013,129] 1 [2014,133]
[2014,133] 1 [2015,137]
[2015,137] 1 [2016,140]
[2016,140] 1 [2017,144]
[2017,144] 1 [2018,146]
[2018,146] 1 [2019,150]
[2019,150] 1 [2020,154]
[2020,154] 1 [2021,157]
[2021,157] 1 [2022,160]
[2022,160] 1 [2023,163]
[2023,163] 1 [2024,166]
[2024,166] 1 [2025,170]
[2025,170] 1 [2026,172]
[2026,172] 1 [2027,174]
[2027,174] 1 [2028,177]
[2028,177] 1 [2029,6]
[2029,6] 1 [2030,6]
[2030,6] 1 [2031,6]
[2031,6] 1 [2032,6]
[2032,6] 1 [2033,6]
[2033,6] 1 [2034,6]
[2034,6] 1 [2035,6]
[2035,6] 1 [2036,6]
[2036,6] 0 [2037,6]
[2037,6] 1 [2038,9]
[2038,9] 1 [2039,11]
[2039,11] 2 [2040,11]
[2040,11] 2 [2041,8]
[2041,8] 1 [2042,10]
[2042,10] 1 [2043,12]
[2043,12] 1 [2044,14]
[2044,14] 1 [2045,16]
[2045,16] 2 [2046,13]
[2046,13] 1 [2047,15]
[2047,15] 2 [2048,11]
[2048,11] 1 [2049,13]
[2049,13] 2 [2050,10]
[2050,10] 1 [2051,12]
[2051,12] 1 [2052,14]
[2052,14] 1 [2053,17]
[2053,17] 1 [2054,19]
[2054,19] 1 [2055,22]
[2055,22] 1 [2056,26]
[2056,26] 1 [2057,28]
[2057,28] 1 [2058,31]
[2058,31] 1 [2059,35]
[2059,35] 1 [2060,37]
[2060,37] 1 [2061,40]
[2061,40] 1 [2062,43]
[2062,43] 1 [2063,45]
[2063,45] 1 [2064,48]
[2064,48] 1 [2065,51]
[2065,51] 1 [2066,55]
[2066,55] 1 [2067,57]
[2067,57] 1 [2068,61]
[2068,61] 1 [2069,63]
[2069,63] 1 [2070,65]
[2070,65] 1 [2071,68]
[2071,68] 1 [2072,72]
[2072,72] 1 [2073,75]
[2073,75] 1 [2074,77]
[2074,77] 1 [2075,79]
[2075,79] 1 [2076,82]
[2076,82] 1 [2077,84]
[2077,84] 1 [2078,88]
[2078,88] 1 [2079,92]
[2079,92] 1 [2080,95]
[2080,95] 1 [2081,99]
[2081,99] 1 [2082,101]
[2082,101] 1 [2083,105]
[2083,105] 1 [2084,109]
[2084,109] 1 [2085,112]
[2085,112] 1 [2086,116]
[2086,116] 1 [2087,118]
[2087,118] 1 [2088,122]
[2088,122] 1 [2089,126]
[2089,126] 1 [2090,129]
[2090,129] 1 [2091,131]
[2091,131] 1 [2092,133]
[2092,133] 1 [2093,135]
[2093,135] 1 [2094,137]
[2094,137] 1 [2095,140]
[2095,140] 1 [2096,143]
[2096,143] 1 [2097,146]
[2097,146] 1 [2098,149]
[2098,149] 1 [2099,151]
[2099,151] 1 [2100,155]
[2100,155] 1 [2101,159]
[2101,159] 1 [2102,161]
[2102,161] 1 [2103,163]
[2103,163] 1 [2104,166]
[2104,166] 1 [2105,170]
[2105,170] 1 [2106,172]
[2106,172] 1 [2107,174]
[2107,174] 1 [2108,177]
[2108,177] 1 [2109,6]
[2109,6] 1 [2110,6]
[2110,6] 1 [2111,6]
[2111,6] 1 [2112,6]
[2112,6] 1 [2113,6]
[2113,6] 1 [2114,6]
[2114,6] 1 [2115,6]
[2115,6] 1 [2116,6]
[2116,6] 1 [2117,6]
[2117,6] 1 [2118,8]
[2118,8] 1 [2119,10]
[2119,10] 1 [2120,12]
[2120,12] 1 [2121,16]
[2121,16] 0 [2122,16]
[2122,16] 0 [2123,16]
[2123,16] 2 [2124,13]
[2124,13] 1 [2125,15]
[2125,15] 2 [2126,12]
[2126,12] 2 [2127,8]
[2127,8] 1 [2128,10]
[2128,10] 1 [2129,12]
[2129,12] 2 [2130,10]
[2130,10] 1 [2131,12]
[2131,12] 1 [2132,15]
[2132,15] 1 [2133,17]
[2133,17] 1 [2134,19]
[2134,19] 2 [2135,15]
[2135,15] 2 [2136,11]
[2136,11] 1 [2137,13]
[2137,13] 1 [2138,15]
[2138,15] 1 [2139,17]
[2139,17] 1 [2140,19]
[2140,19] 1 [2141,23]
[2141,23] 1 [2142,26]
[2142,26] 1 [2143,28]
[2143,28] 1 [2144,32]
[2144,32] 1 [2145,35]
[2145,35] 1 [2146,38]
[2146,38] 1 [2147,41]
[2147,41] 1 [2148,44]
[2148,44] 1 [2149,47]
[2149,47] 1 [2150,49]
[2150,49] 1 [2151,53]
[2151,53] 1 [2152,57]
[2152,57] 1 [2153,60]
[2153,60] 1 [2154,64]
[2154,64] 1 [2155,66]
[2155,66] 1 [2156,68]
[2156,68] 1 [2157,70]
[2157,70] 1 [2158,72]
[2158,72] 1 [2159,75]
[2159,75] 1 [2160,78]
[2160,78] 1 [2161,80]
[2161,80] 1 [2162,82]
[2162,82] 1 [2163,85]
[2163,85] 1 [2164,89]
[2164,89] 1 [2165,91]
[2165,91] 1 [2166,93]
[2166,93] 1 [2167,96]
[2167,96] 1 [2168,100]
[2168,100] 1 [2169,103]
[2169,103] 1 [2170,106]
[2170,106] 1 [2171,108]
[2171,108] 1 [2172,110]
[2172,110] 1 [2173,112]
[2173,112] 1 [2174,114]
[2174,114] 1 [2175,116]
[2175,116] 1 [2176,119]
[2176,119] 1 [2177,122]
[2177,122] 1 [2178,124]
[2178,124] 1 [2179,128]
[2179,128] 1 [2180,130]
[2180,130] 1 [2181,133]
[2181,133] 1 [2182,137]
[2182,137] 1 [2183,140]
[2183,140] 1 [2184,142]
[2184,142] 1 [2185,145]
[2185,145] 1 [2186,149]
[2186,149] 1 [2187,152]
[2187,152] 1 [2188,155]
[2188,155] 1 [2189,157]
[2189,157] 1 [2190,159]
[2190,159] 1 [2191,161]
[2191,161] 1 [2192,165]
[2192,165] 1 [2193,168]
[2193,168] 1 [2194,171]
[2194,171] 1 [2195,175]
[2195,175] 1 [2196,6]
[2196,6] 1 [2197,6]
[2197,6] 1 [2198,6]
[2198,6] 1 [2199,6]
[2199,6] 1 [2200,6]
[2200,6] 1 [2201,6]
[2201,6] 1 [2202,6]
[2202,6] 1 [2203,6]
[2203,6] 1 [2204,6]
[2204,6] 1 [2205,6]
[2205,6] 1 [2206,7]
[2206,7] 2 [2207,6]
[2207,6] 1 [2208,9]
[2208,9] 1 [2209,11]
[2209,11] 1 [2210,14]
[2210,14] 1 [2211,17]
[2211,17] 2 [2212,13]
[2212,13] 1 [2213,11]
[2213,11] 2 [2214,8]
[2214,8] 1 [2215,8]
[2215,8] 1 [2216,12]
[2216,12] 2 [2217,8]
[2217,8] 1 [2218,9]
[2218,9] 2 [2219,6]
[2219,6] 1 [2220,10]
[2220,10] 1 [2221,12]
[2221,12] 2 [2222,8]
[2222,8] 0 [2223,7]
[2223,7] 0 [2224,7]
[2224,7] 1 [2225,9]
[2225,9] 1 [2226,11]
[2226,11] 2 [2227,9]
[2227,9] 1 [2228,11]
[2228,11] 0 [2229,11]
[2229,11] 2 [2230,8]
[2230,8] 1 [2231,10]
[2231,10] 1 [2232,12]
[2232,12] 1 [2233,15]
[2233,15] 1 [2234,19]
[2234,19] 1 [2235,23]
[2235,23] 1 [2236,25]
[2236,25] 1 [2237,27]
[2237,27] 1 [2238,31]
[2238,31] 1 [2239,35]
[2239,35] 1 [2240,38]
[2240,38] 1 [2241,40]
[2241,40] 1 [2242,43]
[2242,43] 1 [2243,46]
[2243,46] 1 [2244,50]
[2244,50] 1 [2245,54]
[2245,54] 1 [2246,57]
[2246,57] 1 [2247,60]
[2247,60] 1 [2248,64]
[2248,64] 1 [2249,68]
[2249,68] 1 [2250,72]
[2250,72] 1 [2251,75]
[2251,75] 1 [2252,77]
[2252,77] 1 [2253,79]
[2253,79] 1 [2254,83]
[2254,83] 1 [2255,85]
[2255,85] 1 [2256,88]
[2256,88] 1 [2257,92]
[2257,92] 1 [2258,95]
[2258,95] 1 [2259,97]
[2259,97] 1 [2260,100]
[2260,100] 1 [2261,104]
[2261,104] 1 [2262,106]
[2262,106] 1 [2263,108]
[2263,108] 1 [2264,110]
[2264,110] 1 [2265,113]
[2265,113] 1 [2266,116]
[2266,116] 1 [2267,118]
[2267,118] 1 [2268,121]
[2268,121] 1 [2269,123]
[2269,123] 1 [2270,126]
[2270,126] 1 [2271,128]
[2271,128] 1 [2272,130]
[2272,130] 1 [2273,134]
[2273,134] 1 [2274,138]
[2274,138] 1 [2275,140]
[2275,140] 1 [2276,144]
[2276,144] 1 [2277,146]
[2277,146] 1 [2278,149]
[2278,149] 1 [2279,152]
[2279,152] 1 [2280,154]
[2280,154] 1 [2281,157]
[2281,157] 1 [2282,161]
[2282,161] 1 [2283,164]
[2283,164] 1 [2284,167]
[2284,167] 1 [2285,171]
[2285,171] 1 [2286,174]
[2286,174] 1 [2287,176]
[2287,176] 1 [2288,6]
[2288,6] 1 [2289,6]
[2289,6] 1 [2290,6]
[2290,6] 1 [2291,6]
[2291,6] 1 [2292,6]
[2292,6] 1 [2293,6]
[2293,6] 1 [2294,6]
[2294,6] 1 [2295,6]
[2295,6] 1 [2296,6]
[2296,6] 1 [2297,6]
[2297,6] 1 [2298,6]
[2298,6] 1 [2299,7]
[2299,7] 1 [2300,10]
[2300,10] 1 [2301,12]
[2301,12] 1 [2302,15]
[2302,15] 1 [2303,17]
[2303,17] 1 [2304,19]
[2304,19] 0 [2305,19]
[2305,19] 1 [2306,21]
[2306,21] 1 [2307,24]
[2307,24] 1 [2308,26]
[2308,26] 1 [2309,28]
[2309,28] 1 [2310,30]
[2310,30] 1 [2311,34]
[2311,34] 1 [2312,38]
[2312,38] 1 [2313,40]
[2313,40] 1 [2314,43]
[2314,43] 1 [2315,47]
[2315,47] 1 [2316,49]
[2316,49] 1 [2317,53]
[2317,53] 1 [2318,56]
[2318,56] 1 [2319,59]
[2319,59] 1 [2320,62]
[2320,62] 1 [2321,64]
[2321,64] 1 [2322,67]
[2322,67] 1 [2323,69]
[2323,69] 1 [2324,73]
[2324,73] 1 [2325,76]
[2325,76] 1 [2326,80]
[2326,80] 1 [2327,84]
[2327,84] 1 [2328,86]
[2328,86] 1 [2329,89]
[2329,89] 1 [2330,93]
[2330,93] 1 [2331,96]
[2331,96] 1 [2332,100]
[2332,100] 1 [2333,102]
[2333,102] 1 [2334,105]
[2334,105] 1 [2335,109]
[2335,109] 1 [2336,111]
[2336,111] 1 [2337,115]
[2337,115] 1 [2338,118]
[2338,118] 1 [2339,121]
[2339,121] 1 [2340,124]
[2340,124] 1 [2341,128]
[2341,128] 1 [2342,131]
[2342,131] 1 [2343,135]
[2343,135] 1 [2344,138]
[2344,138] 1 [2345,142]
[2345,142] 1 [2346,145]
[2346,145] 1 [2347,149]
[2347,149] 1 [2348,153]
[2348,153] 1 [2349,155]
[2349,155] 1 [2350,157]
[2350,157] 1 [2351,161]
[2351,161] 1 [2352,165]
[2352,165] 1 [2353,167]
[2353,167] 1 [2354,170]
[2354,170] 1 [2355,173]
[2355,173] 1 [2356,177]
[2356,177] 1 [2357,6]
[2357,6] 1 [2358,6]
[2358,6] 1 [2359,6]
[2359,6] 1 [2360,6]
[2360,6] 1 [2361,6]
[2361,6] 1 [2362,6]
[2362,6] 1 [2363,6]
[2363,6] 1 [2364,6]
[2364,6] 1 [2365,7]
[2365,7] 0 [2366,7]
[2366,7] 1 [2367,9]
[2367,9] 1 [2368,11]
[2368,11] 1 [2369,13]
[2369,13] 2 [2370,11]
[2370,11] 2 [2371,7]
[2371,7] 0 [2372,6]
[2372,6] 1 [2373,8]
[2373,8] 1 [2374,10]
[2374,10] 1 [2375,13]
[2375,13] 1 [2376,16]
[2376,16] 2 [2377,12]
[2377,12] 1 [2378,14]
[2378,14] 1 [2379,17]
[2379,17] 1 [2380,20]
[2380,20] 1 [2381,22]
[2381,22] 1 [2382,26]
[2382,26] 1 [2383,30]
[2383,30] 1 [2384,34]
[2384,34] 1 [2385,36]
[2385,36] 1 [2386,38]
[2386,38] 1 [2387,42]
[2387,42] 1 [2388,46]
[2388,46] 1 [2389,48]
[2389,48] 1 [2390,52]
[2390,52] 1 [2391,54]
[2391,54] 1 [2392,56]
[2392,56] 1 [2393,60]
[2393,60] 1 [2394,62]
[2394,62] 1 [2395,64]
[2395,64] 1 [2396,66]
[2396,66] 1 [2397,69]
[2397,69] 1 [2398,71]
[2398,71] 1 [2399,75]
[2399,75] 1 [2400,78]
[2400,78] 1 [2401,82]
[2401,82] 1 [2402,84]
[2402,84] 1 [2403,86]
[2403,86] 1 [2404,88]
[2404,88] 1 [2405,92]
[2405,92] 1 [2406,96]
[2406,96] 1 [2407,100]
[2407,100] 1 [2408,103]
[2408,103] 1 [2409,106]
[2409,106] 1 [2410,109]
[2410,109] 1 [2411,111]
[2411,111] 1 [2412,115]
[2412,115] 1 [2413,117]
[2413,117] 1 [2414,121]
[2414,121] 1 [2415,124]
[2415,124] 1 [2416,126]
[2416,126] 1 [2417,128]
[2417,128] 1 [2418,131]
[2418,131] 1 [2419,135]
[2419,135] 1 [2420,139]
[2420,139] 1 [2421,143]
[2421,143] 1 [2422,147]
[2422,147] 1 [2423,150]
[2423,150] 1 [2424,153]
[2424,153] 1 [2425,156]
[2425,156] 1 [2426,158]
[2426,158] 1 [2427,160]
[2427,160] 1 [2428,164]
[2428,164] 1 [2429,166]
[2429,166] 1 [2430,169]
[2430,169] 1 [2431,173]
[2431,173] 1 [2432,177]
[2432,177] 1 [2433,6]
[2433,6] 1 [2434,6]
[2434,6] 1 [2435,6]
[2435,6] 1 [2436,6]
[2436,6] 1 [2437,6]
[2437,6] 1 [2438,6]
[2438,6] 1 [2439,6]
[2439,6] 1 [2440,6]
[2440,6] 1 [2441,6]
[2441,6] 1 [2442,6]
[2442,6] 1 [2443,7]
[2443,7] 1 [2444,10]
[2444,10] 1 [2445,14]
[2445,14] 0 [2446,15]
[2446,15] 2 [2447,13]
[2447,13] 1 [2448,17]
[2448,17] 1 [2449,19]
[2449,19] 2 [2450,16]
[2450,16] 2 [2451,12]
[2451,12] 1 [2452,12]
[2452,12] 2 [2453,9]
[2453,9] 1 [2454,11]
[2454,11] 1 [2455,13]
[2455,13] 1 [2456,17]
[2456,17] 1 [2457,21]
[2457,21] 1 [2458,25]
[2458,25] 2 [2459,21]
[2459,21] 2 [2460,17]
[2460,17] 2 [2461,13]
[2461,13] 1 [2462,15]
[2462,15] 1 [2463,19]
[2463,19] 2 [2464,15]
[2464,15] 2 [2465,11]
[2465,11] 1 [2466,13]
[2466,13] 1 [2467,16]
[2467,16] 2 [2468,13]
[2468,13] 1 [2469,13]
[2469,13] 1 [2470,16]
[2470,16] 1 [2471,20]
[2471,20] 1 [2472,23]
[2472,23] 1 [2473,25]
[2473,25] 1 [2474,27]
[2474,27] 1 [2475,30]
[2475,30] 1 [2476,34]
[2476,34] 1 [2477,38]
[2477,38] 1 [2478,40]
[2478,40] 1 [2479,43]
[2479,43] 1 [2480,45]
[2480,45] 1 [2481,49]
[2481,49] 1 [2482,52]
[2482,52] 1 [2483,55]
[2483,55] 1 [2484,59]
[2484,59] 1 [2485,63]
[2485,63] 1 [2486,67]
[2486,67] 1 [2487,70]
[2487,70] 1 [2488,74]
[2488,74] 1 [2489,77]
[2489,77] 1 [2490,81]
[2490,81] 1 [2491,85]
[2491,85] 1 [2492,89]
[2492,89] 1 [2493,93]
[2493,93] 1 [2494,97]
[2494,97] 1 [2495,99]
[2495,99] 1 [2496,103]
[2496,103] 1 [2497,105]
[2497,105] 1 [2498,107]
[2498,107] 1 [2499,109]
[2499,109] 1 [2500,113]
[2500,113] 1 [2501,116]
[2501,116] 2 [2502,113]
[2502,113] 1 [2503,113]
[2503,113] 1 [2504,115]
[2504,115] 2 [2505,112]
[2505,112] 1 [2506,114]
[2506,114] 1 [2507,118]
[2507,118] 1 [2508,122]
[2508,122] 1 [2509,125]
[2509,125] 1 [2510,129]
[2510,129] 1 [2511,132]
[2511,132] 1 [2512,134]
[2512,134] 1 [2513,136]
[2513,136] 1 [2514,138]
[2514,138] 1 [2515,141]
[2515,141] 1 [2516,145]
[2516,145] 1 [2517,148]
[2517,148] 1 [2518,151]
[2518,151] 1 [2519,153]
[2519,153] 1 [2520,155]
[2520,155] 1 [2521,157]
[2521,157] 1 [2522,160]
[2522,160] 1 [2523,164]
[2523,164] 1 [2524,166]
[2524,166] 1 [2525,168]
[2525,168] 1 [2526,171]
[2526,171] 1 [2527,175]
[2527,175] 1 [2528,177]
[2528,177] 1 [2529,6]
[2529,6] 1 [2530,6]
[2530,6] 1 [2531,6]
[2531,6] 1 [2532,6]
[2532,6] 1 [2533,6]
[2533,6] 1 [2534,6]
[2534,6] 1 [2535,6]
[2535,6] 1 [2536,6]
[2536,6] 1 [2537,6]
[2537,6] 1 [2538,6]
[2538,6] 1 [2539,10]
[2539,10] 0 [2540,10]
[2540,10] 0 [2541,10]
[2541,10] 2 [2542,9]
[2542,9] 2 [2543,6]
[2543,6] 1 [2544,8]
[2544,8] 1 [2545,12]
[2545,12] 1 [2546,15]
[2546,15] 2 [2547,11]
[2547,11] 1 [2548,13]
[2548,13] 1 [2549,16]
[2549,16] 2 [2550,13]
[2550,13] 2 [2551,9]
[2551,9] 2 [2552,6]
[2552,6] 1 [2553,8]
[2553,8] 1 [2554,11]
[2554,11] 1 [2555,13]
[2555,13] 1 [2556,16]
[2556,16] 2 [2557,12]
[2557,12] 1 [2558,15]
[2558,15] 1 [2559,17]
[2559,17] 1 [2560,20]
[2560,20] 1 [2561,22]
[2561,22] 1 [2562,24]
[2562,24] 1 [2563,28]
[2563,28] 1 [2564,31]
[2564,31] 1 [2565,35]
[2565,35] 1 [2566,38]
[2566,38] 1 [2567,41]
[2567,41] 1 [2568,45]
[2568,45] 1 [2569,48]
[2569,48] 1 [2570,51]
[2570,51] 1 [2571,54]
[2571,54] 1 [2572,56]
[2572,56] 1 [2573,60]
[2573,60] 1 [2574,62]
[2574,62] 1 [2575,65]
[2575,65] 1 [2576,68]
[2576,68] 1 [2577,72]
[2577,72] 1 [2578,75]
[2578,75] 1 [2579,78]
[2579,78] 1 [2580,82]
[2580,82] 1 [2581,85]
[2581,85] 1 [2582,88]
[2582,88] 1 [2583,90]
[2583,90] 1 [2584,93]
[2584,93] 1 [2585,96]
[2585,96] 1 [2586,98]
[2586,98] 1 [2587,100]
[2587,100] 1 [2588,102]
[2588,102] 2 [2589,101]
[2589,101] 2 [2590,99]
[2590,99] 2 [2591,96]
[2591,96] 1 [2592,98]
[2592,98] 1 [2593,101]
[2593,101] 1 [2594,105]
[2594,105] 1 [2595,108]
[2595,108] 1 [2596,110]
[2596,110] 1 [2597,112]
[2597,112] 1 [2598,115]
[2598,115] 1 [2599,119]
[2599,119] 1 [2600,123]
[2600,123] 1 [2601,127]
[2601,127] 1 [2602,130]
[2602,130] 1 [2603,132]
[2603,132] 1 [2604,135]
[2604,135] 1 [2605,138]
[2605,138] 1 [2606,141]
[2606,141] 1 [2607,145]
[2607,145] 1 [2608,149]
[2608,149] 1 [2609,153]
[2609,153] 1 [2610,157]
[2610,157] 1 [2611,159]
[2611,159] 1 [2612,162]
[2612,162] 1 [2613,165]
[2613,165] 1 [2614,169]
[2614,169] 1 [2615,173]
[2615,173] 1 [2616,176]
[2616,176] 1 [2617,6]
[2617,6] 1 [2618,6]
[2618,6] 1 [2619,6]
[2619,6] 1 [2620,6]
[2620,6] 1 [2621,6]
[2621,6] 1 [2622,6]
[2622,6] 1 [2623,6]
[2623,6] 1 [2624,6]
[2624,6] 1 [2625,6]
[2625,6] 1 [2626,6]
[2626,6] 1 [2627,9]
[2627,9] 1 [2628,12]
[2628,12] 1 [2629,15]
[2629,15] 1 [2630,17]
[2630,17] 1 [2631,21]
[2631,21] 0 [2632,22]
[2632,22] 2 [2633,20]
[2633,20] 2 [2634,16]
[2634,16] 1 [2635,18]
[2635,18] 1 [2636,21]
[2636,21] 1 [2637,24]
[2637,24] 1 [2638,26]
[2638,26] 2 [2639,22]
[2639,22] 1 [2640,24]
[2640,24] 1 [2641,26]
[2641,26] 1 [2642,30]
[2642,30] 1 [2643,34]
[2643,34] 1 [2644,37]
[2644,37] 1 [2645,39]
[2645,39] 1 [2646,43]
[2646,43] 1 [2647,45]
[2647,45] 1 [2648,48]
[2648,48] 1 [2649,50]
[2649,50] 1 [2650,53]
[2650,53] 1 [2651,55]
[2651,55] 1 [2652,58]
[2652,58] 1 [2653,61]
[2653,61] 1 [2654,63]
[2654,63] 1 [2655,66]
[2655,66] 1 [2656,70]
[2656,70] 1 [2657,74]
[2657,74] 1 [2658,76]
[2658,76] 1 [2659,78]
[2659,78] 1 [2660,80]
[2660,80] 1 [2661,83]
[2661,83] 1 [2662,86]
[2662,86] 1 [2663,88]
[2663,88] 1 [2664,91]
[2664,91] 1 [2665,95]
[2665,95] 1 [2666,99]
[2666,99] 1 [2667,103]
[2667,103] 1 [2668,105]
[2668,105] 1 [2669,109]
[2669,109] 1 [2670,111]
[2670,111] 1 [2671,114]
[2671,114] 1 [2672,118]
[2672,118] 1 [2673,120]
[2673,120] 1 [2674,122]
[2674,122] 1 [2675,125]
[2675,125] 1 [2676,128]
[2676,128] 1 [2677,131]
[2677,131] 1 [2678,134]
[2678,134] 1 [2679,136]
[2679,136] 1 [2680,138]
[2680,138] 1 [2681,140]
[2681,140] 1 [2682,142]
[2682,142] 1 [2683,145]
[2683,145] 1 [2684,149]
[2684,149] 1 [2685,153]
[2685,153] 1 [2686,155]
[2686,155] 1 [2687,159]
[2687,159] 1 [2688,163]
[2688,163] 1 [2689,165]
[2689,165] 1 [2690,169]
[2690,169] 1 [2691,173]
[2691,173] 1 [2692,175]
