[0,6] 1 [1,10]
[1,10] 1 [2,14]
[2,14] 1 [3,18]
[3,18] 1 [4,20]
[4,20] 1 [5,23]
[5,23] 1 [6,26]
[6,26] 1 [7,29]
[7,29] 1 [8,33]
[8,33] 1 [9,37]
[9,37] 1 [10,39]
[10,39] 1 [11,43]
[11,43] 1 [12,47]
[12,47] 1 [13,51]
[13,51] 1 [14,54]
[14,54] 1 [15,56]
[15,56] 1 [16,59]
[16,59] 1 [17,63]
[17,63] 1 [18,65]
[18,65] 1 [19,67]
[19,67] 1 [20,71]
[20,71] 1 [21,75]
[21,75] 1 [22,79]
[22,79] 1 [23,82]
[23,82] 1 [24,86]
[24,86] 1 [25,90]
[25,90] 1 [26,92]
[26,92] 1 [27,94]
[27,94] 1 [28,97]
[28,97] 1 [29,101]
[29,101] 1 [30,103]
[30,103] 1 [31,106]
[31,106] 1 [32,108]
[32,108] 1 [33,110]
[33,110] 1 [34,112]
[34,112] 1 [35,116]
[35,116] 1 [36,118]
[36,118] 1 [37,120]
[37,120] 1 [38,122]
[38,122] 1 [39,124]
[39,124] 1 [40,128]
[40,128] 1 [41,131]
[41,131] 1 [42,134]
[42,134] 1 [43,137]
[43,137] 1 [44,139]
[44,139] 1 [45,141]
[45,141] 1 [46,145]
[46,145] 1 [47,148]
[47,148] 1 [48,152]
[48,152] 1 [49,154]
[49,154] 1 [50,157]
[50,157] 1 [51,159]
[51,159] 1 [52,161]
[52,161] 1 [53,163]
[53,163] 1 [54,165]
[54,165] 1 [55,167]
[55,167] 1 [56,171]
[56,171] 1 [57,174]
[57,174] 1 [58,176]
[58,176] 1 [59,6]
[59,6] 1 [60,6]
[60,6] 1 [61,6]
[61,6] 1 [62,6]
[62,6] 1 [63,6]
[63,6] 1 [64,6]
[64,6] 1 [65,6]
[65,6] 1 [66,6]
[66,6] 1 [67,6]
[67,6] 1 [68,6]
[68,6] 1 [69,6]
[69,6] 0 [70,6]
[70,6] 1 [71,8]
[71,8] 2 [72,6]
[72,6] 1 [73,10]
[73,10] 1 [74,12]
[74,12] 1 [75,15]
[75,15] 2 [76,11]
[76,11] 0 [77,11]
[77,11] 2 [78,8]
[78,8] 2 [79,6]
[79,6] 1 [80,9]
[80,9] 0 [81,9]
[81,9] 2 [82,6]
[82,6] 1 [83,8]
[83,8] 1 [84,11]
[84,11] 2 [85,7]
[85,7] 1 [86,11]
[86,11] 2 [87,7]
[87,7] 1 [88,9]
[88,9] 1 [89,13]
[89,13] 1 [90,15]
[90,15] 1 [91,19]
[91,19] 1 [92,23]
[92,23] 1 [93,27]
[93,27] 1 [94,30]
[94,30] 1 [95,32]
[95,32] 1 [96,34]
[96,34] 1 [97,37]
[97,37] 1 [98,41]
[98,41] 1 [99,44]
[99,44] 1 [100,48]
[100,48] 1 [101,51]
[101,51] 1 [102,53]
[102,53] 1 [103,57]
[103,57] 1 [104,60]
[104,60] 1 [105,62]
[105,62] 1 [106,66]
[106,66] 1 [107,70]
[107,70] 1 [108,74]
[108,74] 1 [109,78]
[109,78] 1 [110,81]
[110,81] 1 [111,83]
[111,83] 1 [112,86]
[112,86] 1 [113,90]
[113,90] 1 [114,93]
[114,93] 1 [115,97]
[115,97] 1 [116,101]
[116,101] 1 [117,103]
[117,103] 1 [118,106]
[118,106] 1 [119,110]
[119,110] 1 [120,114]
[120,114] 1 [121,118]
[121,118] 1 [122,120]
[122,120] 1 [123,122]
[123,122] 1 [124,125]
[124,125] 1 [125,129]
[125,129] 1 [126,131]
[126,131] 1 [127,135]
[127,135] 1 [128,139]
[128,139] 1 [129,141]
[129,141] 1 [130,143]
[130,143] 1 [131,147]
[131,147] 1 [132,150]
[132,150] 1 [133,152]
[133,152] 1 [134,155]
[134,155] 1 [135,157]
[135,157] 1 [136,160]
[136,160] 1 [137,164]
[137,164] 1 [138,166]
[138,166] 1 [139,169]
[139,169] 1 [140,172]
[140,172] 1 [141,175]
[141,175] 1 [142,6]
[142,6] 1 [143,6]
[143,6] 1 [144,6]
[144,6] 1 [145,6]
[145,6] 1 [146,6]
[146,6] 1 [147,6]
[147,6] 1 [148,6]
[148,6] 1 [149,6]
[149,6] 1 [150,6]
[150,6] 1 [151,8]
[151,8] 1 [152,11]
[152,11] 1 [153,15]
[153,15] 1 [154,18]
[154,18] 1 [155,22]
[155,22] 1 [156,24]
[156,24] 0 [157,25]
[157,25] 1 [158,27]
[158,27] 1 [159,29]
[159,29] 1 [160,31]
[160,31] 1 [161,34]
[161,34] 1 [162,38]
[162,38] 1 [163,42]
[163,42] 1 [164,45]
[164,45] 1 [165,49]
[165,49] 1 [166,53]
[166,53] 1 [167,57]
[167,57] 1 [168,61]
[168,61] 1 [169,63]
[169,63] 1 [170,67]
[170,67] 1 [171,70]
[171,70] 1 [172,74]
[172,74] 1 [173,78]
[173,78] 1 [174,81]
[174,81] 1 [175,83]
[175,83] 1 [176,87]
[176,87] 1 [177,91]
[177,91] 1 [178,95]
[178,95] 1 [179,98]
[179,98] 1 [180,101]
[180,101] 1 [181,104]
[181,104] 1 [182,106]
[182,106] 1 [183,109]
[183,109] 1 [184,113]
[184,113] 1 [185,116]
[185,116] 1 [186,119]
[186,119] 1 [187,122]
[187,122] 1 [188,125]
[188,125] 1 [189,127]
[189,127] 1 [190,129]
[190,129] 1 [191,133]
[191,133] 1 [192,135]
[192,135] 1 [193,139]
[193,139] 1 [194,141]
[194,141] 1 [195,144]
[195,144] 1 [196,146]
[196,146] 1 [197,149]
[197,149] 1 [198,152]
[198,152] 1 [199,155]
[199,155] 1 [200,157]
[200,157] 1 [201,160]
[201,160] 1 [202,164]
[202,164] 1 [203,168]
[203,168] 1 [204,170]
[204,170] 1 [205,173]
[205,173] 1 [206,175]
[206,175] 1 [207,6]
[207,6] 1 [208,6]
[208,6] 1 [209,6]
[209,6] 1 [210,6]
[210,6] 1 [211,6]
[211,6] 1 [212,6]
[212,6] 1 [213,6]
[213,6] 1 [214,6]
[214,6] 1 [215,6]
[215,6] 1 [216,6]
[216,6] 1 [217,7]
[217,7] 0 [218,7]
[218,7] 1 [219,9]
[219,9] 1 [220,11]
[220,11] 0 [221,11]
[221,11] 1 [222,12]
[222,12] 1 [223,15]
[223,15] 2 [224,11]
[224,11] 1 [225,10]
[225,10] 1 [226,12]
[226,12] 1 [227,14]
[227,14] 2 [228,10]
[228,10] 1 [229,10]
[229,10] 1 [230,14]
[230,14] 2 [231,10]
[231,10] 1 [232,12]
[232,12] 2 [233,9]
[233,9] 1 [234,10]
[234,10] 1 [235,13]
[235,13] 1 [236,15]
[236,15] 1 [237,17]
[237,17] 1 [238,19]
[238,19] 1 [239,23]
[239,23] 1 [240,27]
[240,27] 2 [241,23]
[241,23] 1 [242,23]
[242,23] 1 [243,27]
[243,27] 1 [244,30]
[244,30] 1 [245,33]
[245,33] 1 [246,36]
[246,36] 1 [247,39]
[247,39] 1 [248,42]
[248,42] 1 [249,45]
[249,45] 1 [250,47]
[250,47] 1 [251,50]
[251,50] 1 [252,52]
[252,52] 1 [253,56]
[253,56] 1 [254,59]
[254,59] 1 [255,61]
[255,61] 1 [256,63]
[256,63] 1 [257,66]
[257,66] 1 [258,69]
[258,69] 1 [259,72]
[259,72] 1 [260,75]
[260,75] 1 [261,78]
[261,78] 1 [262,80]
[262,80] 1 [263,82]
[263,82] 1 [264,84]
[264,84] 1 [265,88]
[265,88] 1 [266,90]
[266,90] 1 [267,93]
[267,93] 1 [268,95]
[268,95] 1 [269,98]
[269,98] 1 [270,101]
[270,101] 1 [271,103]
[271,103] 1 [272,107]
[272,107] 1 [273,109]
[273,109] 1 [274,112]
[274,112] 1 [275,114]
[275,114] 1 [276,117]
[276,117] 1 [277,120]
[277,120] 1 [278,122]
[278,122] 1 [279,126]
[279,126] 1 [280,128]
[280,128] 1 [281,132]
[281,132] 1 [282,135]
[282,135] 1 [283,137]
[283,137] 1 [284,139]
[284,139] 1 [285,143]
[285,143] 1 [286,147]
[286,147] 1 [287,149]
[287,149] 1 [288,152]
[288,152] 1 [289,156]
[289,156] 1 [290,159]
[290,159] 1 [291,163]
[291,163] 1 [292,165]
[292,165] 1 [293,168]
[293,168] 1 [294,171]
[294,171] 1 [295,173]
[295,173] 1 [296,177]
[296,177] 1 [297,6]
[297,6] 1 [298,6]
[298,6] 1 [299,6]
[299,6] 1 [300,6]
[300,6] 1 [301,6]
[301,6] 1 [302,6]
[302,6] 1 [303,6]
[303,6] 1 [304,6]
[304,6] 1 [305,6]
[305,6] 1 [306,6]
[306,6] 1 [307,7]
[307,7] 1 [308,10]
[308,10] 1 [309,14]
[309,14] 0 [310,14]
[310,14] 0 [311,14]
[311,14] 2 [312,11]
[312,11] 2 [313,8]
[313,8] 1 [314,11]
[314,11] 2 [315,9]
[315,9] 1 [316,9]
[316,9] 1 [317,13]
[317,13] 2 [318,9]
[318,9] 1 [319,9]
[319,9] 1 [320,11]
[320,11] 1 [321,15]
[321,15] 2 [322,12]
[322,12] 1 [323,14]
[323,14] 1 [324,18]
[324,18] 1 [325,20]
[325,20] 1 [326,22]
[326,22] 1 [327,26]
[327,26] 1 [328,29]
[328,29] 1 [329,32]
[329,32] 1 [330,35]
[330,35] 1 [331,38]
[331,38] 1 [332,41]
[332,41] 1 [333,43]
[333,43] 1 [334,45]
[334,45] 1 [335,47]
[335,47] 1 [336,51]
[336,51] 1 [337,53]
[337,53] 1 [338,57]
[338,57] 1 [339,60]
[339,60] 1 [340,62]
[340,62] 1 [341,65]
[341,65] 1 [342,69]
[342,69] 1 [343,71]
[343,71] 1 [344,75]
[344,75] 1 [345,77]
[345,77] 1 [346,81]
[346,81] 1 [347,85]
[347,85] 1 [348,89]
[348,89] 1 [349,91]
[349,91] 1 [350,94]
[350,94] 1 [351,97]
[351,97] 1 [352,101]
[352,101] 1 [353,105]
[353,105] 1 [354,107]
[354,107] 1 [355,109]
[355,109] 1 [356,111]
[356,111] 1 [357,115]
[357,115] 1 [358,118]
[358,118] 2 [359,115]
[359,115] 2 [360,112]
[360,112] 1 [361,115]
[361,115] 1 [362,117]
[362,117] 1 [363,121]
[363,121] 1 [364,123]
[364,123] 1 [365,127]
[365,127] 2 [366,123]
[366,123] 1 [367,126]
[367,126] 1 [368,128]
[368,128] 1 [369,132]
[369,132] 1 [370,135]
[370,135] 1 [371,138]
[371,138] 1 [372,141]
[372,141] 1 [373,145]
[373,145] 1 [374,148]
[374,148] 1 [375,150]
[375,150] 1 [376,153]
[376,153] 1 [377,157]
[377,157] 1 [378,160]
[378,160] 1 [379,162]
[379,162] 1 [380,165]
[380,165] 1 [381,169]
[381,169] 1 [382,172]
[382,172] 1 [383,176]
[383,176] 1 [384,6]
[384,6] 1 [385,6]
[385,6] 1 [386,6]
[386,6] 1 [387,6]
[387,6] 1 [388,6]
[388,6] 1 [389,6]
[389,6] 1 [390,6]
[390,6] 1 [391,6]
[391,6] 1 [392,6]
[392,6] 1 [393,6]
[393,6] 1 [394,6]
[394,6] 1 [395,8]
[395,8] 2 [396,6]
[396,6] 1 [397,8]
[397,8] 1 [398,12]
[398,12] 2 [399,8]
[399,8] 1 [400,10]
[400,10] 1 [401,12]
[401,12] 1 [402,16]
[402,16] 2 [403,12]
[403,12] 1 [404,13]
[404,13] 1 [405,16]
[405,16] 1 [406,19]
[406,19] 1 [407,23]
[407,23] 2 [408,20]
[408,20] 2 [409,16]
[409,16] 2 [410,13]
[410,13] 2 [411,10]
[411,10] 1 [412,12]
[412,12] 1 [413,14]
[413,14] 1 [414,16]
[414,16] 1 [415,19]
[415,19] 1 [416,23]
[416,23] 1 [417,27]
[417,27] 1 [418,31]
[418,31] 1 [419,33]
[419,33] 1 [420,35]
[420,35] 1 [421,37]
[421,37] 1 [422,41]
[422,41] 1 [423,44]
[423,44] 1 [424,46]
[424,46] 1 [425,49]
[425,49] 1 [426,53]
[426,53] 1 [427,55]
[427,55] 1 [428,57]
[428,57] 1 [429,61]
[429,61] 1 [430,63]
[430,63] 1 [431,66]
[431,66] 1 [432,69]
[432,69] 1 [433,72]
[433,72] 1 [434,75]
[434,75] 1 [435,77]
[435,77] 1 [436,79]
[436,79] 1 [437,83]
[437,83] 1 [438,86]
[438,86] 1 [439,90]
[439,90] 1 [440,92]
[440,92] 1 [441,94]
[441,94] 1 [442,98]
[442,98] 1 [443,100]
[443,100] 1 [444,104]
[444,104] 1 [445,108]
[445,108] 2 [446,104]
[446,104] 1 [447,103]
[447,103] 1 [448,105]
[448,105] 1 [449,107]
[449,107] 1 [450,111]
[450,111] 1 [451,115]
[451,115] 1 [452,119]
[452,119] 1 [453,123]
[453,123] 1 [454,125]
[454,125] 1 [455,128]
[455,128] 1 [456,131]
[456,131] 1 [457,135]
[457,135] 1 [458,138]
[458,138] 1 [459,142]
[459,142] 1 [460,145]
[460,145] 1 [461,147]
[461,147] 1 [462,149]
[462,149] 1 [463,153]
[463,153] 1 [464,155]
[464,155] 1 [465,157]
[465,157] 1 [466,161]
[466,161] 1 [467,163]
[467,163] 1 [468,167]
[468,167] 1 [469,169]
[469,169] 1 [470,173]
[470,173] 1 [471,176]
[471,176] 1 [472,6]
[472,6] 1 [473,6]
[473,6] 1 [474,6]
[474,6] 1 [475,6]
[475,6] 1 [476,6]
[476,6] 1 [477,6]
[477,6] 1 [478,6]
[478,6] 1 [479,6]
[479,6] 1 [480,6]
[480,6] 1 [481,6]
[481,6] 1 [482,9]
[482,9] 2 [483,7]
[483,7] 1 [484,11]
[484,11] 2 [485,8]
[485,8] 2 [486,6]
[486,6] 1 [487,8]
[487,8] 1 [488,10]
[488,10] 1 [489,12]
[489,12] 2 [490,8]
[490,8] 1 [491,10]
[491,10] 1 [492,14]
[492,14] 1 [493,18]
[493,18] 1 [494,20]
[494,20] 1 [495,22]
[495,22] 1 [496,26]
[496,26] 1 [497,28]
[497,28] 1 [498,32]
[498,32] 1 [499,35]
[499,35] 1 [500,37]
[500,37] 1 [501,39]
[501,39] 1 [502,41]
[502,41] 1 [503,45]
[503,45] 1 [504,49]
[504,49] 1 [505,51]
[505,51] 1 [506,54]
[506,54] 1 [507,58]
[507,58] 1 [508,60]
[508,60] 1 [509,62]
[509,62] 1 [510,65]
[510,65] 1 [511,69]
[511,69] 1 [512,72]
[512,72] 1 [513,74]
[513,74] 1 [514,77]
[514,77] 1 [515,80]
[515,80] 1 [516,82]
[516,82] 1 [517,85]
[517,85] 1 [518,87]
[518,87] 1 [519,91]
[519,91] 1 [520,94]
[520,94] 0 [521,94]
[521,94] 1 [522,98]
[522,98] 1 [523,102]
[523,102] 1 [524,104]
[524,104] 1 [525,106]
[525,106] 1 [526,109]
[526,109] 1 [527,113]
[527,113] 1 [528,117]
[528,117] 1 [529,121]
[529,121] 1 [530,123]
[530,123] 1 [531,127]
[531,127] 1 [532,130]
[532,130] 1 [533,132]
[533,132] 1 [534,134]
[534,134] 1 [535,138]
[535,138] 1 [536,140]
[536,140] 1 [537,144]
[537,144] 1 [538,148]
[538,148] 1 [539,151]
[539,151] 1 [540,153]
[540,153] 1 [541,155]
[541,155] 1 [542,158]
[542,158] 1 [543,162]
[543,162] 1 [544,166]
[544,166] 1 [545,170]
[545,170] 1 [546,172]
[546,172] 1 [547,175]
[547,175] 1 [548,6]
[548,6] 1 [549,6]
[549,6] 1 [550,6]
[550,6] 1 [551,6]
[551,6] 1 [552,6]
[552,6] 1 [553,6]
[553,6] 1 [554,6]
[554,6] 1 [555,6]
[555,6] 1 [556,6]
[556,6] 1 [557,6]
[557,6] 1 [558,6]
[558,6] 1 [559,6]
[559,6] 1 [560,10]
[560,10] 1 [561,14]
[561,14] 1 [562,18]
[562,18] 0 [563,18]
[563,18] 1 [564,22]
[564,22] 1 [565,26]
[565,26] 1 [566,29]
[566,29] 1 [567,32]
[567,32] 1 [568,35]
[568,35] 2 [569,33]
[569,33] 1 [570,37]
[570,37] 1 [571,41]
[571,41] 1 [572,43]
[572,43] 1 [573,46]
[573,46] 1 [574,49]
[574,49] 1 [575,52]
[575,52] 1 [576,54]
[576,54] 1 [577,57]
[577,57] 1 [578,60]
[578,60] 1 [579,62]
[579,62] 1 [580,64]
[580,64] 1 [581,67]
[581,67] 1 [582,71]
[582,71] 1 [583,73]
[583,73] 1 [584,77]
[584,77] 1 [585,79]
[585,79] 1 [586,83]
[586,83] 1 [587,87]
[587,87] 1 [588,90]
[588,90] 1 [589,93]
[589,93] 1 [590,96]
[590,96] 1 [591,98]
[591,98] 1 [592,102]
[592,102] 1 [593,104]
[593,104] 1 [594,108]
[594,108] 1 [595,110]
[595,110] 1 [596,113]
[596,113] 1 [597,116]
[597,116] 1 [598,118]
[598,118] 1 [599,121]
[599,121] 1 [600,123]
[600,123] 1 [601,125]
[601,125] 1 [602,128]
[602,128] 1 [603,131]
[603,131] 1 [604,134]
[604,134] 1 [605,137]
[605,137] 1 [606,140]
[606,140] 1 [607,144]
[607,144] 1 [608,148]
[608,148] 1 [609,151]
[609,151] 1 [610,155]
[610,155] 1 [611,158]
[611,158] 1 [612,162]
[612,162] 1 [613,164]
[613,164] 1 [614,168]
[614,168] 1 [615,171]
[615,171] 1 [616,175]
[616,175] 1 [617,6]
[617,6] 1 [618,6]
[618,6] 1 [619,6]
[619,6] 1 [620,6]
[620,6] 1 [621,6]
[621,6] 1 [622,6]
[622,6] 1 [623,6]
[623,6] 1 [624,6]
[624,6] 1 [625,6]
[625,6] 1 [626,6]
[626,6] 1 [627,6]
[627,6] 1 [628,6]
[628,6] 0 [629,7]
[629,7] 0 [630,7]
[630,7] 1 [631,11]
[631,11] 2 [632,7]
[632,7] 1 [633,10]
[633,10] 1 [634,12]
[634,12] 1 [635,16]
[635,16] 2 [636,12]
[636,12] 1 [637,14]
[637,14] 1 [638,18]
[638,18] 1 [639,20]
[639,20] 1 [640,24]
[640,24] 1 [641,27]
[641,27] 1 [642,31]
[642,31] 1 [643,33]
[643,33] 1 [644,37]
[644,37] 1 [645,39]
[645,39] 1 [646,41]
[646,41] 1 [647,44]
[647,44] 1 [648,48]
[648,48] 1 [649,51]
[649,51] 1 [650,53]
[650,53] 1 [651,57]
[651,57] 1 [652,61]
[652,61] 1 [653,65]
[653,65] 1 [654,69]
[654,69] 1 [655,72]
[655,72] 1 [656,74]
[656,74] 1 [657,78]
[657,78] 1 [658,82]
[658,82] 1 [659,85]
[659,85] 1 [660,88]
[660,88] 1 [661,91]
[661,91] 1 [662,94]
[662,94] 1 [663,98]
[663,98] 1 [664,101]
[664,101] 1 [665,103]
[665,103] 1 [666,107]
[666,107] 1 [667,109]
[667,109] 1 [668,112]
[668,112] 1 [669,114]
[669,114] 1 [670,116]
[670,116] 1 [671,118]
[671,118] 1 [672,122]
[672,122] 1 [673,124]
[673,124] 1 [674,128]
[674,128] 1 [675,132]
[675,132] 1 [676,134]
[676,134] 1 [677,137]
[677,137] 1 [678,140]
[678,140] 1 [679,142]
[679,142] 1 [680,146]
[680,146] 1 [681,149]
[681,149] 1 [682,153]
[682,153] 1 [683,156]
[683,156] 1 [684,160]
[684,160] 1 [685,162]
[685,162] 1 [686,165]
[686,165] 1 [687,168]
[687,168] 1 [688,172]
[688,172] 1 [689,176]
[689,176] 1 [690,6]
[690,6] 1 [691,6]
[691,6] 1 [692,6]
[692,6] 1 [693,6]
[693,6] 1 [694,6]
[694,6] 1 [695,6]
[695,6] 1 [696,6]
[696,6] 1 [697,6]
[697,6] 1 [698,6]
[698,6] 1 [699,6]
[699,6] 1 [700,7]
[700,7] 1 [701,11]
[701,11] 1 [702,13]
[702,13] 1 [703,15]
[703,15] 0 [704,16]
[704,16] 2 [705,13]
[705,13] 1 [706,15]
[706,15] 1 [707,17]
[707,17] 1 [708,21]
[708,21] 1 [709,23]
[709,23] 1 [710,25]
[710,25] 1 [711,29]
[711,29] 1 [712,31]
[712,31] 1 [713,35]
[713,35] 1 [714,37]
[714,37] 1 [715,40]
[715,40] 1 [716,44]
[716,44] 1 [717,48]
[717,48] 1 [718,50]
[718,50] 1 [719,53]
[719,53] 1 [720,55]
[720,55] 1 [721,59]
[721,59] 1 [722,63]
[722,63] 1 [723,66]
[723,66] 1 [724,68]
[724,68] 1 [725,71]
[725,71] 1 [726,73]
[726,73] 1 [727,77]
[727,77] 1 [728,79]
[728,79] 1 [729,83]
[729,83] 1 [730,86]
[730,86] 1 [731,88]
[731,88] 1 [732,91]
[732,91] 1 [733,94]
[733,94] 1 [734,97]
[734,97] 1 [735,99]
[735,99] 1 [736,101]
[736,101] 1 [737,105]
[737,105] 1 [738,108]
[738,108] 1 [739,110]
[739,110] 1 [740,112]
[740,112] 1 [741,114]
[741,114] 1 [742,116]
[742,116] 1 [743,119]
[743,119] 1 [744,121]
[744,121] 1 [745,125]
[745,125] 1 [746,128]
[746,128] 1 [747,130]
[747,130] 1 [748,134]
[748,134] 1 [749,138]
[749,138] 1 [750,142]
[750,142] 1 [751,144]
[751,144] 1 [752,148]
[752,148] 1 [753,150]
[753,150] 1 [754,154]
[754,154] 1 [755,156]
[755,156] 1 [756,158]
[756,158] 1 [757,161]
[757,161] 1 [758,164]
[758,164] 1 [759,167]
[759,167] 1 [760,170]
[760,170] 1 [761,173]
[761,173] 1 [762,176]
[762,176] 1 [763,6]
[763,6] 1 [764,6]
[764,6] 1 [765,6]
[765,6] 1 [766,6]
[766,6] 1 [767,6]
[767,6] 1 [768,6]
[768,6] 1 [769,6]
[769,6] 1 [770,6]
[770,6] 1 [771,6]
[771,6] 1 [772,6]
[772,6] 1 [773,8]
[773,8] 1 [774,12]
[774,12] 1 [775,14]
[775,14] 1 [776,18]
[776,18] 1 [777,21]
[777,21] 1 [778,23]
[778,23] 1 [779,27]
[779,27] 1 [780,30]
[780,30] 1 [781,34]
[781,34] 1 [782,38]
[782,38] 1 [783,40]
[783,40] 1 [784,43]
[784,43] 1 [785,45]
[785,45] 1 [786,47]
[786,47] 1 [787,50]
[787,50] 1 [788,54]
[788,54] 1 [789,58]
[789,58] 1 [790,62]
[790,62] 1 [791,65]
[791,65] 1 [792,67]
[792,67] 1 [793,70]
[793,70] 1 [794,72]
[794,72] 1 [795,74]
[795,74] 1 [796,78]
[796,78] 1 [797,81]
[797,81] 1 [798,83]
[798,83] 1 [799,85]
[799,85] 1 [800,89]
[800,89] 1 [801,91]
[801,91] 1 [802,93]
[802,93] 1 [803,95]
[803,95] 1 [804,98]
[804,98] 1 [805,101]
[805,101] 1 [806,104]
[806,104] 1 [807,108]
[807,108] 1 [808,112]
[808,112] 1 [809,115]
[809,115] 1 [810,118]
[810,118] 1 [811,120]
[811,120] 1 [812,122]
[812,122] 1 [813,124]
[813,124] 1 [814,128]
[814,128] 1 [815,132]
[815,132] 1 [816,134]
[816,134] 1 [817,136]
[817,136] 1 [818,140]
[818,140] 1 [819,142]
[819,142] 1 [820,144]
[820,144] 1 [821,147]
[821,147] 1 [822,151]
[822,151] 1 [823,153]
[823,153] 1 [824,157]
[824,157] 1 [825,161]
[825,161] 1 [826,163]
[826,163] 1 [827,165]
[827,165] 1 [828,168]
[828,168] 1 [829,170]
[829,170] 1 [830,173]
[830,173] 1 [831,176]
[831,176] 1 [832,6]
[832,6] 1 [833,6]
[833,6] 1 [834,6]
[834,6] 1 [835,6]
[835,6] 1 [836,6]
[836,6] 1 [837,6]
[837,6] 1 [838,6]
[838,6] 1 [839,6]
[839,6] 1 [840,6]
[840,6] 1 [841,6]
[841,6] 1 [842,7]
[842,7] 0 [843,7]
[843,7] 2 [844,6]
[844,6] 1 [845,9]
[845,9] 1 [846,11]
[846,11] 2 [847,8]
[847,8] 1 [848,11]
[848,11] 2 [849,8]
[849,8] 1 [850,10]
[850,10] 1 [851,14]
[851,14] 1 [852,16]
[852,16] 1 [853,19]
[853,19] 2 [854,15]
[854,15] 1 [855,17]
[855,17] 1 [856,20]
[856,20] 1 [857,23]
[857,23] 1 [858,26]
[858,26] 1 [859,28]
[859,28] 1 [860,30]
[860,30] 1 [861,32]
[861,32] 1 [862,35]
[862,35] 1 [863,37]
[863,37] 1 [864,40]
[864,40] 1 [865,44]
[865,44] 1 [866,46]
[866,46] 1 [867,49]
[867,49] 1 [868,51]
[868,51] 1 [869,54]
[869,54] 1 [870,57]
[870,57] 1 [871,59]
[871,59] 1 [872,62]
[872,62] 1 [873,66]
[873,66] 1 [874,70]
[874,70] 1 [875,72]
[875,72] 1 [876,76]
[876,76] 1 [877,78]
[877,78] 1 [878,81]
[878,81] 1 [879,85]
[879,85] 1 [880,88]
[880,88] 1 [881,91]
[881,91] 1 [882,95]
[882,95] 1 [883,98]
[883,98] 1 [884,101]
[884,101] 1 [885,104]
[885,104] 1 [886,108]
[886,108] 1 [887,110]
[887,110] 1 [888,113]
[888,113] 1 [889,117]
[889,117] 1 [890,120]
[890,120] 1 [891,122]
[891,122] 1 [892,124]
[892,124] 1 [893,126]
[893,126] 1 [894,128]
[894,128] 1 [895,132]
[895,132] 1 [896,136]
[896,136] 1 [897,139]
[897,139] 1 [898,143]
[898,143] 1 [899,146]
[899,146] 1 [900,148]
[900,148] 1 [901,152]
[901,152] 1 [902,155]
[902,155] 1 [903,159]
[903,159] 1 [904,161]
[904,161] 1 [905,164]
[905,164] 1 [906,166]
[906,166] 1 [907,168]
[907,168] 1 [908,172]
[908,172] 1 [909,175]
[909,175] 1 [910,6]
[910,6] 1 [911,6]
[911,6] 1 [912,6]
[912,6] 1 [913,6]
[913,6] 1 [914,6]
[914,6] 1 [915,6]
[915,6] 1 [916,6]
[916,6] 1 [917,6]
[917,6] 1 [918,6]
[918,6] 1 [919,7]
[919,7] 1 [920,10]
[920,10] 0 [921,11]
[921,11] 1 [922,13]
[922,13] 1 [923,15]
[923,15] 2 [924,12]
[924,12] 1 [925,15]
[925,15] 1 [926,17]
[926,17] 1 [927,21]
[927,21] 1 [928,24]
[928,24] 1 [929,28]
[929,28] 1 [930,30]
[930,30] 1 [931,32]
[931,32] 1 [932,34]
[932,34] 1 [933,38]
[933,38] 1 [934,40]
[934,40] 1 [935,43]
[935,43] 1 [936,46]
[936,46] 1 [937,50]
[937,50] 1 [938,54]
[938,54] 1 [939,56]
[939,56] 1 [940,59]
[940,59] 1 [941,63]
[941,63] 1 [942,66]
[942,66] 1 [943,70]
[943,70] 1 [944,72]
[944,72] 1 [945,74]
[945,74] 1 [946,77]
[946,77] 1 [947,80]
[947,80] 1 [948,82]
[948,82] 1 [949,86]
[949,86] 1 [950,90]
[950,90] 1 [951,93]
[951,93] 1 [952,96]
[952,96] 1 [953,99]
[953,99] 1 [954,103]
[954,103] 1 [955,107]
[955,107] 1 [956,110]
[956,110] 1 [957,114]
[957,114] 1 [958,117]
[958,117] 1 [959,121]
[959,121] 1 [960,124]
[960,124] 1 [961,126]
[961,126] 1 [962,128]
[962,128] 1 [963,132]
[963,132] 1 [964,134]
[964,134] 1 [965,136]
[965,136] 1 [966,140]
[966,140] 1 [967,142]
[967,142] 1 [968,145]
[968,145] 1 [969,149]
[969,149] 1 [970,153]
[970,153] 1 [971,157]
[971,157] 1 [972,160]
[972,160] 1 [973,163]
[973,163] 1 [974,167]
[974,167] 1 [975,171]
[975,171] 1 [976,174]
[976,174] 1 [977,177]
[977,177] 1 [978,6]
[978,6] 1 [979,6]
[979,6] 1 [980,6]
[980,6] 1 [981,6]
[981,6] 1 [982,6]
[982,6] 1 [983,6]
[983,6] 1 [984,6]
[984,6] 1 [985,6]
[985,6] 1 [986,6]
[986,6] 1 [987,6]
[987,6] 0 [988,6]
[988,6] 1 [989,10]
[989,10] 1 [990,12]
[990,12] 0 [991,13]
[991,13] 2 [992,10]
[992,10] 1 [993,12]
[993,12] 1 [994,14]
[994,14] 1 [995,16]
[995,16] 2 [996,12]
[996,12] 2 [997,8]
[997,8] 1 [998,10]
[998,10] 1 [999,14]
[999,14] 2 [1000,10]
[1000,10] 1 [1001,10]
[1001,10] 1 [1002,13]
[1002,13] 2 [1003,12]
[1003,12] 2 [1004,9]
[1004,9] 1 [1005,11]
[1005,11] 2 [1006,9]
[1006,9] 1 [1007,11]
[1007,11] 1 [1008,14]
[1008,14] 1 [1009,18]
[1009,18] 1 [1010,22]
[1010,22] 1 [1011,24]
[1011,24] 2 [1012,20]
[1012,20] 2 [1013,16]
[1013,16] 1 [1014,16]
[1014,16] 1 [1015,20]
[1015,20] 1 [1016,24]
[1016,24] 1 [1017,27]
[1017,27] 1 [1018,30]
[1018,30] 1 [1019,33]
[1019,33] 1 [1020,37]
[1020,37] 1 [1021,39]
[1021,39] 1 [1022,43]
[1022,43] 1 [1023,45]
[1023,45] 1 [1024,47]
[1024,47] 1 [1025,49]
[1025,49] 1 [1026,53]
[1026,53] 1 [1027,55]
[1027,55] 1 [1028,59]
[1028,59] 1 [1029,63]
[1029,63] 1 [1030,67]
[1030,67] 1 [1031,71]
[1031,71] 1 [1032,73]
[1032,73] 1 [1033,76]
[1033,76] 1 [1034,79]
[1034,79] 1 [1035,82]
[1035,82] 1 [1036,85]
[1036,85] 1 [1037,88]
[1037,88] 1 [1038,92]
[1038,92] 1 [1039,95]
[1039,95] 1 [1040,98]
[1040,98] 1 [1041,101]
[1041,101] 1 [1042,104]
[1042,104] 1 [1043,108]
[1043,108] 1 [1044,111]
[1044,111] 1 [1045,113]
[1045,113] 1 [1046,116]
[1046,116] 1 [1047,118]
[1047,118] 1 [1048,120]
[1048,120] 1 [1049,124]
[1049,124] 1 [1050,126]
[1050,126] 1 [1051,129]
[1051,129] 1 [1052,133]
[1052,133] 1 [1053,136]
[1053,136] 1 [1054,140]
[1054,140] 1 [1055,143]
[1055,143] 1 [1056,146]
[1056,146] 1 [1057,149]
[1057,149] 1 [1058,153]
[1058,153] 1 [1059,155]
[1059,155] 1 [1060,159]
[1060,159] 1 [1061,161]
[1061,161] 1 [1062,163]
[1062,163] 1 [1063,166]
[1063,166] 1 [1064,170]
[1064,170] 1 [1065,172]
[1065,172] 1 [1066,176]
[1066,176] 1 [1067,6]
[1067,6] 1 [1068,6]
[1068,6] 1 [1069,6]
[1069,6] 1 [1070,6]
[1070,6] 1 [1071,6]
[1071,6] 1 [1072,6]
[1072,6] 1 [1073,6]
[1073,6] 1 [1074,6]
[1074,6] 1 [1075,6]
[1075,6] 1 [1076,6]
[1076,6] 1 [1077,9]
[1077,9] 1 [1078,13]
[1078,13] 2 [1079,9]
[1079,9] 1 [1080,12]
[1080,12] 1 [1081,16]
[1081,16] 2 [1082,12]
[1082,12] 2 [1083,9]
[1083,9] 1 [1084,6]
[1084,6] 1 [1085,9]
[1085,9] 1 [1086,11]
[1086,11] 1 [1087,13]
[1087,13] 1 [1088,16]
[1088,16] 1 [1089,19]
[1089,19] 1 [1090,23]
[1090,23] 1 [1091,26]
[1091,26] 1 [1092,28]
[1092,28] 1 [1093,31]
[1093,31] 1 [1094,35]
[1094,35] 1 [1095,38]
[1095,38] 1 [1096,41]
[1096,41] 1 [1097,45]
[1097,45] 1 [1098,48]
[1098,48] 1 [1099,50]
[1099,50] 1 [1100,53]
[1100,53] 1 [1101,57]
[1101,57] 1 [1102,59]
[1102,59] 1 [1103,61]
[1103,61] 1 [1104,64]
[1104,64] 1 [1105,66]
[1105,66] 1 [1106,68]
[1106,68] 1 [1107,71]
[1107,71] 1 [1108,74]
[1108,74] 1 [1109,76]
[1109,76] 1 [1110,78]
[1110,78] 1 [1111,82]
[1111,82] 1 [1112,84]
[1112,84] 1 [1113,86]
[1113,86] 1 [1114,88]
[1114,88] 1 [1115,91]
[1115,91] 1 [1116,95]
[1116,95] 1 [1117,99]
[1117,99] 1 [1118,102]
[1118,102] 1 [1119,106]
[1119,106] 1 [1120,108]
[1120,108] 1 [1121,111]
[1121,111] 1 [1122,115]
[1122,115] 1 [1123,117]
[1123,117] 1 [1124,120]
[1124,120] 1 [1125,124]
[1125,124] 1 [1126,128]
[1126,128] 1 [1127,132]
[1127,132] 1 [1128,134]
[1128,134] 1 [1129,136]
[1129,136] 1 [1130,140]
[1130,140] 1 [1131,142]
[1131,142] 1 [1132,144]
[1132,144] 1 [1133,146]
[1133,146] 1 [1134,148]
[1134,148] 1 [1135,152]
[1135,152] 1 [1136,156]
[1136,156] 1 [1137,159]
[1137,159] 1 [1138,161]
[1138,161] 1 [1139,165]
[1139,165] 1 [1140,168]
[1140,168] 1 [1141,170]
[1141,170] 1 [1142,173]
[1142,173] 1 [1143,176]
[1143,176] 1 [1144,6]
[1144,6] 1 [1145,6]
[1145,6] 1 [1146,6]
[1146,6] 1 [1147,6]
[1147,6] 1 [1148,6]
[1148,6] 1 [1149,6]
[1149,6] 1 [1150,6]
[1150,6] 1 [1151,6]
[1151,6] 1 [1152,6]
[1152,6] 1 [1153,7]
[1153,7] 1 [1154,9]
[1154,9] 2 [1155,6]
[1155,6] 1 [1156,9]
[1156,9] 1 [1157,11]
[1157,11] 1 [1158,14]
[1158,14] 1 [1159,16]
[1159,16] 2 [1160,13]
[1160,13] 2 [1161,10]
[1161,10] 1 [1162,12]
[1162,12] 1 [1163,15]
[1163,15] 2 [1164,11]
[1164,11] 2 [1165,7]
[1165,7] 1 [1166,9]
[1166,9] 2 [1167,6]
[1167,6] 1 [1168,8]
[1168,8] 1 [1169,10]
[1169,10] 1 [1170,14]
[1170,14] 2 [1171,10]
[1171,10] 1 [1172,12]
[1172,12] 1 [1173,14]
[1173,14] 1 [1174,16]
[1174,16] 2 [1175,13]
[1175,13] 1 [1176,15]
[1176,15] 2 [1177,11]
[1177,11] 1 [1178,13]
[1178,13] 1 [1179,17]
[1179,17] 2 [1180,13]
[1180,13] 1 [1181,15]
[1181,15] 1 [1182,18]
[1182,18] 1 [1183,20]
[1183,20] 1 [1184,24]
[1184,24] 1 [1185,26]
[1185,26] 1 [1186,28]
[1186,28] 1 [1187,31]
[1187,31] 1 [1188,33]
[1188,33] 1 [1189,35]
[1189,35] 1 [1190,37]
[1190,37] 1 [1191,39]
[1191,39] 1 [1192,41]
[1192,41] 1 [1193,43]
[1193,43] 1 [1194,45]
[1194,45] 1 [1195,48]
[1195,48] 1 [1196,50]
[1196,50] 1 [1197,52]
[1197,52] 1 [1198,55]
[1198,55] 1 [1199,58]
[1199,58] 1 [1200,62]
[1200,62] 1 [1201,66]
[1201,66] 1 [1202,69]
[1202,69] 1 [1203,72]
[1203,72] 1 [1204,74]
[1204,74] 1 [1205,77]
[1205,77] 1 [1206,80]
[1206,80] 1 [1207,82]
[1207,82] 1 [1208,84]
[1208,84] 1 [1209,86]
[1209,86] 1 [1210,89]
[1210,89] 1 [1211,91]
[1211,91] 1 [1212,93]
[1212,93] 1 [1213,96]
[1213,96] 1 [1214,100]
[1214,100] 1 [1215,102]
[1215,102] 1 [1216,105]
[1216,105] 1 [1217,107]
[1217,107] 1 [1218,111]
[1218,111] 1 [1219,114]
[1219,114] 1 [1220,117]
[1220,117] 1 [1221,119]
[1221,119] 1 [1222,123]
[1222,123] 2 [1223,119]
[1223,119] 2 [1224,116]
[1224,116] 1 [1225,119]
[1225,119] 2 [1226,115]
[1226,115] 1 [1227,117]
[1227,117] 1 [1228,119]
[1228,119] 1 [1229,122]
[1229,122] 1 [1230,125]
[1230,125] 1 [1231,128]
[1231,128] 1 [1232,131]
[1232,131] 1 [1233,133]
[1233,133] 1 [1234,137]
[1234,137] 1 [1235,141]
[1235,141] 1 [1236,145]
[1236,145] 1 [1237,148]
[1237,148] 1 [1238,151]
[1238,151] 1 [1239,155]
[1239,155] 1 [1240,157]
[1240,157] 1 [1241,161]
[1241,161] 1 [1242,163]
[1242,163] 1 [1243,166]
[1243,166] 1 [1244,170]
[1244,170] 1 [1245,174]
[1245,174] 1 [1246,176]
[1246,176] 1 [1247,6]
[1247,6] 1 [1248,6]
[1248,6] 1 [1249,6]
[1249,6] 1 [1250,6]
[1250,6] 1 [1251,6]
[1251,6] 1 [1252,6]
[1252,6] 1 [1253,6]
[1253,6] 1 [1254,6]
[1254,6] 1 [1255,6]
[1255,6] 1 [1256,8]
[1256,8] 1 [1257,10]
[1257,10] 1 [1258,13]
[1258,13] 1 [1259,17]
[1259,17] 1 [1260,19]
[1260,19] 1 [1261,22]
[1261,22] 1 [1262,24]
[1262,24] 1 [1263,27]
[1263,27] 1 [1264,31]
[1264,31] 1 [1265,35]
[1265,35] 1 [1266,39]
[1266,39] 1 [1267,43]
[1267,43] 1 [1268,46]
[1268,46] 1 [1269,50]
[1269,50] 1 [1270,52]
[1270,52] 1 [1271,55]
[1271,55] 1 [1272,58]
[1272,58] 1 [1273,62]
[1273,62] 1 [1274,64]
[1274,64] 1 [1275,68]
[1275,68] 1 [1276,70]
[1276,70] 1 [1277,73]
[1277,73] 1 [1278,75]
[1278,75] 1 [1279,77]
[1279,77] 1 [1280,81]
[1280,81] 1 [1281,84]
[1281,84] 1 [1282,86]
[1282,86] 1 [1283,89]
[1283,89] 1 [1284,92]
[1284,92] 1 [1285,95]
[1285,95] 1 [1286,98]
[1286,98] 1 [1287,100]
[1287,100] 1 [1288,102]
[1288,102] 1 [1289,106]
[1289,106] 1 [1290,109]
[1290,109] 1 [1291,113]
[1291,113] 1 [1292,116]
[1292,116] 1 [1293,118]
[1293,118] 1 [1294,122]
[1294,122] 1 [1295,124]
[1295,124] 1 [1296,127]
[1296,127] 1 [1297,129]
[1297,129] 1 [1298,132]
[1298,132] 1 [1299,136]
[1299,136] 1 [1300,140]
[1300,140] 1 [1301,142]
[1301,142] 1 [1302,145]
[1302,145] 1 [1303,149]
[1303,149] 1 [1304,152]
[1304,152] 1 [1305,155]
[1305,155] 1 [1306,157]
[1306,157] 1 [1307,159]
[1307,159] 1 [1308,163]
[1308,163] 1 [1309,165]
[1309,165] 1 [1310,167]
[1310,167] 1 [1311,169]
[1311,169] 1 [1312,172]
[1312,172] 1 [1313,174]
[1313,174] 1 [1314,176]
[1314,176] 1 [1315,6]
[1315,6] 1 [1316,6]
[1316,6] 1 [1317,6]
[1317,6] 1 [1318,6]
[1318,6] 1 [1319,6]
[1319,6] 1 [1320,6]
[1320,6] 1 [1321,6]
[1321,6] 1 [1322,6]
[1322,6] 1 [1323,6]
[1323,6] 1 [1324,6]
[1324,6] 1 [1325,6]
[1325,6] 1 [1326,7]
[1326,7] 1 [1327,11]
[1327,11] 0 [1328,11]
[1328,11] 0 [1329,11]
[1329,11] 1 [1330,12]
[1330,12] 1 [1331,14]
[1331,14] 1 [1332,18]
[1332,18] 1 [1333,21]
[1333,21] 1 [1334,24]
[1334,24] 1 [1335,27]
[1335,27] 1 [1336,30]
[1336,30] 1 [1337,32]
[1337,32] 1 [1338,36]
[1338,36] 2 [1339,32]
[1339,32] 1 [1340,34]
[1340,34] 1 [1341,38]
[1341,38] 1 [1342,41]
[1342,41] 1 [1343,45]
[1343,45] 1 [1344,48]
[1344,48] 1 [1345,52]
[1345,52] 2 [1346,51]
[1346,51] 2 [1347,47]
[1347,47] 1 [1348,50]
[1348,50] 1 [1349,52]
[1349,52] 1 [1350,55]
[1350,55] 1 [1351,58]
[1351,58] 1 [1352,62]
[1352,62] 1 [1353,64]
[1353,64] 1 [1354,67]
[1354,67] 1 [1355,71]
[1355,71] 1 [1356,73]
[1356,73] 1 [1357,77]
[1357,77] 2 [1358,73]
[1358,73] 1 [1359,75]
[1359,75] 1 [1360,79]
[1360,79] 1 [1361,83]
[1361,83] 1 [1362,86]
[1362,86] 1 [1363,88]
[1363,88] 1 [1364,90]
[1364,90] 1 [1365,92]
[1365,92] 1 [1366,96]
[1366,96] 1 [1367,100]
[1367,100] 1 [1368,104]
[1368,104] 1 [1369,108]
[1369,108] 1 [1370,112]
[1370,112] 1 [1371,115]
[1371,115] 1 [1372,118]
[1372,118] 1 [1373,120]
[1373,120] 1 [1374,122]
[1374,122] 1 [1375,124]
[1375,124] 1 [1376,126]
[1376,126] 1 [1377,130]
[1377,130] 1 [1378,133]
[1378,133] 1 [1379,135]
[1379,135] 1 [1380,137]
[1380,137] 1 [1381,141]
[1381,141] 1 [1382,145]
[1382,145] 1 [1383,148]
[1383,148] 1 [1384,151]
[1384,151] 1 [1385,155]
[1385,155] 1 [1386,159]
[1386,159] 1 [1387,161]
[1387,161] 1 [1388,163]
[1388,163] 1 [1389,165]
[1389,165] 1 [1390,168]
[1390,168] 1 [1391,170]
[1391,170] 1 [1392,174]
[1392,174] 1 [1393,177]
[1393,177] 1 [1394,6]
[1394,6] 1 [1395,6]
[1395,6] 1 [1396,6]
[1396,6] 1 [1397,6]
[1397,6] 1 [1398,6]
[1398,6] 1 [1399,6]
[1399,6] 1 [1400,6]
[1400,6] 1 [1401,6]
[1401,6] 1 [1402,6]
[1402,6] 1 [1403,6]
[1403,6] 1 [1404,8]
[1404,8] 1 [1405,12]
[1405,12] 2 [1406,8]
[1406,8] 1 [1407,11]
[1407,11] 1 [1408,15]
[1408,15] 2 [1409,13]
[1409,13] 2 [1410,9]
[1410,9] 1 [1411,7]
[1411,7] 1 [1412,9]
[1412,9] 1 [1413,13]
[1413,13] 2 [1414,9]
[1414,9] 1 [1415,11]
[1415,11] 2 [1416,7]
[1416,7] 1 [1417,9]
[1417,9] 2 [1418,9]
[1418,9] 0 [1419,9]
[1419,9] 2 [1420,7]
[1420,7] 1 [1421,9]
[1421,9] 2 [1422,7]
[1422,7] 0 [1423,6]
[1423,6] 1 [1424,10]
[1424,10] 1 [1425,13]
[1425,13] 2 [1426,9]
[1426,9] 1 [1427,13]
[1427,13] 0 [1428,14]
[1428,14] 1 [1429,15]
[1429,15] 1 [1430,19]
[1430,19] 1 [1431,22]
[1431,22] 1 [1432,26]
[1432,26] 1 [1433,28]
[1433,28] 1 [1434,31]
[1434,31] 1 [1435,34]
[1435,34] 1 [1436,36]
[1436,36] 1 [1437,40]
[1437,40] 1 [1438,42]
[1438,42] 1 [1439,46]
[1439,46] 1 [1440,48]
[1440,48] 1 [1441,52]
[1441,52] 1 [1442,54]
[1442,54] 1 [1443,58]
[1443,58] 1 [1444,62]
[1444,62] 1 [1445,64]
[1445,64] 1 [1446,67]
[1446,67] 1 [1447,71]
[1447,71] 1 [1448,75]
[1448,75] 1 [1449,77]
[1449,77] 1 [1450,80]
[1450,80] 1 [1451,84]
[1451,84] 1 [1452,86]
[1452,86] 1 [1453,90]
[1453,90] 1 [1454,94]
[1454,94] 1 [1455,98]
[1455,98] 1 [1456,102]
[1456,102] 1 [1457,104]
[1457,104] 1 [1458,107]
[1458,107] 1 [1459,110]
[1459,110] 1 [1460,113]
[1460,113] 1 [1461,117]
[1461,117] 1 [1462,119]
[1462,119] 1 [1463,123]
[1463,123] 1 [1464,127]
[1464,127] 1 [1465,129]
[1465,129] 1 [1466,132]
[1466,132] 1 [1467,135]
[1467,135] 1 [1468,137]
[1468,137] 1 [1469,139]
[1469,139] 1 [1470,143]
[1470,143] 1 [1471,147]
[1471,147] 1 [1472,150]
[1472,150] 1 [1473,152]
[1473,152] 1 [1474,155]
[1474,155] 1 [1475,159]
[1475,159] 1 [1476,163]
[1476,163] 1 [1477,166]
[1477,166] 1 [1478,169]
[1478,169] 1 [1479,172]
[1479,172] 1 [1480,174]
[1480,174] 1 [1481,177]
[1481,177] 1 [1482,6]
[1482,6] 1 [1483,6]
[1483,6] 1 [1484,6]
[1484,6] 1 [1485,6]
[1485,6] 1 [1486,6]
[1486,6] 1 [1487,6]
[1487,6] 1 [1488,6]
[1488,6] 1 [1489,6]
[1489,6] 1 [1490,6]
[1490,6] 1 [1491,6]
[1491,6] 1 [1492,6]
[1492,6] 1 [1493,7]
[1493,7] 0 [1494,7]
[1494,7] 1 [1495,9]
[1495,9] 1 [1496,13]
[1496,13] 1 [1497,15]
[1497,15] 1 [1498,19]
[1498,19] 1 [1499,23]
[1499,23] 1 [1500,25]
[1500,25] 1 [1501,29]
[1501,29] 1 [1502,32]
[1502,32] 1 [1503,35]
[1503,35] 1 [1504,39]
[1504,39] 1 [1505,43]
[1505,43] 1 [1506,46]
[1506,46] 1 [1507,50]
[1507,50] 1 [1508,54]
[1508,54] 1 [1509,56]
[1509,56] 1 [1510,60]
[1510,60] 1 [1511,62]
[1511,62] 1 [1512,64]
[1512,64] 1 [1513,66]
[1513,66] 1 [1514,68]
[1514,68] 1 [1515,72]
[1515,72] 1 [1516,75]
[1516,75] 1 [1517,78]
[1517,78] 1 [1518,80]
[1518,80] 1 [1519,83]
[1519,83] 1 [1520,86]
[1520,86] 1 [1521,90]
[1521,90] 1 [1522,94]
[1522,94] 1 [1523,98]
[1523,98] 1 [1524,102]
[1524,102] 1 [1525,106]
[1525,106] 1 [1526,108]
[1526,108] 1 [1527,112]
[1527,112] 1 [1528,114]
[1528,114] 1 [1529,116]
[1529,116] 1 [1530,120]
[1530,120] 1 [1531,124]
[1531,124] 1 [1532,127]
[1532,127] 1 [1533,129]
[1533,129] 1 [1534,133]
[1534,133] 1 [1535,136]
[1535,136] 1 [1536,140]
[1536,140] 1 [1537,143]
[1537,143] 1 [1538,146]
[1538,146] 1 [1539,149]
[1539,149] 1 [1540,151]
[1540,151] 1 [1541,154]
[1541,154] 1 [1542,158]
[1542,158] 1 [1543,161]
[1543,161] 1 [1544,164]
[1544,164] 1 [1545,166]
[1545,166] 1 [1546,168]
[1546,168] 1 [1547,171]
[1547,171] 1 [1548,174]
[1548,174] 1 [1549,176]
[1549,176] 1 [1550,6]
[1550,6] 1 [1551,6]
[1551,6] 1 [1552,6]
[1552,6] 1 [1553,6]
[1553,6] 1 [1554,6]
[1554,6] 1 [1555,6]
[1555,6] 1 [1556,6]
[1556,6] 1 [1557,6]
[1557,6] 1 [1558,6]
[1558,6] 1 [1559,6]
[1559,6] 1 [1560,10]
[1560,10] 1 [1561,13]
[1561,13] 1 [1562,15]
[1562,15] 0 [1563,17]
[1563,17] 1 [1564,20]
[1564,20] 0 [1565,20]
[1565,20] 2 [1566,16]
[1566,16] 1 [1567,19]
[1567,19] 1 [1568,22]
[1568,22] 1 [1569,24]
[1569,24] 1 [1570,27]
[1570,27] 1 [1571,31]
[1571,31] 1 [1572,33]
[1572,33] 1 [1573,36]
[1573,36] 1 [1574,40]
[1574,40] 1 [1575,44]
[1575,44] 1 [1576,47]
[1576,47] 1 [1577,49]
[1577,49] 1 [1578,53]
[1578,53] 1 [1579,55]
[1579,55] 1 [1580,57]
[1580,57] 1 [1581,61]
[1581,61] 1 [1582,64]
[1582,64] 1 [1583,66]
[1583,66] 1 [1584,70]
[1584,70] 1 [1585,73]
[1585,73] 1 [1586,75]
[1586,75] 1 [1587,77]
[1587,77] 1 [1588,81]
[1588,81] 1 [1589,83]
[1589,83] 1 [1590,87]
[1590,87] 1 [1591,89]
[1591,89] 1 [1592,92]
[1592,92] 1 [1593,94]
[1593,94] 1 [1594,96]
[1594,96] 1 [1595,99]
[1595,99] 1 [1596,102]
[1596,102] 1 [1597,104]
[1597,104] 1 [1598,107]
[1598,107] 1 [1599,111]
[1599,111] 1 [1600,115]
[1600,115] 1 [1601,118]
[1601,118] 1 [1602,122]
[1602,122] 1 [1603,124]
[1603,124] 1 [1604,127]
[1604,127] 1 [1605,130]
[1605,130] 1 [1606,132]
[1606,132] 1 [1607,134]
[1607,134] 1 [1608,138]
[1608,138] 1 [1609,140]
[1609,140] 1 [1610,142]
[1610,142] 1 [1611,146]
[1611,146] 1 [1612,150]
[1612,150] 1 [1613,154]
[1613,154] 1 [1614,157]
[1614,157] 1 [1615,159]
[1615,159] 1 [1616,161]
[1616,161] 1 [1617,163]
[1617,163] 1 [1618,167]
[1618,167] 1 [1619,171]
[1619,171] 1 [1620,175]
[1620,175] 1 [1621,6]
[1621,6] 1 [1622,6]
[1622,6] 1 [1623,6]
[1623,6] 1 [1624,6]
[1624,6] 1 [1625,6]
[1625,6] 1 [1626,6]
[1626,6] 1 [1627,6]
[1627,6] 1 [1628,6]
[1628,6] 1 [1629,6]
[1629,6] 1 [1630,6]
[1630,6] 1 [1631,9]
[1631,9] 0 [1632,10]
[1632,10] 2 [1633,6]
[1633,6] 1 [1634,10]
[1634,10] 1 [1635,14]
[1635,14] 2 [1636,10]
[1636,10] 2 [1637,7]
[1637,7] 1 [1638,7]
[1638,7] 1 [1639,10]
[1639,10] 1 [1640,13]
[1640,13] 2 [1641,9]
[1641,9] 1 [1642,11]
[1642,11] 2 [1643,7]
[1643,7] 1 [1644,10]
[1644,10] 1 [1645,13]
[1645,13] 1 [1646,15]
[1646,15] 2 [1647,12]
[1647,12] 1 [1648,10]
[1648,10] 2 [1649,6]
[1649,6] 1 [1650,8]
[1650,8] 1 [1651,11]
[1651,11] 2 [1652,9]
[1652,9] 1 [1653,11]
[1653,11] 1 [1654,13]
[1654,13] 1 [1655,17]
[1655,17] 1 [1656,19]
[1656,19] 1 [1657,23]
[1657,23] 1 [1658,27]
[1658,27] 1 [1659,31]
[1659,31] 1 [1660,35]
[1660,35] 1 [1661,39]
[1661,39] 1 [1662,41]
[1662,41] 1 [1663,43]
[1663,43] 1 [1664,45]
[1664,45] 1 [1665,47]
[1665,47] 1 [1666,51]
[1666,51] 1 [1667,55]
[1667,55] 1 [1668,57]
[1668,57] 1 [1669,61]
[1669,61] 1 [1670,63]
[1670,63] 1 [1671,65]
[1671,65] 1 [1672,68]
[1672,68] 1 [1673,72]
[1673,72] 1 [1674,75]
[1674,75] 1 [1675,79]
[1675,79] 1 [1676,81]
[1676,81] 1 [1677,84]
[1677,84] 1 [1678,87]
[1678,87] 1 [1679,91]
[1679,91] 1 [1680,93]
[1680,93] 1 [1681,97]
[1681,97] 1 [1682,99]
[1682,99] 1 [1683,101]
[1683,101] 1 [1684,103]
[1684,103] 1 [1685,106]
[1685,106] 1 [1686,109]
[1686,109] 1 [1687,113]
[1687,113] 1 [1688,115]
[1688,115] 1 [1689,118]
[1689,118] 1 [1690,120]
[1690,120] 1 [1691,122]
[1691,122] 1 [1692,124]
[1692,124] 1 [1693,126]
[1693,126] 1 [1694,128]
[1694,128] 1 [1695,132]
[1695,132] 1 [1696,135]
[1696,135] 1 [1697,138]
[1697,138] 1 [1698,141]
[1698,141] 1 [1699,145]
[1699,145] 1 [1700,149]
[1700,149] 1 [1701,153]
[1701,153] 1 [1702,156]
[1702,156] 1 [1703,159]
[1703,159] 1 [1704,163]
[1704,163] 1 [1705,167]
[1705,167] 1 [1706,169]
[1706,169] 1 [1707,172]
[1707,172] 1 [1708,174]
[1708,174] 1 [1709,177]
[1709,177] 1 [1710,6]
[1710,6] 1 [1711,6]
[1711,6] 1 [1712,6]
[1712,6] 1 [1713,6]
[1713,6] 1 [1714,6]
[1714,6] 1 [1715,6]
[1715,6] 1 [1716,6]
[1716,6] 1 [1717,6]
[1717,6] 1 [1718,6]
[1718,6] 1 [1719,8]
[1719,8] 2 [1720,9]
[1720,9] 2 [1721,6]
[1721,6] 1 [1722,8]
[1722,8] 1 [1723,10]
[1723,10] 1 [1724,12]
[1724,12] 2 [1725,8]
[1725,8] 1 [1726,12]
[1726,12] 2 [1727,9]
[1727,9] 1 [1728,6]
[1728,6] 1 [1729,9]
[1729,9] 1 [1730,13]
[1730,13] 1 [1731,16]
[1731,16] 1 [1732,18]
[1732,18] 1 [1733,20]
[1733,20] 1 [1734,24]
[1734,24] 1 [1735,26]
[1735,26] 1 [1736,29]
[1736,29] 1 [1737,32]
[1737,32] 1 [1738,36]
[1738,36] 1 [1739,40]
[1739,40] 1 [1740,44]
[1740,44] 1 [1741,48]
[1741,48] 1 [1742,51]
[1742,51] 1 [1743,53]
[1743,53] 1 [1744,56]
[1744,56] 1 [1745,60]
[1745,60] 1 [1746,62]
[1746,62] 1 [1747,66]
[1747,66] 1 [1748,70]
[1748,70] 1 [1749,73]
[1749,73] 1 [1750,75]
[1750,75] 1 [1751,79]
[1751,79] 1 [1752,83]
[1752,83] 1 [1753,87]
[1753,87] 1 [1754,91]
[1754,91] 1 [1755,95]
[1755,95] 1 [1756,97]
[1756,97] 1 [1757,101]
[1757,101] 1 [1758,105]
[1758,105] 1 [1759,108]
[1759,108] 1 [1760,112]
[1760,112] 1 [1761,116]
[1761,116] 1 [1762,118]
[1762,118] 1 [1763,120]
[1763,120] 1 [1764,122]
[1764,122] 1 [1765,124]
[1765,124] 1 [1766,127]
[1766,127] 1 [1767,131]
[1767,131] 1 [1768,133]
[1768,133] 1 [1769,135]
[1769,135] 1 [1770,138]
[1770,138] 1 [1771,142]
[1771,142] 1 [1772,144]
[1772,144] 1 [1773,147]
[1773,147] 1 [1774,149]
[1774,149] 1 [1775,152]
[1775,152] 1 [1776,155]
[1776,155] 1 [1777,158]
[1777,158] 1 [1778,160]
[1778,160] 1 [1779,162]
[1779,162] 1 [1780,165]
[1780,165] 1 [1781,167]
[1781,167] 1 [1782,171]
[1782,171] 1 [1783,173]
[1783,173] 1 [1784,175]
[1784,175] 1 [1785,6]
[1785,6] 1 [1786,6]
[1786,6] 1 [1787,6]
[1787,6] 1 [1788,6]
[1788,6] 1 [1789,6]
[1789,6] 1 [1790,6]
[1790,6] 1 [1791,6]
[1791,6] 1 [1792,6]
[1792,6] 1 [1793,6]
[1793,6] 1 [1794,6]
[1794,6] 0 [1795,6]
[1795,6] 1 [1796,10]
[1796,10] 1 [1797,12]
[1797,12] 2 [1798,8]
[1798,8] 1 [1799,12]
[1799,12] 1 [1800,16]
[1800,16] 1 [1801,20]
[1801,20] 2 [1802,16]
[1802,16] 2 [1803,12]
[1803,12] 1 [1804,14]
[1804,14] 1 [1805,17]
[1805,17] 1 [1806,20]
[1806,20] 2 [1807,16]
[1807,16] 2 [1808,13]
[1808,13] 1 [1809,13]
[1809,13] 2 [1810,10]
[1810,10] 1 [1811,12]
[1811,12] 1 [1812,15]
[1812,15] 2 [1813,11]
[1813,11] 1 [1814,12]
[1814,12] 1 [1815,15]
[1815,15] 2 [1816,12]
[1816,12] 2 [1817,9]
[1817,9] 1 [1818,9]
[1818,9] 1 [1819,11]
[1819,11] 1 [1820,15]
[1820,15] 1 [1821,19]
[1821,19] 1 [1822,22]
[1822,22] 1 [1823,24]
[1823,24] 1 [1824,26]
[1824,26] 1 [1825,29]
[1825,29] 1 [1826,33]
[1826,33] 1 [1827,36]
[1827,36] 1 [1828,38]
[1828,38] 1 [1829,41]
[1829,41] 1 [1830,45]
[1830,45] 1 [1831,49]
[1831,49] 1 [1832,51]
[1832,51] 1 [1833,54]
[1833,54] 1 [1834,58]
[1834,58] 1 [1835,62]
[1835,62] 1 [1836,65]
[1836,65] 1 [1837,68]
[1837,68] 1 [1838,72]
[1838,72] 1 [1839,76]
[1839,76] 1 [1840,79]
[1840,79] 1 [1841,81]
[1841,81] 1 [1842,84]
[1842,84] 1 [1843,86]
[1843,86] 1 [1844,89]
[1844,89] 1 [1845,91]
[1845,91] 1 [1846,93]
[1846,93] 1 [1847,97]
[1847,97] 1 [1848,99]
[1848,99] 1 [1849,103]
[1849,103] 1 [1850,106]
[1850,106] 1 [1851,110]
[1851,110] 1 [1852,112]
[1852,112] 1 [1853,114]
[1853,114] 1 [1854,116]
[1854,116] 2 [1855,116]
[1855,116] 2 [1856,114]
[1856,114] 2 [1857,112]
[1857,112] 2 [1858,110]
[1858,110] 1 [1859,112]
[1859,112] 1 [1860,114]
[1860,114] 1 [1861,118]
[1861,118] 1 [1862,122]
[1862,122] 1 [1863,126]
[1863,126] 1 [1864,129]
[1864,129] 1 [1865,132]
[1865,132] 1 [1866,134]
[1866,134] 1 [1867,137]
[1867,137] 1 [1868,140]
[1868,140] 1 [1869,142]
[1869,142] 1 [1870,145]
[1870,145] 1 [1871,149]
[1871,149] 1 [1872,151]
[1872,151] 1 [1873,154]
[1873,154] 1 [1874,158]
[1874,158] 1 [1875,162]
[1875,162] 1 [1876,165]
[1876,165] 1 [1877,167]
[1877,167] 1 [1878,170]
[1878,170] 1 [1879,173]
[1879,173] 1 [1880,176]
[1880,176] 1 [1881,6]
[1881,6] 1 [1882,6]
[1882,6] 1 [1883,6]
[1883,6] 1 [1884,6]
[1884,6] 1 [1885,6]
[1885,6] 1 [1886,6]
[1886,6] 1 [1887,6]
[1887,6] 1 [1888,6]
[1888,6] 1 [1889,6]
[1889,6] 1 [1890,6]
[1890,6] 1 [1891,8]
[1891,8] 1 [1892,12]
[1892,12] 1 [1893,14]
[1893,14] 1 [1894,16]
[1894,16] 1 [1895,20]
[1895,20] 1 [1896,24]
[1896,24] 1 [1897,28]
[1897,28] 1 [1898,31]
[1898,31] 1 [1899,35]
[1899,35] 1 [1900,38]
[1900,38] 1 [1901,40]
[1901,40] 1 [1902,43]
[1902,43] 1 [1903,46]
[1903,46] 1 [1904,48]
[1904,48] 1 [1905,50]
[1905,50] 1 [1906,52]
[1906,52] 1 [1907,56]
[1907,56] 1 [1908,59]
[1908,59] 1 [1909,61]
[1909,61] 1 [1910,64]
[1910,64] 1 [1911,67]
[1911,67] 1 [1912,71]
[1912,71] 1 [1913,74]
[1913,74] 1 [1914,78]
[1914,78] 1 [1915,82]
[1915,82] 1 [1916,86]
[1916,86] 1 [1917,89]
[1917,89] 1 [1918,92]
[1918,92] 1 [1919,95]
[1919,95] 1 [1920,99]
[1920,99] 1 [1921,103]
[1921,103] 1 [1922,105]
[1922,105] 1 [1923,108]
[1923,108] 1 [1924,111]
[1924,111] 1 [1925,114]
[1925,114] 1 [1926,116]
[1926,116] 1 [1927,119]
[1927,119] 1 [1928,123]
[1928,123] 1 [1929,125]
[1929,125] 1 [1930,127]
[1930,127] 1 [1931,130]
[1931,130] 1 [1932,132]
[1932,132] 1 [1933,134]
[1933,134] 1 [1934,136]
[1934,136] 1 [1935,138]
[1935,138] 1 [1936,141]
[1936,141] 1 [1937,145]
[1937,145] 1 [1938,147]
[1938,147] 1 [1939,150]
[1939,150] 1 [1940,154]
[1940,154] 1 [1941,156]
[1941,156] 1 [1942,158]
[1942,158] 1 [1943,162]
[1943,162] 1 [1944,165]
[1944,165] 1 [1945,169]
[1945,169] 1 [1946,173]
[1946,173] 1 [1947,176]
[1947,176] 1 [1948,6]
[1948,6] 1 [1949,6]
[1949,6] 1 [1950,6]
[1950,6] 1 [1951,6]
[1951,6] 1 [1952,6]
[1952,6] 1 [1953,6]
[1953,6] 1 [1954,6]
[1954,6] 1 [1955,6]
[1955,6] 1 [1956,6]
[1956,6] 1 [1957,6]
[1957,6] 1 [1958,8]
[1958,8] 1 [1959,12]
[1959,12] 1 [1960,15]
[1960,15] 0 [1961,15]
[1961,15] 2 [1962,12]
[1962,12] 1 [1963,14]
[1963,14] 1 [1964,16]
[1964,16] 2 [1965,12]
[1965,12] 1 [1966,15]
[1966,15] 1 [1967,19]
[1967,19] 1 [1968,21]
[1968,21] 1 [1969,23]
[1969,23] 1 [1970,25]
[1970,25] 1 [1971,29]
[1971,29] 1 [1972,33]
[1972,33] 1 [1973,37]
[1973,37] 1 [1974,40]
[1974,40] 1 [1975,44]
[1975,44] 1 [1976,48]
[1976,48] 0 [1977,48]
[1977,48] 1 [1978,49]
[1978,49] 2 [1979,46]
[1979,46] 1 [1980,48]
[1980,48] 1 [1981,50]
[1981,50] 1 [1982,54]
[1982,54] 1 [1983,57]
[1983,57] 1 [1984,61]
[1984,61] 2 [1985,57]
[1985,57] 1 [1986,57]
[1986,57] 1 [1987,60]
[1987,60] 1 [1988,63]
[1988,63] 1 [1989,67]
[1989,67] 1 [1990,69]
[1990,69] 1 [1991,72]
[1991,72] 1 [1992,76]
[1992,76] 1 [1993,80]
[1993,80] 1 [1994,82]
[1994,82] 1 [1995,85]
[1995,85] 1 [1996,88]
[1996,88] 1 [1997,90]
[1997,90] 1 [1998,94]
[1998,94] 1 [1999,96]
[1999,96] 1 [2000,98]
[2000,98] 1 [2001,102]
[2001,102] 1 [2002,104]
[2002,104] 1 [2003,108]
[2003,108] 1 [2004,112]
[2004,112] 1 [2005,115]
[2005,115] 1 [2006,118]
[2006,118] 1 [2007,122]
[2007,122] 1 [2008,125]
[2008,125] 1 [2009,129]
[2009,129] 1 [2010,132]
[2010,132] 1 [2011,136]
[2011,136] 1 [2012,138]
[2012,138] 1 [2013,140]
[2013,140] 1 [2014,144]
[2014,144] 1 [2015,146]
[2015,146] 1 [2016,149]
[2016,149] 1 [2017,153]
[2017,153] 1 [2018,157]
[2018,157] 1 [2019,161]
[2019,161] 1 [2020,163]
[2020,163] 1 [2021,165]
[2021,165] 1 [2022,168]
[2022,168] 1 [2023,171]
[2023,171] 1 [2024,174]
[2024,174] 1 [2025,177]
[2025,177] 1 [2026,6]
[2026,6] 1 [2027,6]
[2027,6] 1 [2028,6]
[2028,6] 1 [2029,6]
[2029,6] 1 [2030,6]
[2030,6] 1 [2031,6]
[2031,6] 1 [2032,6]
[2032,6] 1 [2033,6]
[2033,6] 1 [2034,7]
[2034,7] 1 [2035,11]
[2035,11] 2 [2036,8]
[2036,8] 2 [2037,6]
[2037,6] 1 [2038,8]
[2038,8] 2 [2039,6]
[2039,6] 1 [2040,8]
[2040,8] 2 [2041,6]
[2041,6] 1 [2042,8]
[2042,8] 2 [2043,6]
[2043,6] 1 [2044,8]
[2044,8] 1 [2045,10]
[2045,10] 2 [2046,6]
[2046,6] 1 [2047,8]
[2047,8] 1 [2048,10]
[2048,10] 1 [2049,13]
[2049,13] 1 [2050,16]
[2050,16] 1 [2051,20]
[2051,20] 1 [2052,23]
[2052,23] 1 [2053,27]
[2053,27] 1 [2054,30]
[2054,30] 1 [2055,32]
[2055,32] 1 [2056,36]
[2056,36] 1 [2057,38]
[2057,38] 1 [2058,40]
[2058,40] 1 [2059,44]
[2059,44] 1 [2060,46]
[2060,46] 1 [2061,48]
[2061,48] 1 [2062,50]
[2062,50] 1 [2063,52]
[2063,52] 1 [2064,55]
[2064,55] 1 [2065,58]
[2065,58] 1 [2066,61]
[2066,61] 1 [2067,63]
[2067,63] 1 [2068,65]
[2068,65] 1 [2069,67]
[2069,67] 1 [2070,69]
[2070,69] 1 [2071,72]
[2071,72] 1 [2072,76]
[2072,76] 1 [2073,80]
[2073,80] 1 [2074,82]
[2074,82] 1 [2075,84]
[2075,84] 1 [2076,86]
[2076,86] 1 [2077,88]
[2077,88] 1 [2078,91]
[2078,91] 1 [2079,94]
[2079,94] 1 [2080,97]
[2080,97] 1 [2081,100]
[2081,100] 1 [2082,102]
[2082,102] 1 [2083,106]
[2083,106] 1 [2084,108]
[2084,108] 1 [2085,112]
[2085,112] 1 [2086,115]
[2086,115] 1 [2087,118]
[2087,118] 1 [2088,120]
[2088,120] 1 [2089,124]
[2089,124] 1 [2090,127]
[2090,127] 1 [2091,131]
[2091,131] 1 [2092,135]
[2092,135] 1 [2093,137]
[2093,137] 1 [2094,140]
[2094,140] 1 [2095,144]
[2095,144] 1 [2096,147]
[2096,147] 1 [2097,151]
[2097,151] 1 [2098,153]
[2098,153] 1 [2099,156]
[2099,156] 1 [2100,158]
[2100,158] 1 [2101,160]
[2101,160] 1 [2102,163]
[2102,163] 1 [2103,165]
[2103,165] 1 [2104,167]
[2104,167] 1 [2105,170]
[2105,170] 1 [2106,172]
[2106,172] 1 [2107,176]
[2107,176] 1 [2108,6]
[2108,6] 1 [2109,6]
[2109,6] 1 [2110,6]
[2110,6] 1 [2111,6]
[2111,6] 1 [2112,6]
[2112,6] 1 [2113,6]
[2113,6] 1 [2114,6]
[2114,6] 1 [2115,6]
[2115,6] 1 [2116,6]
[2116,6] 1 [2117,8]
[2117,8] 1 [2118,12]
[2118,12] 0 [2119,12]
[2119,12] 1 [2120,15]
[2120,15] 0 [2121,16]
[2121,16] 2 [2122,12]
[2122,12] 1 [2123,11]
[2123,11] 2 [2124,7]
[2124,7] 1 [2125,9]
[2125,9] 1 [2126,11]
[2126,11] 1 [2127,13]
[2127,13] 1 [2128,15]
[2128,15] 1 [2129,19]
[2129,19] 1 [2130,22]
[2130,22] 1 [2131,26]
[2131,26] 2 [2132,23]
[2132,23] 2 [2133,19]
[2133,19] 2 [2134,15]
[2134,15] 0 [2135,14]
[2135,14] 1 [2136,16]
[2136,16] 1 [2137,19]
[2137,19] 1 [2138,22]
[2138,22] 1 [2139,24]
[2139,24] 1 [2140,27]
[2140,27] 1 [2141,31]
[2141,31] 1 [2142,33]
[2142,33] 1 [2143,35]
[2143,35] 1 [2144,37]
[2144,37] 1 [2145,39]
[2145,39] 1 [2146,43]
[2146,43] 1 [2147,47]
[2147,47] 1 [2148,50]
[2148,50] 1 [2149,54]
[2149,54] 1 [2150,57]
[2150,57] 1 [2151,61]
[2151,61] 1 [2152,65]
[2152,65] 1 [2153,69]
[2153,69] 1 [2154,73]
[2154,73] 1 [2155,76]
[2155,76] 1 [2156,79]
[2156,79] 1 [2157,82]
[2157,82] 1 [2158,84]
[2158,84] 1 [2159,86]
[2159,86] 1 [2160,88]
[2160,88] 1 [2161,92]
[2161,92] 1 [2162,96]
[2162,96] 1 [2163,100]
[2163,100] 1 [2164,102]
[2164,102] 1 [2165,106]
[2165,106] 1 [2166,109]
[2166,109] 1 [2167,111]
[2167,111] 1 [2168,114]
[2168,114] 1 [2169,118]
[2169,118] 1 [2170,121]
[2170,121] 1 [2171,125]
[2171,125] 1 [2172,128]
[2172,128] 1 [2173,130]
[2173,130] 1 [2174,132]
[2174,132] 1 [2175,135]
[2175,135] 1 [2176,139]
[2176,139] 1 [2177,141]
[2177,141] 1 [2178,144]
[2178,144] 1 [2179,146]
[2179,146] 1 [2180,150]
[2180,150] 1 [2181,154]
[2181,154] 1 [2182,158]
[2182,158] 1 [2183,160]
[2183,160] 1 [2184,163]
[2184,163] 1 [2185,166]
[2185,166] 1 [2186,168]
[2186,168] 1 [2187,171]
[2187,171] 1 [2188,175]
[2188,175] 1 [2189,177]
[2189,177] 1 [2190,6]
[2190,6] 1 [2191,6]
[2191,6] 1 [2192,6]
[2192,6] 1 [2193,6]
[2193,6] 1 [2194,6]
[2194,6] 1 [2195,6]
[2195,6] 1 [2196,6]
[2196,6] 1 [2197,6]
[2197,6] 1 [2198,6]
[2198,6] 1 [2199,6]
[2199,6] 1 [2200,8]
[2200,8] 2 [2201,7]
[2201,7] 1 [2202,10]
[2202,10] 1 [2203,14]
[2203,14] 2 [2204,10]
[2204,10] 1 [2205,12]
[2205,12] 1 [2206,14]
[2206,14] 2 [2207,10]
[2207,10] 2 [2208,6]
[2208,6] 1 [2209,8]
[2209,8] 1 [2210,10]
[2210,10] 2 [2211,9]
[2211,9] 2 [2212,6]
[2212,6] 1 [2213,8]
[2213,8] 1 [2214,10]
[2214,10] 2 [2215,7]
[2215,7] 1 [2216,7]
[2216,7] 1 [2217,9]
[2217,9] 1 [2218,11]
[2218,11] 2 [2219,9]
[2219,9] 1 [2220,10]
[2220,10] 1 [2221,12]
[2221,12] 2 [2222,8]
[2222,8] 1 [2223,10]
[2223,10] 2 [2224,6]
[2224,6] 1 [2225,8]
[2225,8] 1 [2226,11]
[2226,11] 1 [2227,15]
[2227,15] 1 [2228,17]
[2228,17] 1 [2229,20]
[2229,20] 1 [2230,22]
[2230,22] 1 [2231,26]
[2231,26] 1 [2232,29]
[2232,29] 1 [2233,33]
[2233,33] 1 [2234,37]
[2234,37] 1 [2235,39]
[2235,39] 1 [2236,41]
[2236,41] 1 [2237,44]
[2237,44] 1 [2238,46]
[2238,46] 1 [2239,49]
[2239,49] 1 [2240,53]
[2240,53] 1 [2241,56]
[2241,56] 1 [2242,60]
[2242,60] 1 [2243,64]
[2243,64] 1 [2244,68]
[2244,68] 1 [2245,70]
[2245,70] 1 [2246,73]
[2246,73] 1 [2247,75]
[2247,75] 1 [2248,78]
[2248,78] 1 [2249,82]
[2249,82] 1 [2250,84]
[2250,84] 1 [2251,88]
[2251,88] 1 [2252,92]
[2252,92] 1 [2253,96]
[2253,96] 1 [2254,100]
[2254,100] 1 [2255,104]
[2255,104] 1 [2256,106]
[2256,106] 1 [2257,110]
[2257,110] 1 [2258,114]
[2258,114] 1 [2259,116]
[2259,116] 1 [2260,119]
[2260,119] 1 [2261,123]
[2261,123] 1 [2262,125]
[2262,125] 1 [2263,127]
[2263,127] 1 [2264,130]
[2264,130] 1 [2265,132]
[2265,132] 1 [2266,135]
[2266,135] 1 [2267,137]
[2267,137] 1 [2268,139]
[2268,139] 1 [2269,142]
[2269,142] 1 [2270,144]
[2270,144] 1 [2271,148]
[2271,148] 1 [2272,151]
[2272,151] 1 [2273,155]
[2273,155] 1 [2274,158]
[2274,158] 1 [2275,161]
[2275,161] 1 [2276,165]
[2276,165] 1 [2277,167]
[2277,167] 1 [2278,170]
[2278,170] 1 [2279,172]
[2279,172] 1 [2280,175]
[2280,175] 1 [2281,6]
[2281,6] 1 [2282,6]
[2282,6] 1 [2283,6]
[2283,6] 1 [2284,6]
[2284,6] 1 [2285,6]
[2285,6] 1 [2286,6]
[2286,6] 1 [2287,6]
[2287,6] 1 [2288,6]
[2288,6] 1 [2289,6]
[2289,6] 1 [2290,6]
[2290,6] 1 [2291,6]
[2291,6] 1 [2292,10]
[2292,10] 1 [2293,12]
[2293,12] 1 [2294,15]
[2294,15] 0 [2295,16]
[2295,16] 1 [2296,20]
[2296,20] 1 [2297,24]
[2297,24] 1 [2298,26]
[2298,26] 1 [2299,28]
[2299,28] 1 [2300,32]
[2300,32] 1 [2301,36]
[2301,36] 1 [2302,40]
[2302,40] 1 [2303,42]
[2303,42] 1 [2304,44]
[2304,44] 1 [2305,48]
[2305,48] 1 [2306,50]
[2306,50] 1 [2307,52]
[2307,52] 1 [2308,55]
[2308,55] 1 [2309,58]
[2309,58] 1 [2310,60]
[2310,60] 1 [2311,64]
[2311,64] 1 [2312,67]
[2312,67] 1 [2313,71]
[2313,71] 1 [2314,75]
[2314,75] 1 [2315,78]
[2315,78] 1 [2316,80]
[2316,80] 1 [2317,83]
[2317,83] 1 [2318,85]
[2318,85] 1 [2319,89]
[2319,89] 1 [2320,91]
[2320,91] 1 [2321,93]
[2321,93] 1 [2322,97]
[2322,97] 1 [2323,100]
[2323,100] 1 [2324,103]
[2324,103] 1 [2325,105]
[2325,105] 1 [2326,109]
[2326,109] 1 [2327,111]
[2327,111] 1 [2328,115]
[2328,115] 1 [2329,118]
[2329,118] 1 [2330,121]
[2330,121] 1 [2331,123]
[2331,123] 1 [2332,127]
[2332,127] 1 [2333,129]
[2333,129] 1 [2334,131]
[2334,131] 1 [2335,134]
[2335,134] 1 [2336,136]
[2336,136] 1 [2337,138]
[2337,138] 1 [2338,140]
[2338,140] 1 [2339,142]
[2339,142] 1 [2340,144]
[2340,144] 1 [2341,147]
[2341,147] 1 [2342,149]
[2342,149] 1 [2343,152]
[2343,152] 1 [2344,156]
[2344,156] 1 [2345,158]
[2345,158] 1 [2346,161]
[2346,161] 1 [2347,165]
[2347,165] 1 [2348,167]
[2348,167] 1 [2349,170]
[2349,170] 1 [2350,172]
[2350,172] 1 [2351,175]
[2351,175] 1 [2352,6]
[2352,6] 1 [2353,6]
[2353,6] 1 [2354,6]
[2354,6] 1 [2355,6]
[2355,6] 1 [2356,6]
[2356,6] 1 [2357,6]
[2357,6] 1 [2358,6]
[2358,6] 1 [2359,6]
[2359,6] 1 [2360,6]
[2360,6] 1 [2361,6]
[2361,6] 1 [2362,7]
[2362,7] 1 [2363,11]
[2363,11] 1 [2364,14]
[2364,14] 2 [2365,10]
[2365,10] 1 [2366,14]
[2366,14] 2 [2367,10]
[2367,10] 1 [2368,9]
[2368,9] 1 [2369,12]
[2369,12] 1 [2370,16]
[2370,16] 2 [2371,12]
[2371,12] 1 [2372,15]
[2372,15] 1 [2373,18]
[2373,18] 1 [2374,20]
[2374,20] 1 [2375,22]
[2375,22] 1 [2376,24]
[2376,24] 1 [2377,28]
[2377,28] 1 [2378,30]
[2378,30] 1 [2379,33]
[2379,33] 1 [2380,37]
[2380,37] 1 [2381,40]
[2381,40] 1 [2382,42]
[2382,42] 1 [2383,45]
[2383,45] 1 [2384,48]
[2384,48] 1 [2385,50]
[2385,50] 1 [2386,52]
[2386,52] 1 [2387,56]
[2387,56] 1 [2388,58]
[2388,58] 1 [2389,60]
[2389,60] 1 [2390,64]
[2390,64] 1 [2391,66]
[2391,66] 1 [2392,68]
[2392,68] 1 [2393,71]
[2393,71] 1 [2394,75]
[2394,75] 1 [2395,79]
[2395,79] 1 [2396,82]
[2396,82] 1 [2397,84]
[2397,84] 1 [2398,86]
[2398,86] 1 [2399,90]
[2399,90] 1 [2400,94]
[2400,94] 1 [2401,97]
[2401,97] 1 [2402,100]
[2402,100] 1 [2403,104]
[2403,104] 1 [2404,106]
[2404,106] 1 [2405,110]
[2405,110] 1 [2406,114]
[2406,114] 1 [2407,117]
[2407,117] 1 [2408,120]
[2408,120] 1 [2409,124]
[2409,124] 1 [2410,127]
[2410,127] 1 [2411,131]
[2411,131] 1 [2412,134]
[2412,134] 1 [2413,137]
[2413,137] 1 [2414,141]
[2414,141] 1 [2415,144]
[2415,144] 1 [2416,148]
[2416,148] 1 [2417,150]
[2417,150] 1 [2418,153]
[2418,153] 1 [2419,157]
[2419,157] 1 [2420,159]
[2420,159] 1 [2421,163]
[2421,163] 1 [2422,167]
[2422,167] 1 [2423,169]
[2423,169] 1 [2424,173]
[2424,173] 1 [2425,175]
[2425,175] 1 [2426,6]
[2426,6] 1 [2427,6]
[2427,6] 1 [2428,6]
[2428,6] 1 [2429,6]
[2429,6] 1 [2430,6]
[2430,6] 1 [2431,6]
[2431,6] 1 [2432,6]
[2432,6] 1 [2433,6]
[2433,6] 1 [2434,6]
[2434,6] 1 [2435,6]
[2435,6] 1 [2436,8]
[2436,8] 0 [2437,8]
[2437,8] 1 [2438,12]
[2438,12] 2 [2439,12]
[2439,12] 1 [2440,14]
[2440,14] 1 [2441,18]
[2441,18] 2 [2442,14]
[2442,14] 1 [2443,14]
[2443,14] 1 [2444,17]
[2444,17] 2 [2445,13]
[2445,13] 2 [2446,9]
[2446,9] 1 [2447,11]
[2447,11] 2 [2448,9]
[2448,9] 1 [2449,9]
[2449,9] 1 [2450,12]
[2450,12] 1 [2451,15]
[2451,15] 1 [2452,18]
[2452,18] 2 [2453,15]
[2453,15] 2 [2454,11]
[2454,11] 1 [2455,11]
[2455,11] 1 [2456,15]
[2456,15] 1 [2457,19]
[2457,19] 1 [2458,23]
[2458,23] 2 [2459,20]
[2459,20] 2 [2460,16]
[2460,16] 1 [2461,17]
[2461,17] 1 [2462,21]
[2462,21] 1 [2463,25]
[2463,25] 1 [2464,28]
[2464,28] 1 [2465,31]
[2465,31] 1 [2466,35]
[2466,35] 1 [2467,38]
[2467,38] 1 [2468,42]
[2468,42] 1 [2469,44]
[2469,44] 1 [2470,47]
[2470,47] 1 [2471,50]
[2471,50] 1 [2472,54]
[2472,54] 1 [2473,56]
[2473,56] 1 [2474,59]
[2474,59] 1 [2475,61]
[2475,61] 1 [2476,65]
[2476,65] 1 [2477,68]
[2477,68] 1 [2478,71]
[2478,71] 1 [2479,75]
[2479,75] 1 [2480,78]
[2480,78] 1 [2481,81]
[2481,81] 1 [2482,84]
[2482,84] 1 [2483,88]
[2483,88] 1 [2484,92]
[2484,92] 1 [2485,96]
[2485,96] 1 [2486,100]
[2486,100] 1 [2487,103]
[2487,103] 1 [2488,106]
[2488,106] 1 [2489,109]
[2489,109] 1 [2490,112]
[2490,112] 1 [2491,114]
[2491,114] 1 [2492,116]
[2492,116] 1 [2493,118]
[2493,118] 1 [2494,120]
[2494,120] 1 [2495,123]
[2495,123] 2 [2496,119]
[2496,119] 1 [2497,122]
[2497,122] 1 [2498,126]
[2498,126] 2 [2499,124]
[2499,124] 2 [2500,120]
[2500,120] 1 [2501,123]
[2501,123] 1 [2502,125]
[2502,125] 1 [2503,129]
[2503,129] 1 [2504,131]
[2504,131] 1 [2505,134]
[2505,134] 1 [2506,136]
[2506,136] 1 [2507,140]
[2507,140] 1 [2508,143]
[2508,143] 1 [2509,146]
[2509,146] 1 [2510,148]
[2510,148] 1 [2511,150]
[2511,150] 1 [2512,154]
[2512,154] 1 [2513,157]
[2513,157] 1 [2514,159]
[2514,159] 1 [2515,162]
[2515,162] 1 [2516,166]
[2516,166] 1 [2517,168]
[2517,168] 1 [2518,171]
[2518,171] 1 [2519,173]
[2519,173] 1 [2520,177]
[2520,177] 1 [2521,6]
[2521,6] 1 [2522,6]
[2522,6] 1 [2523,6]
[2523,6] 1 [2524,6]
[2524,6] 1 [2525,6]
[2525,6] 1 [2526,6]
[2526,6] 1 [2527,6]
[2527,6] 1 [2528,6]
[2528,6] 1 [2529,6]
[2529,6] 1 [2530,6]
[2530,6] 1 [2531,6]
[2531,6] 1 [2532,8]
[2532,8] 1 [2533,12]
[2533,12] 1 [2534,14]
[2534,14] 0 [2535,14]
[2535,14] 1 [2536,16]
[2536,16] 2 [2537,12]
[2537,12] 1 [2538,16]
[2538,16] 2 [2539,13]
[2539,13] 1 [2540,15]
[2540,15] 1 [2541,18]
[2541,18] 1 [2542,20]
[2542,20] 2 [2543,17]
[2543,17] 2 [2544,13]
[2544,13] 1 [2545,15]
[2545,15] 2 [2546,11]
[2546,11] 1 [2547,13]
[2547,13] 1 [2548,16]
[2548,16] 2 [2549,12]
[2549,12] 1 [2550,15]
[2550,15] 2 [2551,12]
[2551,12] 1 [2552,15]
[2552,15] 1 [2553,18]
[2553,18] 1 [2554,20]
[2554,20] 1 [2555,22]
[2555,22] 1 [2556,24]
[2556,24] 1 [2557,26]
[2557,26] 1 [2558,30]
[2558,30] 1 [2559,32]
[2559,32] 1 [2560,36]
[2560,36] 1 [2561,40]
[2561,40] 1 [2562,42]
[2562,42] 1 [2563,45]
[2563,45] 1 [2564,47]
[2564,47] 1 [2565,49]
[2565,49] 1 [2566,52]
[2566,52] 1 [2567,54]
[2567,54] 1 [2568,57]
[2568,57] 1 [2569,60]
[2569,60] 1 [2570,62]
[2570,62] 1 [2571,64]
[2571,64] 1 [2572,68]
[2572,68] 1 [2573,70]
[2573,70] 1 [2574,73]
[2574,73] 1 [2575,75]
[2575,75] 1 [2576,78]
[2576,78] 1 [2577,80]
[2577,80] 1 [2578,82]
[2578,82] 1 [2579,84]
[2579,84] 1 [2580,87]
[2580,87] 1 [2581,90]
[2581,90] 1 [2582,94]
[2582,94] 1 [2583,97]
[2583,97] 1 [2584,100]
[2584,100] 1 [2585,102]
[2585,102] 1 [2586,106]
[2586,106] 1 [2587,109]
[2587,109] 1 [2588,113]
[2588,113] 1 [2589,115]
[2589,115] 2 [2590,111]
[2590,111] 1 [2591,112]
[2591,112] 1 [2592,116]
[2592,116] 1 [2593,119]
[2593,119] 1 [2594,122]
[2594,122] 1 [2595,125]
[2595,125] 1 [2596,128]
[2596,128] 1 [2597,130]
[2597,130] 1 [2598,134]
[2598,134] 1 [2599,138]
[2599,138] 1 [2600,142]
[2600,142] 1 [2601,145]
[2601,145] 1 [2602,147]
[2602,147] 1 [2603,150]
[2603,150] 1 [2604,153]
[2604,153] 1 [2605,156]
[2605,156] 1 [2606,160]
[2606,160] 1 [2607,162]
[2607,162] 1 [2608,164]
[2608,164] 1 [2609,166]
[2609,166] 1 [2610,170]
[2610,170] 1 [2611,172]
[2611,172] 1 [2612,175]
[2612,175] 1 [2613,177]
[2613,177] 1 [2614,6]
[2614,6] 1 [2615,6]
[2615,6] 1 [2616,6]
[2616,6] 1 [2617,6]
[2617,6] 1 [2618,6]
[2618,6] 1 [2619,6]
[2619,6] 1 [2620,6]
[2620,6] 1 [2621,6]
[2621,6] 1 [2622,6]
[2622,6] 1 [2623,6]
[2623,6] 1 [2624,6]
[2624,6] 1 [2625,8]
[2625,8] 0 [2626,10]
[2626,10] 1 [2627,14]
[2627,14] 1 [2628,18]
[2628,18] 0 [2629,18]
[2629,18] 2 [2630,16]
[2630,16] 2 [2631,14]
[2631,14] 2 [2632,10]
[2632,10] 1 [2633,11]
[2633,11] 1 [2634,13]
[2634,13] 1 [2635,17]
[2635,17] 1 [2636,20]
[2636,20] 1 [2637,22]
[2637,22] 1 [2638,26]
[2638,26] 1 [2639,29]
[2639,29] 1 [2640,33]
[2640,33] 1 [2641,37]
[2641,37] 1 [2642,40]
[2642,40] 1 [2643,43]
[2643,43] 1 [2644,47]
[2644,47] 1 [2645,50]
[2645,50] 1 [2646,54]
[2646,54] 1 [2647,57]
[2647,57] 1 [2648,59]
[2648,59] 1 [2649,63]
[2649,63] 1 [2650,65]
[2650,65] 1 [2651,69]
[2651,69] 1 [2652,73]
[2652,73] 1 [2653,77]
[2653,77] 1 [2654,79]
[2654,79] 1 [2655,82]
[2655,82] 1 [2656,85]
[2656,85] 1 [2657,89]
[2657,89] 1 [2658,92]
[2658,92] 1 [2659,96]
[2659,96] 1 [2660,98]
[2660,98] 1 [2661,100]
[2661,100] 1 [2662,104]
[2662,104] 1 [2663,108]
[2663,108] 1 [2664,112]
[2664,112] 1 [2665,116]
[2665,116] 1 [2666,120]
[2666,120] 1 [2667,124]
[2667,124] 1 [2668,127]
[2668,127] 1 [2669,131]
[2669,131] 1 [2670,134]
[2670,134] 1 [2671,136]
[2671,136] 1 [2672,139]
[2672,139] 1 [2673,143]
[2673,143] 1 [2674,146]
[2674,146] 1 [2675,148]
[2675,148] 1 [2676,151]
[2676,151] 1 [2677,154]
[2677,154] 1 [2678,157]
[2678,157] 1 [2679,161]
[2679,161] 1 [2680,165]
[2680,165] 1 [2681,169]
[2681,169] 1 [2682,171]
[2682,171] 1 [2683,174]
[2683,174] 1 [2684,177]
[2613,177] 1 [2614,6]
[2614,6] 1 [2615,6]
[2615,6] 1 [2616,6]
[2616,6] 1 [2617,6]
[2617,6] 1 [2618,6]
[2618,6] 1 [2619,6]
[2619,6] 1 [2620,6]
[2620,6] 1 [2621,6]
[2621,6] 1 [2622,6]
[2622,6] 1 [2623,6]
[2623,6] 1 [2624,6]
[2624,6] 1 [2625,8]
[2625,8] 0 [2626,10]
[2626,10] 1 [2627,14]
[2627,14] 1 [2628,18]
[2628,18] 0 [2629,18]
[2629,18] 2 [2630,16]
[2630,16] 2 [2631,14]
[2631,14] 2 [2632,10]
[2632,10] 1 [2633,11]
[2633,11] 1 [2634,13]
[2634,13] 1 [2635,17]
[2635,17] 1 [2636,20]
[2636,20] 1 [2637,22]
[2637,22] 1 [2638,26]
[2638,26] 1 [2639,29]
[2639,29] 1 [2640,33]
[2640,33] 1 [2641,37]
[2641,37] 1 [2642,40]
[2642,40] 1 [2643,43]
[2643,43] 1 [2644,47]
[2644,47] 1 [2645,50]
[2645,50] 1 [2646,54]
[2646,54] 1 [2647,57]
[2647,57] 1 [2648,59]
[2648,59] 1 [2649,63]
[2649,63] 1 [2650,65]
[2650,65] 1 [2651,69]
[2651,69] 1 [2652,73]
[2652,73] 1 [2653,77]
[2653,77] 1 [2654,79]
[2654,79] 1 [2655,82]
[2655,82] 1 [2656,85]
[2656,85] 1 [2657,89]
[2657,89] 1 [2658,92]
[2658,92] 1 [2659,96]
[2659,96] 1 [2660,98]
[2660,98] 1 [2661,100]
[2661,100] 1 [2662,104]
[2662,104] 1 [2663,108]
[2663,108] 1 [2664,112]
[2664,112] 1 [2665,116]
[2665,116] 1 [2666,120]
[2666,120] 1 [2667,124]
[2667,124] 1 [2668,127]
[2668,127] 1 [2669,131]
[2669,131] 1 [2670,134]
[2670,134] 1 [2671,136]
[2671,136] 1 [2672,139]
[2672,139] 1 [2673,143]
[2673,143] 1 [2674,146]
[2674,146] 1 [2675,148]
[2675,148] 1 [2676,151]
[2676,151] 1 [2677,154]
[2677,154] 1 [2678,157]
[2678,157] 1 [2679,161]
[2679,161] 1 [2680,165]
[2680,165] 1 [2681,169]
[2681,169] 1 [2682,171]
[2682,171] 1 [2683,174]
[2683,174] 1 [2684,177]
