[0,6] 1 [1,10]
[1,10] 1 [2,14]
[2,14] 1 [3,18]
[3,18] 1 [4,21]
[4,21] 1 [5,25]
[5,25] 1 [6,29]
[6,29] 1 [7,31]
[7,31] 1 [8,35]
[8,35] 1 [9,39]
[9,39] 1 [10,42]
[10,42] 1 [11,44]
[11,44] 1 [12,48]
[12,48] 1 [13,51]
[13,51] 1 [14,55]
[14,55] 1 [15,58]
[15,58] 1 [16,61]
[16,61] 1 [17,65]
[17,65] 1 [18,69]
[18,69] 1 [19,72]
[19,72] 1 [20,76]
[20,76] 1 [21,80]
[21,80] 1 [22,83]
[22,83] 1 [23,85]
[23,85] 1 [24,87]
[24,87] 1 [25,90]
[25,90] 1 [26,93]
[26,93] 1 [27,97]
[27,97] 1 [28,99]
[28,99] 1 [29,103]
[29,103] 1 [30,106]
[30,106] 1 [31,109]
[31,109] 1 [32,112]
[32,112] 1 [33,114]
[33,114] 1 [34,118]
[34,118] 1 [35,122]
[35,122] 1 [36,125]
[36,125] 1 [37,128]
[37,128] 1 [38,130]
[38,130] 1 [39,132]
[39,132] 1 [40,135]
[40,135] 1 [41,139]
[41,139] 1 [42,143]
[42,143] 1 [43,145]
[43,145] 1 [44,147]
[44,147] 1 [45,150]
[45,150] 1 [46,153]
[46,153] 1 [47,155]
[47,155] 1 [48,158]
[48,158] 1 [49,160]
[49,160] 1 [50,164]
[50,164] 1 [51,166]
[51,166] 1 [52,170]
[52,170] 1 [53,173]
[53,173] 1 [54,177]
[54,177] 1 [55,6]
[55,6] 1 [56,6]
[56,6] 1 [57,6]
[57,6] 1 [58,6]
[58,6] 1 [59,6]
[59,6] 1 [60,6]
[60,6] 1 [61,6]
[61,6] 1 [62,6]
[62,6] 1 [63,6]
[63,6] 1 [64,6]
[64,6] 1 [65,10]
[65,10] 2 [66,6]
[66,6] 1 [67,10]
[67,10] 2 [68,6]
[68,6] 1 [69,7]
[69,7] 1 [70,10]
[70,10] 1 [71,12]
[71,12] 2 [72,8]
[72,8] 1 [73,10]
[73,10] 2 [74,6]
[74,6] 1 [75,7]
[75,7] 1 [76,11]
[76,11] 2 [77,8]
[77,8] 1 [78,11]
[78,11] 2 [79,8]
[79,8] 1 [80,10]
[80,10] 0 [81,11]
[81,11] 2 [82,8]
[82,8] 1 [83,11]
[83,11] 1 [84,14]
[84,14] 1 [85,16]
[85,16] 1 [86,19]
[86,19] 1 [87,23]
[87,23] 1 [88,25]
[88,25] 1 [89,28]
[89,28] 1 [90,30]
[90,30] 1 [91,34]
[91,34] 1 [92,36]
[92,36] 1 [93,38]
[93,38] 1 [94,41]
[94,41] 1 [95,45]
[95,45] 1 [96,49]
[96,49] 1 [97,52]
[97,52] 1 [98,55]
[98,55] 1 [99,59]
[99,59] 1 [100,63]
[100,63] 1 [101,67]
[101,67] 1 [102,71]
[102,71] 1 [103,74]
[103,74] 1 [104,77]
[104,77] 1 [105,80]
[105,80] 1 [106,82]
[106,82] 1 [107,86]
[107,86] 1 [108,88]
[108,88] 1 [109,91]
[109,91] 1 [110,95]
[110,95] 1 [111,97]
[111,97] 1 [112,101]
[112,101] 1 [113,104]
[113,104] 1 [114,108]
[114,108] 1 [115,111]
[115,111] 1 [116,114]
[116,114] 1 [117,117]
[117,117] 1 [118,121]
[118,121] 1 [119,124]
[119,124] 1 [120,128]
[120,128] 1 [121,131]
[121,131] 1 [122,134]
[122,134] 1 [123,138]
[123,138] 1 [124,141]
[124,141] 1 [125,144]
[125,144] 1 [126,148]
[126,148] 1 [127,150]
[127,150] 1 [128,152]
[128,152] 1 [129,155]
[129,155] 1 [130,158]
[130,158] 1 [131,160]
[131,160] 1 [132,164]
[132,164] 1 [133,168]
[133,168] 1 [134,170]
[134,170] 1 [135,174]
[135,174] 1 [136,177]
[136,177] 1 [137,6]
[137,6] 1 [138,6]
[138,6] 1 [139,6]
[139,6] 1 [140,6]
[140,6] 1 [141,6]
[141,6] 1 [142,6]
[142,6] 1 [143,6]
[143,6] 1 [144,6]
[144,6] 1 [145,6]
[145,6] 1 [146,8]
[146,8] 1 [147,11]
[147,11] 0 [148,14]
[148,14] 0 [149,14]
[149,14] 1 [150,16]
[150,16] 1 [151,18]
[151,18] 1 [152,22]
[152,22] 1 [153,26]
[153,26] 1 [154,30]
[154,30] 1 [155,32]
[155,32] 1 [156,35]
[156,35] 1 [157,37]
[157,37] 1 [158,41]
[158,41] 1 [159,43]
[159,43] 1 [160,46]
[160,46] 1 [161,48]
[161,48] 1 [162,52]
[162,52] 1 [163,54]
[163,54] 1 [164,57]
[164,57] 1 [165,60]
[165,60] 1 [166,62]
[166,62] 1 [167,64]
[167,64] 1 [168,67]
[168,67] 1 [169,70]
[169,70] 1 [170,72]
[170,72] 1 [171,75]
[171,75] 1 [172,78]
[172,78] 1 [173,82]
[173,82] 1 [174,86]
[174,86] 1 [175,90]
[175,90] 1 [176,92]
[176,92] 1 [177,94]
[177,94] 1 [178,97]
[178,97] 1 [179,99]
[179,99] 1 [180,102]
[180,102] 1 [181,104]
[181,104] 1 [182,107]
[182,107] 1 [183,111]
[183,111] 1 [184,114]
[184,114] 1 [185,116]
[185,116] 1 [186,120]
[186,120] 1 [187,122]
[187,122] 1 [188,125]
[188,125] 1 [189,128]
[189,128] 1 [190,132]
[190,132] 1 [191,136]
[191,136] 1 [192,140]
[192,140] 1 [193,143]
[193,143] 1 [194,147]
[194,147] 1 [195,151]
[195,151] 1 [196,154]
[196,154] 1 [197,156]
[197,156] 1 [198,159]
[198,159] 1 [199,161]
[199,161] 1 [200,163]
[200,163] 1 [201,165]
[201,165] 1 [202,167]
[202,167] 1 [203,171]
[203,171] 1 [204,174]
[204,174] 1 [205,177]
[205,177] 1 [206,6]
[206,6] 1 [207,6]
[207,6] 1 [208,6]
[208,6] 1 [209,6]
[209,6] 1 [210,6]
[210,6] 1 [211,6]
[211,6] 1 [212,6]
[212,6] 1 [213,6]
[213,6] 1 [214,6]
[214,6] 1 [215,6]
[215,6] 1 [216,6]
[216,6] 1 [217,8]
[217,8] 2 [218,7]
[218,7] 0 [219,6]
[219,6] 1 [220,8]
[220,8] 2 [221,7]
[221,7] 1 [222,8]
[222,8] 1 [223,11]
[223,11] 2 [224,8]
[224,8] 2 [225,6]
[225,6] 1 [226,8]
[226,8] 1 [227,11]
[227,11] 2 [228,7]
[228,7] 1 [229,9]
[229,9] 1 [230,12]
[230,12] 1 [231,15]
[231,15] 1 [232,18]
[232,18] 2 [233,16]
[233,16] 2 [234,14]
[234,14] 1 [235,14]
[235,14] 1 [236,18]
[236,18] 1 [237,21]
[237,21] 1 [238,24]
[238,24] 2 [239,20]
[239,20] 1 [240,20]
[240,20] 1 [241,24]
[241,24] 1 [242,28]
[242,28] 1 [243,30]
[243,30] 1 [244,34]
[244,34] 1 [245,37]
[245,37] 1 [246,41]
[246,41] 1 [247,44]
[247,44] 1 [248,48]
[248,48] 1 [249,52]
[249,52] 1 [250,54]
[250,54] 1 [251,58]
[251,58] 1 [252,60]
[252,60] 1 [253,63]
[253,63] 1 [254,65]
[254,65] 1 [255,68]
[255,68] 1 [256,71]
[256,71] 1 [257,75]
[257,75] 1 [258,77]
[258,77] 1 [259,80]
[259,80] 1 [260,82]
[260,82] 1 [261,85]
[261,85] 1 [262,89]
[262,89] 1 [263,91]
[263,91] 1 [264,93]
[264,93] 1 [265,96]
[265,96] 1 [266,98]
[266,98] 1 [267,102]
[267,102] 1 [268,106]
[268,106] 1 [269,109]
[269,109] 1 [270,112]
[270,112] 1 [271,115]
[271,115] 1 [272,118]
[272,118] 1 [273,122]
[273,122] 1 [274,125]
[274,125] 1 [275,127]
[275,127] 1 [276,130]
[276,130] 1 [277,134]
[277,134] 1 [278,138]
[278,138] 1 [279,140]
[279,140] 1 [280,144]
[280,144] 1 [281,146]
[281,146] 1 [282,149]
[282,149] 1 [283,151]
[283,151] 1 [284,154]
[284,154] 1 [285,156]
[285,156] 1 [286,159]
[286,159] 1 [287,161]
[287,161] 1 [288,163]
[288,163] 1 [289,167]
[289,167] 1 [290,171]
[290,171] 1 [291,175]
[291,175] 1 [292,6]
[292,6] 1 [293,6]
[293,6] 1 [294,6]
[294,6] 1 [295,6]
[295,6] 1 [296,6]
[296,6] 1 [297,6]
[297,6] 1 [298,6]
[298,6] 1 [299,6]
[299,6] 1 [300,6]
[300,6] 1 [301,6]
[301,6] 1 [302,9]
[302,9] 1 [303,11]
[303,11] 0 [304,12]
[304,12] 0 [305,12]
[305,12] 2 [306,8]
[306,8] 1 [307,10]
[307,10] 1 [308,12]
[308,12] 1 [309,15]
[309,15] 1 [310,17]
[310,17] 1 [311,21]
[311,21] 2 [312,17]
[312,17] 2 [313,13]
[313,13] 1 [314,15]
[314,15] 2 [315,11]
[315,11] 1 [316,12]
[316,12] 2 [317,8]
[317,8] 1 [318,11]
[318,11] 1 [319,14]
[319,14] 1 [320,18]
[320,18] 1 [321,21]
[321,21] 1 [322,23]
[322,23] 1 [323,27]
[323,27] 1 [324,31]
[324,31] 1 [325,35]
[325,35] 1 [326,39]
[326,39] 1 [327,41]
[327,41] 1 [328,43]
[328,43] 1 [329,47]
[329,47] 1 [330,51]
[330,51] 1 [331,54]
[331,54] 1 [332,57]
[332,57] 1 [333,61]
[333,61] 1 [334,64]
[334,64] 1 [335,68]
[335,68] 1 [336,72]
[336,72] 1 [337,76]
[337,76] 1 [338,78]
[338,78] 1 [339,82]
[339,82] 1 [340,84]
[340,84] 1 [341,86]
[341,86] 1 [342,89]
[342,89] 1 [343,92]
[343,92] 1 [344,94]
[344,94] 1 [345,97]
[345,97] 1 [346,101]
[346,101] 1 [347,103]
[347,103] 1 [348,106]
[348,106] 1 [349,108]
[349,108] 1 [350,111]
[350,111] 1 [351,114]
[351,114] 2 [352,110]
[352,110] 1 [353,112]
[353,112] 2 [354,109]
[354,109] 1 [355,109]
[355,109] 1 [356,113]
[356,113] 1 [357,115]
[357,115] 1 [358,117]
[358,117] 1 [359,120]
[359,120] 1 [360,124]
[360,124] 1 [361,126]
[361,126] 1 [362,128]
[362,128] 1 [363,130]
[363,130] 1 [364,134]
[364,134] 1 [365,138]
[365,138] 1 [366,142]
[366,142] 1 [367,144]
[367,144] 1 [368,147]
[368,147] 1 [369,150]
[369,150] 1 [370,154]
[370,154] 1 [371,158]
[371,158] 1 [372,162]
[372,162] 1 [373,165]
[373,165] 1 [374,168]
[374,168] 1 [375,170]
[375,170] 1 [376,174]
[376,174] 1 [377,177]
[377,177] 1 [378,6]
[378,6] 1 [379,6]
[379,6] 1 [380,6]
[380,6] 1 [381,6]
[381,6] 1 [382,6]
[382,6] 1 [383,6]
[383,6] 1 [384,6]
[384,6] 1 [385,6]
[385,6] 1 [386,6]
[386,6] 1 [387,6]
[387,6] 1 [388,6]
[388,6] 0 [389,6]
[389,6] 1 [390,8]
[390,8] 1 [391,10]
[391,10] 1 [392,12]
[392,12] 1 [393,14]
[393,14] 0 [394,15]
[394,15] 0 [395,15]
[395,15] 2 [396,12]
[396,12] 2 [397,9]
[397,9] 1 [398,9]
[398,9] 2 [399,6]
[399,6] 1 [400,8]
[400,8] 2 [401,6]
[401,6] 1 [402,8]
[402,8] 1 [403,11]
[403,11] 2 [404,8]
[404,8] 1 [405,8]
[405,8] 1 [406,12]
[406,12] 1 [407,16]
[407,16] 1 [408,19]
[408,19] 1 [409,23]
[409,23] 1 [410,27]
[410,27] 2 [411,23]
[411,23] 1 [412,25]
[412,25] 1 [413,27]
[413,27] 1 [414,31]
[414,31] 1 [415,33]
[415,33] 1 [416,35]
[416,35] 1 [417,38]
[417,38] 1 [418,40]
[418,40] 1 [419,44]
[419,44] 1 [420,48]
[420,48] 1 [421,50]
[421,50] 1 [422,52]
[422,52] 1 [423,56]
[423,56] 1 [424,58]
[424,58] 1 [425,60]
[425,60] 1 [426,63]
[426,63] 1 [427,66]
[427,66] 1 [428,70]
[428,70] 1 [429,73]
[429,73] 1 [430,77]
[430,77] 1 [431,81]
[431,81] 1 [432,85]
[432,85] 1 [433,89]
[433,89] 1 [434,92]
[434,92] 1 [435,94]
[435,94] 1 [436,97]
[436,97] 1 [437,99]
[437,99] 1 [438,103]
[438,103] 2 [439,99]
[439,99] 2 [440,96]
[440,96] 1 [441,98]
[441,98] 1 [442,102]
[442,102] 1 [443,106]
[443,106] 1 [444,109]
[444,109] 1 [445,111]
[445,111] 1 [446,115]
[446,115] 1 [447,117]
[447,117] 1 [448,121]
[448,121] 1 [449,123]
[449,123] 1 [450,126]
[450,126] 1 [451,129]
[451,129] 1 [452,131]
[452,131] 1 [453,134]
[453,134] 1 [454,138]
[454,138] 1 [455,140]
[455,140] 1 [456,143]
[456,143] 1 [457,145]
[457,145] 1 [458,148]
[458,148] 1 [459,150]
[459,150] 1 [460,153]
[460,153] 1 [461,156]
[461,156] 1 [462,158]
[462,158] 1 [463,160]
[463,160] 1 [464,162]
[464,162] 1 [465,166]
[465,166] 1 [466,169]
[466,169] 1 [467,173]
[467,173] 1 [468,176]
[468,176] 1 [469,6]
[469,6] 1 [470,6]
[470,6] 1 [471,6]
[471,6] 1 [472,6]
[472,6] 1 [473,6]
[473,6] 1 [474,6]
[474,6] 1 [475,6]
[475,6] 1 [476,6]
[476,6] 1 [477,6]
[477,6] 0 [478,6]
[478,6] 1 [479,9]
[479,9] 1 [480,13]
[480,13] 2 [481,11]
[481,11] 2 [482,7]
[482,7] 1 [483,7]
[483,7] 1 [484,10]
[484,10] 2 [485,6]
[485,6] 1 [486,8]
[486,8] 1 [487,11]
[487,11] 1 [488,13]
[488,13] 1 [489,16]
[489,16] 1 [490,18]
[490,18] 1 [491,21]
[491,21] 1 [492,23]
[492,23] 1 [493,27]
[493,27] 1 [494,30]
[494,30] 1 [495,34]
[495,34] 1 [496,36]
[496,36] 1 [497,39]
[497,39] 1 [498,43]
[498,43] 1 [499,46]
[499,46] 1 [500,49]
[500,49] 1 [501,51]
[501,51] 1 [502,53]
[502,53] 1 [503,57]
[503,57] 1 [504,60]
[504,60] 1 [505,64]
[505,64] 1 [506,66]
[506,66] 1 [507,70]
[507,70] 1 [508,73]
[508,73] 1 [509,77]
[509,77] 1 [510,79]
[510,79] 1 [511,82]
[511,82] 1 [512,84]
[512,84] 1 [513,86]
[513,86] 1 [514,88]
[514,88] 1 [515,91]
[515,91] 1 [516,93]
[516,93] 1 [517,97]
[517,97] 1 [518,101]
[518,101] 1 [519,104]
[519,104] 1 [520,107]
[520,107] 1 [521,110]
[521,110] 1 [522,113]
[522,113] 1 [523,116]
[523,116] 1 [524,118]
[524,118] 1 [525,120]
[525,120] 1 [526,122]
[526,122] 1 [527,125]
[527,125] 1 [528,127]
[528,127] 1 [529,129]
[529,129] 1 [530,132]
[530,132] 1 [531,134]
[531,134] 1 [532,137]
[532,137] 1 [533,140]
[533,140] 1 [534,142]
[534,142] 1 [535,144]
[535,144] 1 [536,146]
[536,146] 1 [537,150]
[537,150] 1 [538,153]
[538,153] 1 [539,156]
[539,156] 1 [540,158]
[540,158] 1 [541,161]
[541,161] 1 [542,164]
[542,164] 1 [543,166]
[543,166] 1 [544,168]
[544,168] 1 [545,171]
[545,171] 1 [546,174]
[546,174] 1 [547,177]
[547,177] 1 [548,6]
[548,6] 1 [549,6]
[549,6] 1 [550,6]
[550,6] 1 [551,6]
[551,6] 1 [552,6]
[552,6] 1 [553,6]
[553,6] 1 [554,6]
[554,6] 1 [555,6]
[555,6] 1 [556,6]
[556,6] 2 [557,6]
[557,6] 1 [558,8]
[558,8] 1 [559,12]
[559,12] 1 [560,15]
[560,15] 0 [561,15]
[561,15] 1 [562,18]
[562,18] 1 [563,21]
[563,21] 1 [564,24]
[564,24] 1 [565,26]
[565,26] 1 [566,28]
[566,28] 1 [567,32]
[567,32] 1 [568,34]
[568,34] 1 [569,38]
[569,38] 1 [570,42]
[570,42] 1 [571,46]
[571,46] 1 [572,48]
[572,48] 1 [573,52]
[573,52] 1 [574,54]
[574,54] 1 [575,56]
[575,56] 1 [576,59]
[576,59] 1 [577,61]
[577,61] 1 [578,63]
[578,63] 1 [579,67]
[579,67] 1 [580,69]
[580,69] 1 [581,71]
[581,71] 1 [582,73]
[582,73] 1 [583,75]
[583,75] 1 [584,78]
[584,78] 1 [585,80]
[585,80] 1 [586,84]
[586,84] 1 [587,86]
[587,86] 1 [588,90]
[588,90] 1 [589,93]
[589,93] 1 [590,96]
[590,96] 1 [591,98]
[591,98] 1 [592,100]
[592,100] 1 [593,102]
[593,102] 1 [594,104]
[594,104] 1 [595,106]
[595,106] 1 [596,108]
[596,108] 1 [597,110]
[597,110] 1 [598,114]
[598,114] 1 [599,116]
[599,116] 1 [600,119]
[600,119] 1 [601,123]
[601,123] 1 [602,126]
[602,126] 1 [603,128]
[603,128] 1 [604,131]
[604,131] 1 [605,135]
[605,135] 1 [606,139]
[606,139] 1 [607,143]
[607,143] 1 [608,145]
[608,145] 1 [609,149]
[609,149] 1 [610,152]
[610,152] 1 [611,155]
[611,155] 1 [612,158]
[612,158] 1 [613,161]
[613,161] 1 [614,163]
[614,163] 1 [615,165]
[615,165] 1 [616,168]
[616,168] 1 [617,171]
[617,171] 1 [618,175]
[618,175] 1 [619,6]
[619,6] 1 [620,6]
[620,6] 1 [621,6]
[621,6] 1 [622,6]
[622,6] 1 [623,6]
[623,6] 1 [624,6]
[624,6] 1 [625,6]
[625,6] 1 [626,6]
[626,6] 1 [627,6]
[627,6] 1 [628,6]
[628,6] 1 [629,6]
[629,6] 1 [630,7]
[630,7] 1 [631,10]
[631,10] 1 [632,13]
[632,13] 2 [633,11]
[633,11] 2 [634,7]
[634,7] 1 [635,6]
[635,6] 1 [636,9]
[636,9] 1 [637,12]
[637,12] 2 [638,9]
[638,9] 1 [639,11]
[639,11] 1 [640,13]
[640,13] 1 [641,15]
[641,15] 1 [642,19]
[642,19] 1 [643,21]
[643,21] 1 [644,25]
[644,25] 1 [645,27]
[645,27] 1 [646,29]
[646,29] 1 [647,32]
[647,32] 1 [648,35]
[648,35] 1 [649,38]
[649,38] 1 [650,40]
[650,40] 1 [651,44]
[651,44] 1 [652,48]
[652,48] 1 [653,52]
[653,52] 1 [654,56]
[654,56] 1 [655,59]
[655,59] 1 [656,61]
[656,61] 1 [657,65]
[657,65] 1 [658,69]
[658,69] 1 [659,73]
[659,73] 1 [660,76]
[660,76] 1 [661,79]
[661,79] 1 [662,82]
[662,82] 1 [663,86]
[663,86] 1 [664,88]
[664,88] 1 [665,90]
[665,90] 1 [666,94]
[666,94] 1 [667,98]
[667,98] 1 [668,102]
[668,102] 1 [669,104]
[669,104] 1 [670,107]
[670,107] 1 [671,109]
[671,109] 1 [672,111]
[672,111] 1 [673,115]
[673,115] 1 [674,119]
[674,119] 1 [675,123]
[675,123] 1 [676,126]
[676,126] 1 [677,128]
[677,128] 1 [678,130]
[678,130] 1 [679,134]
[679,134] 1 [680,137]
[680,137] 1 [681,139]
[681,139] 1 [682,141]
[682,141] 1 [683,145]
[683,145] 1 [684,147]
[684,147] 1 [685,150]
[685,150] 1 [686,154]
[686,154] 1 [687,158]
[687,158] 1 [688,160]
[688,160] 1 [689,164]
[689,164] 1 [690,167]
[690,167] 1 [691,169]
[691,169] 1 [692,173]
[692,173] 1 [693,175]
[693,175] 1 [694,177]
[694,177] 1 [695,6]
[695,6] 1 [696,6]
[696,6] 1 [697,6]
[697,6] 1 [698,6]
[698,6] 1 [699,6]
[699,6] 1 [700,6]
[700,6] 1 [701,6]
[701,6] 1 [702,6]
[702,6] 1 [703,6]
[703,6] 1 [704,7]
[704,7] 0 [705,7]
[705,7] 1 [706,8]
[706,8] 1 [707,11]
[707,11] 1 [708,15]
[708,15] 1 [709,19]
[709,19] 1 [710,22]
[710,22] 1 [711,26]
[711,26] 1 [712,28]
[712,28] 1 [713,30]
[713,30] 1 [714,34]
[714,34] 0 [715,34]
[715,34] 1 [716,37]
[716,37] 1 [717,41]
[717,41] 1 [718,45]
[718,45] 1 [719,49]
[719,49] 1 [720,53]
[720,53] 1 [721,55]
[721,55] 1 [722,59]
[722,59] 1 [723,63]
[723,63] 1 [724,67]
[724,67] 1 [725,71]
[725,71] 1 [726,74]
[726,74] 1 [727,77]
[727,77] 1 [728,81]
[728,81] 1 [729,84]
[729,84] 1 [730,88]
[730,88] 1 [731,91]
[731,91] 1 [732,95]
[732,95] 1 [733,97]
[733,97] 1 [734,101]
[734,101] 1 [735,103]
[735,103] 1 [736,106]
[736,106] 1 [737,108]
[737,108] 1 [738,110]
[738,110] 1 [739,114]
[739,114] 1 [740,117]
[740,117] 1 [741,119]
[741,119] 1 [742,123]
[742,123] 1 [743,127]
[743,127] 1 [744,131]
[744,131] 1 [745,135]
[745,135] 1 [746,138]
[746,138] 1 [747,140]
[747,140] 1 [748,143]
[748,143] 1 [749,146]
[749,146] 1 [750,148]
[750,148] 1 [751,152]
[751,152] 1 [752,154]
[752,154] 1 [753,157]
[753,157] 1 [754,159]
[754,159] 1 [755,163]
[755,163] 1 [756,166]
[756,166] 1 [757,168]
[757,168] 1 [758,172]
[758,172] 1 [759,175]
[759,175] 1 [760,6]
[760,6] 1 [761,6]
[761,6] 1 [762,6]
[762,6] 1 [763,6]
[763,6] 1 [764,6]
[764,6] 1 [765,6]
[765,6] 1 [766,6]
[766,6] 1 [767,6]
[767,6] 1 [768,6]
[768,6] 1 [769,8]
[769,8] 1 [770,12]
[770,12] 1 [771,14]
[771,14] 1 [772,16]
[772,16] 0 [773,16]
[773,16] 1 [774,20]
[774,20] 1 [775,24]
[775,24] 1 [776,26]
[776,26] 1 [777,28]
[777,28] 1 [778,30]
[778,30] 1 [779,34]
[779,34] 1 [780,38]
[780,38] 1 [781,42]
[781,42] 1 [782,44]
[782,44] 1 [783,46]
[783,46] 1 [784,48]
[784,48] 1 [785,50]
[785,50] 1 [786,52]
[786,52] 1 [787,56]
[787,56] 1 [788,60]
[788,60] 1 [789,63]
[789,63] 1 [790,67]
[790,67] 1 [791,69]
[791,69] 1 [792,72]
[792,72] 1 [793,75]
[793,75] 1 [794,79]
[794,79] 1 [795,81]
[795,81] 1 [796,85]
[796,85] 1 [797,88]
[797,88] 1 [798,90]
[798,90] 1 [799,93]
[799,93] 1 [800,96]
[800,96] 1 [801,100]
[801,100] 1 [802,104]
[802,104] 1 [803,107]
[803,107] 1 [804,111]
[804,111] 1 [805,115]
[805,115] 1 [806,119]
[806,119] 1 [807,121]
[807,121] 1 [808,123]
[808,123] 1 [809,126]
[809,126] 1 [810,130]
[810,130] 1 [811,134]
[811,134] 1 [812,137]
[812,137] 1 [813,139]
[813,139] 1 [814,143]
[814,143] 1 [815,146]
[815,146] 1 [816,150]
[816,150] 1 [817,154]
[817,154] 1 [818,158]
[818,158] 1 [819,161]
[819,161] 1 [820,163]
[820,163] 1 [821,167]
[821,167] 1 [822,171]
[822,171] 1 [823,175]
[823,175] 1 [824,6]
[824,6] 1 [825,6]
[825,6] 1 [826,6]
[826,6] 1 [827,6]
[827,6] 1 [828,6]
[828,6] 1 [829,6]
[829,6] 1 [830,6]
[830,6] 1 [831,6]
[831,6] 1 [832,6]
[832,6] 0 [833,6]
[833,6] 1 [834,10]
[834,10] 1 [835,12]
[835,12] 0 [836,14]
[836,14] 1 [837,16]
[837,16] 0 [838,16]
[838,16] 2 [839,13]
[839,13] 1 [840,12]
[840,12] 2 [841,8]
[841,8] 1 [842,10]
[842,10] 1 [843,13]
[843,13] 1 [844,16]
[844,16] 1 [845,18]
[845,18] 1 [846,22]
[846,22] 1 [847,25]
[847,25] 1 [848,28]
[848,28] 1 [849,31]
[849,31] 1 [850,35]
[850,35] 1 [851,39]
[851,39] 1 [852,43]
[852,43] 1 [853,47]
[853,47] 1 [854,51]
[854,51] 1 [855,54]
[855,54] 1 [856,56]
[856,56] 1 [857,58]
[857,58] 1 [858,61]
[858,61] 1 [859,65]
[859,65] 1 [860,68]
[860,68] 1 [861,72]
[861,72] 1 [862,76]
[862,76] 1 [863,79]
[863,79] 1 [864,83]
[864,83] 1 [865,87]
[865,87] 1 [866,91]
[866,91] 1 [867,94]
[867,94] 1 [868,96]
[868,96] 1 [869,98]
[869,98] 1 [870,101]
[870,101] 1 [871,103]
[871,103] 1 [872,107]
[872,107] 1 [873,110]
[873,110] 1 [874,112]
[874,112] 1 [875,114]
[875,114] 1 [876,117]
[876,117] 1 [877,119]
[877,119] 1 [878,122]
[878,122] 1 [879,126]
[879,126] 1 [880,128]
[880,128] 1 [881,130]
[881,130] 1 [882,134]
[882,134] 1 [883,137]
[883,137] 1 [884,139]
[884,139] 1 [885,141]
[885,141] 1 [886,144]
[886,144] 1 [887,146]
[887,146] 1 [888,149]
[888,149] 1 [889,153]
[889,153] 1 [890,157]
[890,157] 1 [891,161]
[891,161] 1 [892,165]
[892,165] 1 [893,167]
[893,167] 1 [894,170]
[894,170] 1 [895,173]
[895,173] 1 [896,177]
[896,177] 1 [897,6]
[897,6] 1 [898,6]
[898,6] 1 [899,6]
[899,6] 1 [900,6]
[900,6] 1 [901,6]
[901,6] 1 [902,6]
[902,6] 1 [903,6]
[903,6] 1 [904,6]
[904,6] 0 [905,6]
[905,6] 1 [906,10]
[906,10] 1 [907,12]
[907,12] 1 [908,15]
[908,15] 2 [909,11]
[909,11] 1 [910,13]
[910,13] 1 [911,17]
[911,17] 1 [912,20]
[912,20] 1 [913,23]
[913,23] 1 [914,26]
[914,26] 1 [915,28]
[915,28] 1 [916,31]
[916,31] 1 [917,33]
[917,33] 1 [918,36]
[918,36] 1 [919,38]
[919,38] 1 [920,41]
[920,41] 1 [921,43]
[921,43] 1 [922,45]
[922,45] 1 [923,47]
[923,47] 1 [924,51]
[924,51] 1 [925,55]
[925,55] 1 [926,59]
[926,59] 1 [927,62]
[927,62] 1 [928,66]
[928,66] 1 [929,68]
[929,68] 1 [930,70]
[930,70] 1 [931,73]
[931,73] 1 [932,76]
[932,76] 1 [933,80]
[933,80] 1 [934,83]
[934,83] 1 [935,85]
[935,85] 1 [936,87]
[936,87] 1 [937,89]
[937,89] 1 [938,91]
[938,91] 1 [939,95]
[939,95] 1 [940,99]
[940,99] 1 [941,101]
[941,101] 1 [942,104]
[942,104] 1 [943,107]
[943,107] 1 [944,109]
[944,109] 1 [945,111]
[945,111] 1 [946,114]
[946,114] 1 [947,117]
[947,117] 1 [948,121]
[948,121] 1 [949,123]
[949,123] 1 [950,126]
[950,126] 1 [951,130]
[951,130] 1 [952,133]
[952,133] 1 [953,137]
[953,137] 1 [954,141]
[954,141] 1 [955,143]
[955,143] 1 [956,145]
[956,145] 1 [957,149]
[957,149] 1 [958,152]
[958,152] 1 [959,156]
[959,156] 1 [960,159]
[960,159] 1 [961,163]
[961,163] 1 [962,167]
[962,167] 1 [963,171]
[963,171] 1 [964,173]
[964,173] 1 [965,176]
[965,176] 1 [966,6]
[966,6] 1 [967,6]
[967,6] 1 [968,6]
[968,6] 1 [969,6]
[969,6] 1 [970,6]
[970,6] 1 [971,6]
[971,6] 1 [972,6]
[972,6] 1 [973,6]
[973,6] 1 [974,6]
[974,6] 1 [975,6]
[975,6] 1 [976,8]
[976,8] 0 [977,8]
[977,8] 2 [978,6]
[978,6] 1 [979,9]
[979,9] 1 [980,12]
[980,12] 1 [981,16]
[981,16] 2 [982,13]
[982,13] 2 [983,9]
[983,9] 1 [984,11]
[984,11] 2 [985,8]
[985,8] 1 [986,11]
[986,11] 2 [987,9]
[987,9] 1 [988,11]
[988,11] 2 [989,9]
[989,9] 1 [990,11]
[990,11] 1 [991,13]
[991,13] 1 [992,16]
[992,16] 1 [993,20]
[993,20] 1 [994,23]
[994,23] 2 [995,19]
[995,19] 2 [996,15]
[996,15] 2 [997,11]
[997,11] 1 [998,13]
[998,13] 1 [999,15]
[999,15] 2 [1000,11]
[1000,11] 1 [1001,14]
[1001,14] 1 [1002,17]
[1002,17] 1 [1003,21]
[1003,21] 1 [1004,25]
[1004,25] 1 [1005,29]
[1005,29] 1 [1006,32]
[1006,32] 1 [1007,36]
[1007,36] 1 [1008,39]
[1008,39] 1 [1009,42]
[1009,42] 1 [1010,45]
[1010,45] 1 [1011,48]
[1011,48] 1 [1012,51]
[1012,51] 1 [1013,53]
[1013,53] 1 [1014,55]
[1014,55] 1 [1015,58]
[1015,58] 1 [1016,62]
[1016,62] 1 [1017,64]
[1017,64] 1 [1018,67]
[1018,67] 1 [1019,70]
[1019,70] 1 [1020,72]
[1020,72] 1 [1021,75]
[1021,75] 1 [1022,77]
[1022,77] 1 [1023,81]
[1023,81] 1 [1024,83]
[1024,83] 1 [1025,86]
[1025,86] 1 [1026,89]
[1026,89] 1 [1027,93]
[1027,93] 1 [1028,95]
[1028,95] 1 [1029,97]
[1029,97] 1 [1030,99]
[1030,99] 1 [1031,101]
[1031,101] 1 [1032,103]
[1032,103] 1 [1033,105]
[1033,105] 1 [1034,109]
[1034,109] 1 [1035,112]
[1035,112] 1 [1036,114]
[1036,114] 1 [1037,117]
[1037,117] 1 [1038,121]
[1038,121] 1 [1039,123]
[1039,123] 1 [1040,126]
[1040,126] 1 [1041,128]
[1041,128] 1 [1042,132]
[1042,132] 1 [1043,135]
[1043,135] 1 [1044,139]
[1044,139] 1 [1045,143]
[1045,143] 1 [1046,147]
[1046,147] 1 [1047,150]
[1047,150] 1 [1048,153]
[1048,153] 1 [1049,155]
[1049,155] 1 [1050,159]
[1050,159] 1 [1051,161]
[1051,161] 1 [1052,163]
[1052,163] 1 [1053,167]
[1053,167] 1 [1054,171]
[1054,171] 1 [1055,175]
[1055,175] 1 [1056,6]
[1056,6] 1 [1057,6]
[1057,6] 1 [1058,6]
[1058,6] 1 [1059,6]
[1059,6] 1 [1060,6]
[1060,6] 1 [1061,6]
[1061,6] 1 [1062,6]
[1062,6] 1 [1063,6]
[1063,6] 1 [1064,6]
[1064,6] 1 [1065,7]
[1065,7] 0 [1066,7]
[1066,7] 1 [1067,9]
[1067,9] 1 [1068,12]
[1068,12] 0 [1069,12]
[1069,12] 1 [1070,13]
[1070,13] 1 [1071,16]
[1071,16] 1 [1072,18]
[1072,18] 1 [1073,22]
[1073,22] 1 [1074,25]
[1074,25] 1 [1075,28]
[1075,28] 2 [1076,24]
[1076,24] 1 [1077,24]
[1077,24] 2 [1078,21]
[1078,21] 1 [1079,18]
[1079,18] 1 [1080,21]
[1080,21] 1 [1081,23]
[1081,23] 1 [1082,27]
[1082,27] 1 [1083,30]
[1083,30] 1 [1084,33]
[1084,33] 1 [1085,37]
[1085,37] 1 [1086,39]
[1086,39] 1 [1087,42]
[1087,42] 1 [1088,46]
[1088,46] 1 [1089,50]
[1089,50] 1 [1090,53]
[1090,53] 1 [1091,56]
[1091,56] 1 [1092,59]
[1092,59] 1 [1093,62]
[1093,62] 1 [1094,64]
[1094,64] 1 [1095,66]
[1095,66] 1 [1096,70]
[1096,70] 1 [1097,73]
[1097,73] 1 [1098,75]
[1098,75] 1 [1099,78]
[1099,78] 1 [1100,82]
[1100,82] 1 [1101,84]
[1101,84] 1 [1102,86]
[1102,86] 1 [1103,89]
[1103,89] 1 [1104,93]
[1104,93] 1 [1105,96]
[1105,96] 1 [1106,99]
[1106,99] 1 [1107,102]
[1107,102] 1 [1108,106]
[1108,106] 1 [1109,110]
[1109,110] 1 [1110,112]
[1110,112] 1 [1111,115]
[1111,115] 1 [1112,119]
[1112,119] 1 [1113,121]
[1113,121] 1 [1114,124]
[1114,124] 1 [1115,126]
[1115,126] 1 [1116,130]
[1116,130] 1 [1117,133]
[1117,133] 1 [1118,135]
[1118,135] 1 [1119,138]
[1119,138] 1 [1120,141]
[1120,141] 1 [1121,144]
[1121,144] 1 [1122,148]
[1122,148] 1 [1123,152]
[1123,152] 1 [1124,154]
[1124,154] 1 [1125,156]
[1125,156] 1 [1126,159]
[1126,159] 1 [1127,162]
[1127,162] 1 [1128,164]
[1128,164] 1 [1129,167]
[1129,167] 1 [1130,170]
[1130,170] 1 [1131,172]
[1131,172] 1 [1132,176]
[1132,176] 1 [1133,6]
[1133,6] 1 [1134,6]
[1134,6] 1 [1135,6]
[1135,6] 1 [1136,6]
[1136,6] 1 [1137,6]
[1137,6] 1 [1138,6]
[1138,6] 1 [1139,6]
[1139,6] 1 [1140,6]
[1140,6] 1 [1141,6]
[1141,6] 1 [1142,10]
[1142,10] 0 [1143,10]
[1143,10] 0 [1144,10]
[1144,10] 2 [1145,7]
[1145,7] 1 [1146,8]
[1146,8] 1 [1147,12]
[1147,12] 1 [1148,15]
[1148,15] 1 [1149,19]
[1149,19] 2 [1150,15]
[1150,15] 2 [1151,11]
[1151,11] 2 [1152,8]
[1152,8] 1 [1153,10]
[1153,10] 1 [1154,13]
[1154,13] 2 [1155,11]
[1155,11] 2 [1156,9]
[1156,9] 1 [1157,7]
[1157,7] 2 [1158,6]
[1158,6] 1 [1159,8]
[1159,8] 1 [1160,11]
[1160,11] 2 [1161,9]
[1161,9] 1 [1162,9]
[1162,9] 1 [1163,11]
[1163,11] 1 [1164,13]
[1164,13] 1 [1165,15]
[1165,15] 1 [1166,19]
[1166,19] 2 [1167,16]
[1167,16] 2 [1168,12]
[1168,12] 1 [1169,15]
[1169,15] 1 [1170,18]
[1170,18] 1 [1171,20]
[1171,20] 1 [1172,23]
[1172,23] 1 [1173,25]
[1173,25] 1 [1174,27]
[1174,27] 1 [1175,29]
[1175,29] 1 [1176,31]
[1176,31] 1 [1177,33]
[1177,33] 1 [1178,37]
[1178,37] 1 [1179,39]
[1179,39] 1 [1180,43]
[1180,43] 1 [1181,46]
[1181,46] 1 [1182,49]
[1182,49] 1 [1183,53]
[1183,53] 1 [1184,55]
[1184,55] 1 [1185,59]
[1185,59] 1 [1186,61]
[1186,61] 1 [1187,64]
[1187,64] 1 [1188,66]
[1188,66] 1 [1189,70]
[1189,70] 1 [1190,73]
[1190,73] 1 [1191,76]
[1191,76] 1 [1192,80]
[1192,80] 1 [1193,82]
[1193,82] 1 [1194,85]
[1194,85] 1 [1195,87]
[1195,87] 1 [1196,90]
[1196,90] 1 [1197,92]
[1197,92] 1 [1198,96]
[1198,96] 1 [1199,99]
[1199,99] 1 [1200,101]
[1200,101] 1 [1201,105]
[1201,105] 1 [1202,107]
[1202,107] 1 [1203,110]
[1203,110] 1 [1204,114]
[1204,114] 2 [1205,114]
[1205,114] 2 [1206,110]
[1206,110] 2 [1207,107]
[1207,107] 1 [1208,108]
[1208,108] 1 [1209,112]
[1209,112] 1 [1210,114]
[1210,114] 1 [1211,118]
[1211,118] 1 [1212,120]
[1212,120] 1 [1213,122]
[1213,122] 1 [1214,126]
[1214,126] 1 [1215,128]
[1215,128] 1 [1216,132]
[1216,132] 1 [1217,135]
[1217,135] 1 [1218,137]
[1218,137] 1 [1219,140]
[1219,140] 1 [1220,143]
[1220,143] 1 [1221,146]
[1221,146] 1 [1222,148]
[1222,148] 1 [1223,152]
[1223,152] 1 [1224,156]
[1224,156] 1 [1225,160]
[1225,160] 1 [1226,163]
[1226,163] 1 [1227,167]
[1227,167] 1 [1228,170]
[1228,170] 1 [1229,174]
[1229,174] 1 [1230,177]
[1230,177] 1 [1231,6]
[1231,6] 1 [1232,6]
[1232,6] 1 [1233,6]
[1233,6] 1 [1234,6]
[1234,6] 1 [1235,6]
[1235,6] 1 [1236,6]
[1236,6] 1 [1237,6]
[1237,6] 1 [1238,6]
[1238,6] 1 [1239,6]
[1239,6] 1 [1240,6]
[1240,6] 1 [1241,7]
[1241,7] 1 [1242,10]
[1242,10] 1 [1243,13]
[1243,13] 1 [1244,15]
[1244,15] 1 [1245,18]
[1245,18] 1 [1246,21]
[1246,21] 1 [1247,24]
[1247,24] 1 [1248,28]
[1248,28] 1 [1249,31]
[1249,31] 1 [1250,35]
[1250,35] 1 [1251,37]
[1251,37] 1 [1252,39]
[1252,39] 1 [1253,42]
[1253,42] 1 [1254,46]
[1254,46] 1 [1255,48]
[1255,48] 1 [1256,50]
[1256,50] 1 [1257,52]
[1257,52] 1 [1258,54]
[1258,54] 1 [1259,58]
[1259,58] 1 [1260,61]
[1260,61] 1 [1261,63]
[1261,63] 1 [1262,65]
[1262,65] 1 [1263,68]
[1263,68] 1 [1264,70]
[1264,70] 1 [1265,74]
[1265,74] 1 [1266,76]
[1266,76] 1 [1267,80]
[1267,80] 1 [1268,83]
[1268,83] 1 [1269,87]
[1269,87] 1 [1270,91]
[1270,91] 1 [1271,95]
[1271,95] 1 [1272,98]
[1272,98] 1 [1273,101]
[1273,101] 1 [1274,103]
[1274,103] 1 [1275,107]
[1275,107] 1 [1276,111]
[1276,111] 1 [1277,113]
[1277,113] 1 [1278,116]
[1278,116] 1 [1279,118]
[1279,118] 1 [1280,122]
[1280,122] 1 [1281,126]
[1281,126] 1 [1282,130]
[1282,130] 1 [1283,133]
[1283,133] 1 [1284,137]
[1284,137] 1 [1285,140]
[1285,140] 1 [1286,142]
[1286,142] 1 [1287,146]
[1287,146] 1 [1288,148]
[1288,148] 1 [1289,150]
[1289,150] 1 [1290,153]
[1290,153] 1 [1291,156]
[1291,156] 1 [1292,158]
[1292,158] 1 [1293,161]
[1293,161] 1 [1294,163]
[1294,163] 1 [1295,166]
[1295,166] 1 [1296,170]
[1296,170] 1 [1297,173]
[1297,173] 1 [1298,176]
[1298,176] 1 [1299,6]
[1299,6] 1 [1300,6]
[1300,6] 1 [1301,6]
[1301,6] 1 [1302,6]
[1302,6] 1 [1303,6]
[1303,6] 1 [1304,6]
[1304,6] 1 [1305,6]
[1305,6] 1 [1306,6]
[1306,6] 1 [1307,6]
[1307,6] 1 [1308,6]
[1308,6] 1 [1309,6]
[1309,6] 1 [1310,7]
[1310,7] 0 [1311,7]
[1311,7] 1 [1312,11]
[1312,11] 0 [1313,11]
[1313,11] 1 [1314,15]
[1314,15] 2 [1315,11]
[1315,11] 1 [1316,13]
[1316,13] 1 [1317,16]
[1317,16] 1 [1318,18]
[1318,18] 1 [1319,21]
[1319,21] 1 [1320,25]
[1320,25] 1 [1321,29]
[1321,29] 1 [1322,31]
[1322,31] 1 [1323,33]
[1323,33] 1 [1324,37]
[1324,37] 1 [1325,41]
[1325,41] 1 [1326,43]
[1326,43] 1 [1327,45]
[1327,45] 1 [1328,49]
[1328,49] 2 [1329,47]
[1329,47] 1 [1330,45]
[1330,45] 1 [1331,47]
[1331,47] 1 [1332,50]
[1332,50] 1 [1333,52]
[1333,52] 2 [1334,49]
[1334,49] 2 [1335,46]
[1335,46] 1 [1336,48]
[1336,48] 1 [1337,50]
[1337,50] 1 [1338,52]
[1338,52] 1 [1339,56]
[1339,56] 1 [1340,59]
[1340,59] 1 [1341,62]
[1341,62] 1 [1342,65]
[1342,65] 1 [1343,69]
[1343,69] 1 [1344,73]
[1344,73] 1 [1345,76]
[1345,76] 1 [1346,78]
[1346,78] 1 [1347,81]
[1347,81] 1 [1348,84]
[1348,84] 1 [1349,86]
[1349,86] 1 [1350,88]
[1350,88] 1 [1351,90]
[1351,90] 1 [1352,92]
[1352,92] 1 [1353,96]
[1353,96] 1 [1354,99]
[1354,99] 1 [1355,103]
[1355,103] 1 [1356,107]
[1356,107] 1 [1357,111]
[1357,111] 1 [1358,115]
[1358,115] 1 [1359,119]
[1359,119] 1 [1360,122]
[1360,122] 1 [1361,125]
[1361,125] 1 [1362,129]
[1362,129] 1 [1363,131]
[1363,131] 1 [1364,134]
[1364,134] 1 [1365,136]
[1365,136] 1 [1366,139]
[1366,139] 1 [1367,143]
[1367,143] 1 [1368,147]
[1368,147] 1 [1369,151]
[1369,151] 1 [1370,153]
[1370,153] 1 [1371,155]
[1371,155] 1 [1372,159]
[1372,159] 1 [1373,161]
[1373,161] 1 [1374,164]
[1374,164] 1 [1375,168]
[1375,168] 1 [1376,172]
[1376,172] 1 [1377,175]
[1377,175] 1 [1378,6]
[1378,6] 1 [1379,6]
[1379,6] 1 [1380,6]
[1380,6] 1 [1381,6]
[1381,6] 1 [1382,6]
[1382,6] 1 [1383,6]
[1383,6] 1 [1384,6]
[1384,6] 1 [1385,6]
[1385,6] 1 [1386,6]
[1386,6] 1 [1387,6]
[1387,6] 1 [1388,6]
[1388,6] 1 [1389,7]
[1389,7] 1 [1390,10]
[1390,10] 1 [1391,12]
[1391,12] 0 [1392,12]
[1392,12] 0 [1393,12]
[1393,12] 2 [1394,10]
[1394,10] 1 [1395,7]
[1395,7] 1 [1396,9]
[1396,9] 1 [1397,11]
[1397,11] 2 [1398,9]
[1398,9] 1 [1399,9]
[1399,9] 1 [1400,12]
[1400,12] 2 [1401,8]
[1401,8] 0 [1402,8]
[1402,8] 2 [1403,6]
[1403,6] 1 [1404,8]
[1404,8] 1 [1405,10]
[1405,10] 2 [1406,7]
[1406,7] 1 [1407,10]
[1407,10] 2 [1408,6]
[1408,6] 1 [1409,8]
[1409,8] 1 [1410,10]
[1410,10] 1 [1411,12]
[1411,12] 2 [1412,8]
[1412,8] 1 [1413,6]
[1413,6] 1 [1414,10]
[1414,10] 1 [1415,13]
[1415,13] 2 [1416,9]
[1416,9] 1 [1417,13]
[1417,13] 1 [1418,15]
[1418,15] 1 [1419,17]
[1419,17] 1 [1420,19]
[1420,19] 1 [1421,22]
[1421,22] 1 [1422,25]
[1422,25] 1 [1423,27]
[1423,27] 1 [1424,30]
[1424,30] 1 [1425,32]
[1425,32] 1 [1426,34]
[1426,34] 1 [1427,38]
[1427,38] 1 [1428,40]
[1428,40] 1 [1429,43]
[1429,43] 1 [1430,46]
[1430,46] 1 [1431,48]
[1431,48] 1 [1432,51]
[1432,51] 1 [1433,54]
[1433,54] 1 [1434,56]
[1434,56] 1 [1435,59]
[1435,59] 1 [1436,62]
[1436,62] 1 [1437,64]
[1437,64] 1 [1438,66]
[1438,66] 1 [1439,70]
[1439,70] 1 [1440,74]
[1440,74] 1 [1441,78]
[1441,78] 1 [1442,82]
[1442,82] 1 [1443,84]
[1443,84] 1 [1444,86]
[1444,86] 1 [1445,88]
[1445,88] 1 [1446,92]
[1446,92] 1 [1447,95]
[1447,95] 1 [1448,98]
[1448,98] 1 [1449,102]
[1449,102] 1 [1450,104]
[1450,104] 1 [1451,107]
[1451,107] 1 [1452,110]
[1452,110] 1 [1453,112]
[1453,112] 1 [1454,115]
[1454,115] 1 [1455,119]
[1455,119] 1 [1456,122]
[1456,122] 1 [1457,126]
[1457,126] 1 [1458,128]
[1458,128] 1 [1459,131]
[1459,131] 1 [1460,134]
[1460,134] 1 [1461,137]
[1461,137] 1 [1462,140]
[1462,140] 1 [1463,143]
[1463,143] 1 [1464,147]
[1464,147] 1 [1465,150]
[1465,150] 1 [1466,154]
[1466,154] 1 [1467,157]
[1467,157] 1 [1468,160]
[1468,160] 1 [1469,162]
[1469,162] 1 [1470,166]
[1470,166] 1 [1471,169]
[1471,169] 1 [1472,171]
[1472,171] 1 [1473,175]
[1473,175] 1 [1474,6]
[1474,6] 1 [1475,6]
[1475,6] 1 [1476,6]
[1476,6] 1 [1477,6]
[1477,6] 1 [1478,6]
[1478,6] 1 [1479,6]
[1479,6] 1 [1480,6]
[1480,6] 1 [1481,6]
[1481,6] 1 [1482,6]
[1482,6] 1 [1483,6]
[1483,6] 1 [1484,7]
[1484,7] 2 [1485,6]
[1485,6] 1 [1486,10]
[1486,10] 1 [1487,12]
[1487,12] 1 [1488,15]
[1488,15] 1 [1489,18]
[1489,18] 1 [1490,22]
[1490,22] 1 [1491,25]
[1491,25] 1 [1492,29]
[1492,29] 1 [1493,32]
[1493,32] 1 [1494,36]
[1494,36] 1 [1495,40]
[1495,40] 1 [1496,43]
[1496,43] 1 [1497,47]
[1497,47] 1 [1498,49]
[1498,49] 1 [1499,53]
[1499,53] 1 [1500,57]
[1500,57] 1 [1501,59]
[1501,59] 1 [1502,62]
[1502,62] 1 [1503,66]
[1503,66] 1 [1504,70]
[1504,70] 1 [1505,72]
[1505,72] 1 [1506,75]
[1506,75] 1 [1507,78]
[1507,78] 1 [1508,82]
[1508,82] 1 [1509,86]
[1509,86] 1 [1510,88]
[1510,88] 1 [1511,92]
[1511,92] 1 [1512,95]
[1512,95] 1 [1513,99]
[1513,99] 1 [1514,102]
[1514,102] 1 [1515,106]
[1515,106] 1 [1516,110]
[1516,110] 1 [1517,112]
[1517,112] 1 [1518,116]
[1518,116] 1 [1519,120]
[1519,120] 1 [1520,122]
[1520,122] 1 [1521,124]
[1521,124] 1 [1522,127]
[1522,127] 1 [1523,129]
[1523,129] 1 [1524,132]
[1524,132] 1 [1525,136]
[1525,136] 1 [1526,139]
[1526,139] 1 [1527,141]
[1527,141] 1 [1528,145]
[1528,145] 1 [1529,149]
[1529,149] 1 [1530,151]
[1530,151] 1 [1531,153]
[1531,153] 1 [1532,157]
[1532,157] 1 [1533,161]
[1533,161] 1 [1534,163]
[1534,163] 1 [1535,167]
[1535,167] 1 [1536,171]
[1536,171] 1 [1537,175]
[1537,175] 1 [1538,177]
[1538,177] 1 [1539,6]
[1539,6] 1 [1540,6]
[1540,6] 1 [1541,6]
[1541,6] 1 [1542,6]
[1542,6] 1 [1543,6]
[1543,6] 1 [1544,6]
[1544,6] 1 [1545,6]
[1545,6] 1 [1546,6]
[1546,6] 1 [1547,6]
[1547,6] 1 [1548,9]
[1548,9] 1 [1549,11]
[1549,11] 1 [1550,15]
[1550,15] 0 [1551,16]
[1551,16] 1 [1552,20]
[1552,20] 1 [1553,23]
[1553,23] 1 [1554,27]
[1554,27] 1 [1555,30]
[1555,30] 2 [1556,26]
[1556,26] 1 [1557,29]
[1557,29] 1 [1558,31]
[1558,31] 1 [1559,34]
[1559,34] 1 [1560,37]
[1560,37] 1 [1561,41]
[1561,41] 1 [1562,43]
[1562,43] 1 [1563,46]
[1563,46] 1 [1564,50]
[1564,50] 1 [1565,53]
[1565,53] 1 [1566,55]
[1566,55] 1 [1567,57]
[1567,57] 1 [1568,60]
[1568,60] 1 [1569,63]
[1569,63] 1 [1570,65]
[1570,65] 1 [1571,67]
[1571,67] 1 [1572,69]
[1572,69] 1 [1573,71]
[1573,71] 1 [1574,75]
[1574,75] 1 [1575,77]
[1575,77] 1 [1576,79]
[1576,79] 1 [1577,83]
[1577,83] 1 [1578,87]
[1578,87] 1 [1579,90]
[1579,90] 1 [1580,92]
[1580,92] 1 [1581,95]
[1581,95] 1 [1582,98]
[1582,98] 1 [1583,102]
[1583,102] 1 [1584,106]
[1584,106] 1 [1585,108]
[1585,108] 1 [1586,111]
[1586,111] 1 [1587,113]
[1587,113] 1 [1588,115]
[1588,115] 1 [1589,119]
[1589,119] 1 [1590,122]
[1590,122] 1 [1591,124]
[1591,124] 1 [1592,127]
[1592,127] 1 [1593,129]
[1593,129] 1 [1594,133]
[1594,133] 1 [1595,137]
[1595,137] 1 [1596,141]
[1596,141] 1 [1597,145]
[1597,145] 1 [1598,147]
[1598,147] 1 [1599,150]
[1599,150] 1 [1600,154]
[1600,154] 1 [1601,156]
[1601,156] 1 [1602,158]
[1602,158] 1 [1603,162]
[1603,162] 1 [1604,164]
[1604,164] 1 [1605,167]
[1605,167] 1 [1606,169]
[1606,169] 1 [1607,171]
[1607,171] 1 [1608,174]
[1608,174] 1 [1609,177]
[1609,177] 1 [1610,6]
[1610,6] 1 [1611,6]
[1611,6] 1 [1612,6]
[1612,6] 1 [1613,6]
[1613,6] 1 [1614,6]
[1614,6] 1 [1615,6]
[1615,6] 1 [1616,6]
[1616,6] 1 [1617,6]
[1617,6] 1 [1618,6]
[1618,6] 1 [1619,6]
[1619,6] 1 [1620,6]
[1620,6] 1 [1621,9]
[1621,9] 1 [1622,11]
[1622,11] 1 [1623,14]
[1623,14] 2 [1624,12]
[1624,12] 1 [1625,15]
[1625,15] 1 [1626,19]
[1626,19] 2 [1627,15]
[1627,15] 2 [1628,12]
[1628,12] 2 [1629,10]
[1629,10] 1 [1630,12]
[1630,12] 1 [1631,15]
[1631,15] 1 [1632,17]
[1632,17] 2 [1633,14]
[1633,14] 2 [1634,10]
[1634,10] 1 [1635,10]
[1635,10] 1 [1636,12]
[1636,12] 1 [1637,14]
[1637,14] 1 [1638,16]
[1638,16] 1 [1639,18]
[1639,18] 1 [1640,20]
[1640,20] 2 [1641,17]
[1641,17] 2 [1642,14]
[1642,14] 1 [1643,15]
[1643,15] 1 [1644,18]
[1644,18] 1 [1645,20]
[1645,20] 2 [1646,16]
[1646,16] 2 [1647,12]
[1647,12] 1 [1648,15]
[1648,15] 1 [1649,18]
[1649,18] 1 [1650,21]
[1650,21] 1 [1651,24]
[1651,24] 1 [1652,27]
[1652,27] 1 [1653,31]
[1653,31] 1 [1654,34]
[1654,34] 1 [1655,36]
[1655,36] 1 [1656,39]
[1656,39] 1 [1657,42]
[1657,42] 1 [1658,45]
[1658,45] 1 [1659,48]
[1659,48] 1 [1660,51]
[1660,51] 1 [1661,55]
[1661,55] 1 [1662,58]
[1662,58] 1 [1663,60]
[1663,60] 1 [1664,64]
[1664,64] 1 [1665,68]
[1665,68] 1 [1666,71]
[1666,71] 1 [1667,73]
[1667,73] 1 [1668,76]
[1668,76] 1 [1669,78]
[1669,78] 1 [1670,81]
[1670,81] 1 [1671,83]
[1671,83] 1 [1672,87]
[1672,87] 1 [1673,90]
[1673,90] 1 [1674,94]
[1674,94] 1 [1675,96]
[1675,96] 1 [1676,100]
[1676,100] 1 [1677,102]
[1677,102] 1 [1678,104]
[1678,104] 1 [1679,107]
[1679,107] 1 [1680,111]
[1680,111] 1 [1681,113]
[1681,113] 1 [1682,116]
[1682,116] 1 [1683,120]
[1683,120] 1 [1684,122]
[1684,122] 1 [1685,125]
[1685,125] 1 [1686,129]
[1686,129] 1 [1687,133]
[1687,133] 1 [1688,137]
[1688,137] 1 [1689,141]
[1689,141] 1 [1690,145]
[1690,145] 1 [1691,149]
[1691,149] 1 [1692,153]
[1692,153] 1 [1693,156]
[1693,156] 1 [1694,160]
[1694,160] 1 [1695,162]
[1695,162] 1 [1696,164]
[1696,164] 1 [1697,168]
[1697,168] 1 [1698,170]
[1698,170] 1 [1699,174]
[1699,174] 1 [1700,177]
[1700,177] 1 [1701,6]
[1701,6] 1 [1702,6]
[1702,6] 1 [1703,6]
[1703,6] 1 [1704,6]
[1704,6] 1 [1705,6]
[1705,6] 1 [1706,6]
[1706,6] 1 [1707,6]
[1707,6] 1 [1708,6]
[1708,6] 1 [1709,6]
[1709,6] 1 [1710,6]
[1710,6] 1 [1711,8]
[1711,8] 1 [1712,12]
[1712,12] 1 [1713,14]
[1713,14] 0 [1714,14]
[1714,14] 2 [1715,12]
[1715,12] 2 [1716,9]
[1716,9] 1 [1717,9]
[1717,9] 2 [1718,7]
[1718,7] 0 [1719,6]
[1719,6] 1 [1720,8]
[1720,8] 1 [1721,11]
[1721,11] 2 [1722,8]
[1722,8] 1 [1723,10]
[1723,10] 1 [1724,12]
[1724,12] 1 [1725,14]
[1725,14] 1 [1726,18]
[1726,18] 1 [1727,22]
[1727,22] 1 [1728,26]
[1728,26] 1 [1729,30]
[1729,30] 1 [1730,33]
[1730,33] 1 [1731,35]
[1731,35] 1 [1732,38]
[1732,38] 1 [1733,41]
[1733,41] 1 [1734,45]
[1734,45] 1 [1735,47]
[1735,47] 1 [1736,50]
[1736,50] 1 [1737,54]
[1737,54] 1 [1738,58]
[1738,58] 1 [1739,62]
[1739,62] 1 [1740,66]
[1740,66] 1 [1741,70]
[1741,70] 1 [1742,72]
[1742,72] 1 [1743,75]
[1743,75] 1 [1744,79]
[1744,79] 1 [1745,81]
[1745,81] 1 [1746,83]
[1746,83] 1 [1747,87]
[1747,87] 1 [1748,90]
[1748,90] 1 [1749,92]
[1749,92] 1 [1750,94]
[1750,94] 1 [1751,96]
[1751,96] 1 [1752,99]
[1752,99] 1 [1753,103]
[1753,103] 1 [1754,105]
[1754,105] 1 [1755,109]
[1755,109] 1 [1756,113]
[1756,113] 1 [1757,117]
[1757,117] 1 [1758,121]
[1758,121] 1 [1759,123]
[1759,123] 1 [1760,126]
[1760,126] 1 [1761,130]
[1761,130] 1 [1762,134]
[1762,134] 1 [1763,138]
[1763,138] 1 [1764,142]
[1764,142] 1 [1765,146]
[1765,146] 1 [1766,148]
[1766,148] 1 [1767,152]
[1767,152] 1 [1768,154]
[1768,154] 1 [1769,158]
[1769,158] 1 [1770,162]
[1770,162] 1 [1771,165]
[1771,165] 1 [1772,169]
[1772,169] 1 [1773,172]
[1773,172] 1 [1774,175]
[1774,175] 1 [1775,6]
[1775,6] 1 [1776,6]
[1776,6] 1 [1777,6]
[1777,6] 1 [1778,6]
[1778,6] 1 [1779,6]
[1779,6] 1 [1780,6]
[1780,6] 1 [1781,6]
[1781,6] 1 [1782,6]
[1782,6] 1 [1783,6]
[1783,6] 1 [1784,6]
[1784,6] 1 [1785,6]
[1785,6] 1 [1786,6]
[1786,6] 0 [1787,6]
[1787,6] 1 [1788,9]
[1788,9] 1 [1789,11]
[1789,11] 1 [1790,15]
[1790,15] 1 [1791,17]
[1791,17] 2 [1792,16]
[1792,16] 2 [1793,12]
[1793,12] 1 [1794,12]
[1794,12] 2 [1795,8]
[1795,8] 1 [1796,9]
[1796,9] 1 [1797,11]
[1797,11] 0 [1798,12]
[1798,12] 2 [1799,9]
[1799,9] 1 [1800,11]
[1800,11] 2 [1801,9]
[1801,9] 1 [1802,11]
[1802,11] 2 [1803,9]
[1803,9] 1 [1804,11]
[1804,11] 1 [1805,13]
[1805,13] 1 [1806,16]
[1806,16] 2 [1807,12]
[1807,12] 1 [1808,14]
[1808,14] 2 [1809,10]
[1809,10] 1 [1810,10]
[1810,10] 1 [1811,12]
[1811,12] 1 [1812,16]
[1812,16] 1 [1813,19]
[1813,19] 1 [1814,22]
[1814,22] 1 [1815,26]
[1815,26] 1 [1816,30]
[1816,30] 1 [1817,32]
[1817,32] 1 [1818,35]
[1818,35] 1 [1819,38]
[1819,38] 1 [1820,41]
[1820,41] 1 [1821,43]
[1821,43] 1 [1822,46]
[1822,46] 1 [1823,50]
[1823,50] 1 [1824,53]
[1824,53] 1 [1825,56]
[1825,56] 1 [1826,60]
[1826,60] 1 [1827,64]
[1827,64] 1 [1828,67]
[1828,67] 1 [1829,69]
[1829,69] 1 [1830,71]
[1830,71] 1 [1831,75]
[1831,75] 1 [1832,77]
[1832,77] 1 [1833,81]
[1833,81] 1 [1834,85]
[1834,85] 1 [1835,87]
[1835,87] 1 [1836,91]
[1836,91] 1 [1837,95]
[1837,95] 1 [1838,98]
[1838,98] 1 [1839,101]
[1839,101] 1 [1840,104]
[1840,104] 1 [1841,108]
[1841,108] 1 [1842,112]
[1842,112] 1 [1843,116]
[1843,116] 2 [1844,112]
[1844,112] 0 [1845,111]
[1845,111] 2 [1846,109]
[1846,109] 2 [1847,105]
[1847,105] 1 [1848,108]
[1848,108] 1 [1849,110]
[1849,110] 1 [1850,114]
[1850,114] 1 [1851,118]
[1851,118] 1 [1852,122]
[1852,122] 1 [1853,126]
[1853,126] 1 [1854,129]
[1854,129] 1 [1855,131]
[1855,131] 1 [1856,133]
[1856,133] 1 [1857,136]
[1857,136] 1 [1858,139]
[1858,139] 1 [1859,142]
[1859,142] 1 [1860,146]
[1860,146] 1 [1861,150]
[1861,150] 1 [1862,152]
[1862,152] 1 [1863,154]
[1863,154] 1 [1864,158]
[1864,158] 1 [1865,162]
[1865,162] 1 [1866,165]
[1866,165] 1 [1867,169]
[1867,169] 1 [1868,171]
[1868,171] 1 [1869,175]
[1869,175] 1 [1870,177]
[1870,177] 1 [1871,6]
[1871,6] 1 [1872,6]
[1872,6] 1 [1873,6]
[1873,6] 1 [1874,6]
[1874,6] 1 [1875,6]
[1875,6] 1 [1876,6]
[1876,6] 1 [1877,6]
[1877,6] 1 [1878,6]
[1878,6] 1 [1879,6]
[1879,6] 1 [1880,6]
[1880,6] 1 [1881,6]
[1881,6] 1 [1882,9]
[1882,9] 1 [1883,13]
[1883,13] 1 [1884,17]
[1884,17] 1 [1885,21]
[1885,21] 1 [1886,25]
[1886,25] 1 [1887,29]
[1887,29] 1 [1888,32]
[1888,32] 1 [1889,35]
[1889,35] 1 [1890,39]
[1890,39] 1 [1891,41]
[1891,41] 1 [1892,43]
[1892,43] 1 [1893,47]
[1893,47] 1 [1894,50]
[1894,50] 1 [1895,53]
[1895,53] 1 [1896,56]
[1896,56] 1 [1897,58]
[1897,58] 1 [1898,61]
[1898,61] 1 [1899,65]
[1899,65] 1 [1900,67]
[1900,67] 1 [1901,69]
[1901,69] 1 [1902,72]
[1902,72] 1 [1903,74]
[1903,74] 1 [1904,78]
[1904,78] 1 [1905,81]
[1905,81] 1 [1906,84]
[1906,84] 1 [1907,86]
[1907,86] 1 [1908,89]
[1908,89] 1 [1909,92]
[1909,92] 1 [1910,95]
[1910,95] 1 [1911,98]
[1911,98] 1 [1912,101]
[1912,101] 1 [1913,103]
[1913,103] 1 [1914,107]
[1914,107] 1 [1915,110]
[1915,110] 1 [1916,114]
[1916,114] 1 [1917,117]
[1917,117] 1 [1918,121]
[1918,121] 1 [1919,125]
[1919,125] 1 [1920,128]
[1920,128] 1 [1921,130]
[1921,130] 1 [1922,132]
[1922,132] 1 [1923,134]
[1923,134] 1 [1924,138]
[1924,138] 1 [1925,141]
[1925,141] 1 [1926,143]
[1926,143] 1 [1927,147]
[1927,147] 1 [1928,151]
[1928,151] 1 [1929,153]
[1929,153] 1 [1930,156]
[1930,156] 1 [1931,160]
[1931,160] 1 [1932,163]
[1932,163] 1 [1933,166]
[1933,166] 1 [1934,168]
[1934,168] 1 [1935,170]
[1935,170] 1 [1936,172]
[1936,172] 1 [1937,176]
[1937,176] 1 [1938,6]
[1938,6] 1 [1939,6]
[1939,6] 1 [1940,6]
[1940,6] 1 [1941,6]
[1941,6] 1 [1942,6]
[1942,6] 1 [1943,6]
[1943,6] 1 [1944,6]
[1944,6] 1 [1945,6]
[1945,6] 1 [1946,6]
[1946,6] 1 [1947,6]
[1947,6] 1 [1948,9]
[1948,9] 1 [1949,12]
[1949,12] 1 [1950,15]
[1950,15] 1 [1951,17]
[1951,17] 1 [1952,21]
[1952,21] 2 [1953,19]
[1953,19] 2 [1954,15]
[1954,15] 2 [1955,12]
[1955,12] 1 [1956,15]
[1956,15] 1 [1957,17]
[1957,17] 1 [1958,19]
[1958,19] 1 [1959,21]
[1959,21] 1 [1960,25]
[1960,25] 1 [1961,29]
[1961,29] 1 [1962,31]
[1962,31] 1 [1963,33]
[1963,33] 1 [1964,35]
[1964,35] 1 [1965,37]
[1965,37] 1 [1966,40]
[1966,40] 1 [1967,42]
[1967,42] 1 [1968,44]
[1968,44] 1 [1969,48]
[1969,48] 1 [1970,51]
[1970,51] 0 [1971,51]
[1971,51] 2 [1972,47]
[1972,47] 1 [1973,47]
[1973,47] 1 [1974,49]
[1974,49] 1 [1975,53]
[1975,53] 1 [1976,56]
[1976,56] 1 [1977,60]
[1977,60] 2 [1978,56]
[1978,56] 1 [1979,59]
[1979,59] 1 [1980,61]
[1980,61] 1 [1981,64]
[1981,64] 1 [1982,68]
[1982,68] 1 [1983,72]
[1983,72] 1 [1984,76]
[1984,76] 1 [1985,80]
[1985,80] 1 [1986,83]
[1986,83] 1 [1987,85]
[1987,85] 1 [1988,87]
[1988,87] 1 [1989,89]
[1989,89] 1 [1990,93]
[1990,93] 1 [1991,95]
[1991,95] 1 [1992,97]
[1992,97] 1 [1993,101]
[1993,101] 1 [1994,105]
[1994,105] 1 [1995,107]
[1995,107] 1 [1996,111]
[1996,111] 1 [1997,113]
[1997,113] 1 [1998,117]
[1998,117] 1 [1999,119]
[1999,119] 1 [2000,123]
[2000,123] 1 [2001,126]
[2001,126] 1 [2002,129]
[2002,129] 1 [2003,132]
[2003,132] 1 [2004,136]
[2004,136] 1 [2005,140]
[2005,140] 1 [2006,144]
[2006,144] 1 [2007,146]
[2007,146] 1 [2008,148]
[2008,148] 1 [2009,151]
[2009,151] 1 [2010,154]
[2010,154] 1 [2011,156]
[2011,156] 1 [2012,158]
[2012,158] 1 [2013,162]
[2013,162] 1 [2014,165]
[2014,165] 1 [2015,168]
[2015,168] 1 [2016,171]
[2016,171] 1 [2017,175]
[2017,175] 1 [2018,177]
[2018,177] 1 [2019,6]
[2019,6] 1 [2020,6]
[2020,6] 1 [2021,6]
[2021,6] 1 [2022,6]
[2022,6] 1 [2023,6]
[2023,6] 1 [2024,6]
[2024,6] 1 [2025,6]
[2025,6] 1 [2026,6]
[2026,6] 1 [2027,6]
[2027,6] 1 [2028,8]
[2028,8] 1 [2029,10]
[2029,10] 2 [2030,6]
[2030,6] 1 [2031,8]
[2031,8] 1 [2032,11]
[2032,11] 2 [2033,9]
[2033,9] 1 [2034,11]
[2034,11] 2 [2035,9]
[2035,9] 1 [2036,11]
[2036,11] 2 [2037,8]
[2037,8] 2 [2038,6]
[2038,6] 1 [2039,8]
[2039,8] 1 [2040,11]
[2040,11] 1 [2041,13]
[2041,13] 1 [2042,15]
[2042,15] 1 [2043,19]
[2043,19] 1 [2044,22]
[2044,22] 1 [2045,24]
[2045,24] 1 [2046,27]
[2046,27] 1 [2047,30]
[2047,30] 1 [2048,32]
[2048,32] 1 [2049,35]
[2049,35] 1 [2050,38]
[2050,38] 1 [2051,41]
[2051,41] 1 [2052,45]
[2052,45] 1 [2053,48]
[2053,48] 1 [2054,50]
[2054,50] 1 [2055,54]
[2055,54] 1 [2056,57]
[2056,57] 1 [2057,60]
[2057,60] 1 [2058,62]
[2058,62] 1 [2059,65]
[2059,65] 1 [2060,67]
[2060,67] 1 [2061,71]
[2061,71] 1 [2062,75]
[2062,75] 1 [2063,77]
[2063,77] 1 [2064,81]
[2064,81] 1 [2065,85]
[2065,85] 1 [2066,87]
[2066,87] 1 [2067,91]
[2067,91] 1 [2068,94]
[2068,94] 1 [2069,97]
[2069,97] 1 [2070,99]
[2070,99] 1 [2071,103]
[2071,103] 1 [2072,107]
[2072,107] 1 [2073,109]
[2073,109] 1 [2074,111]
[2074,111] 1 [2075,115]
[2075,115] 1 [2076,118]
[2076,118] 1 [2077,122]
[2077,122] 1 [2078,126]
[2078,126] 1 [2079,130]
[2079,130] 1 [2080,133]
[2080,133] 1 [2081,136]
[2081,136] 1 [2082,139]
[2082,139] 1 [2083,143]
[2083,143] 1 [2084,146]
[2084,146] 1 [2085,150]
[2085,150] 1 [2086,152]
[2086,152] 1 [2087,155]
[2087,155] 1 [2088,159]
[2088,159] 1 [2089,163]
[2089,163] 1 [2090,165]
[2090,165] 1 [2091,168]
[2091,168] 1 [2092,170]
[2092,170] 1 [2093,173]
[2093,173] 1 [2094,175]
[2094,175] 1 [2095,6]
[2095,6] 1 [2096,6]
[2096,6] 1 [2097,6]
[2097,6] 1 [2098,6]
[2098,6] 1 [2099,6]
[2099,6] 1 [2100,6]
[2100,6] 1 [2101,6]
[2101,6] 1 [2102,6]
[2102,6] 1 [2103,6]
[2103,6] 1 [2104,8]
[2104,8] 1 [2105,10]
[2105,10] 1 [2106,12]
[2106,12] 0 [2107,12]
[2107,12] 2 [2108,9]
[2108,9] 2 [2109,7]
[2109,7] 1 [2110,7]
[2110,7] 1 [2111,9]
[2111,9] 1 [2112,12]
[2112,12] 2 [2113,10]
[2113,10] 1 [2114,12]
[2114,12] 2 [2115,8]
[2115,8] 1 [2116,9]
[2116,9] 1 [2117,12]
[2117,12] 2 [2118,8]
[2118,8] 1 [2119,11]
[2119,11] 1 [2120,13]
[2120,13] 2 [2121,10]
[2121,10] 1 [2122,12]
[2122,12] 1 [2123,15]
[2123,15] 1 [2124,17]
[2124,17] 1 [2125,20]
[2125,20] 1 [2126,24]
[2126,24] 1 [2127,27]
[2127,27] 1 [2128,30]
[2128,30] 1 [2129,33]
[2129,33] 2 [2130,30]
[2130,30] 1 [2131,32]
[2131,32] 1 [2132,35]
[2132,35] 1 [2133,38]
[2133,38] 1 [2134,41]
[2134,41] 1 [2135,45]
[2135,45] 1 [2136,49]
[2136,49] 1 [2137,51]
[2137,51] 1 [2138,55]
[2138,55] 1 [2139,58]
[2139,58] 1 [2140,61]
[2140,61] 1 [2141,63]
[2141,63] 1 [2142,66]
[2142,66] 1 [2143,68]
[2143,68] 1 [2144,72]
[2144,72] 1 [2145,76]
[2145,76] 1 [2146,79]
[2146,79] 1 [2147,81]
[2147,81] 1 [2148,85]
[2148,85] 1 [2149,88]
[2149,88] 1 [2150,92]
[2150,92] 1 [2151,96]
[2151,96] 1 [2152,100]
[2152,100] 1 [2153,103]
[2153,103] 1 [2154,105]
[2154,105] 1 [2155,108]
[2155,108] 1 [2156,110]
[2156,110] 1 [2157,112]
[2157,112] 1 [2158,115]
[2158,115] 1 [2159,119]
[2159,119] 1 [2160,123]
[2160,123] 1 [2161,125]
[2161,125] 1 [2162,129]
[2162,129] 1 [2163,133]
[2163,133] 1 [2164,136]
[2164,136] 1 [2165,140]
[2165,140] 1 [2166,142]
[2166,142] 1 [2167,146]
[2167,146] 1 [2168,150]
[2168,150] 1 [2169,152]
[2169,152] 1 [2170,154]
[2170,154] 1 [2171,157]
[2171,157] 1 [2172,160]
[2172,160] 1 [2173,164]
[2173,164] 1 [2174,167]
[2174,167] 1 [2175,169]
[2175,169] 1 [2176,173]
[2176,173] 1 [2177,177]
[2177,177] 1 [2178,6]
[2178,6] 1 [2179,6]
[2179,6] 1 [2180,6]
[2180,6] 1 [2181,6]
[2181,6] 1 [2182,6]
[2182,6] 1 [2183,6]
[2183,6] 1 [2184,6]
[2184,6] 1 [2185,6]
[2185,6] 1 [2186,6]
[2186,6] 1 [2187,8]
[2187,8] 0 [2188,8]
[2188,8] 1 [2189,10]
[2189,10] 1 [2190,13]
[2190,13] 2 [2191,10]
[2191,10] 2 [2192,7]
[2192,7] 1 [2193,8]
[2193,8] 1 [2194,10]
[2194,10] 1 [2195,13]
[2195,13] 2 [2196,10]
[2196,10] 2 [2197,6]
[2197,6] 1 [2198,9]
[2198,9] 2 [2199,6]
[2199,6] 1 [2200,8]
[2200,8] 1 [2201,11]
[2201,11] 2 [2202,8]
[2202,8] 1 [2203,11]
[2203,11] 0 [2204,11]
[2204,11] 0 [2205,11]
[2205,11] 2 [2206,8]
[2206,8] 1 [2207,11]
[2207,11] 2 [2208,9]
[2208,9] 1 [2209,11]
[2209,11] 2 [2210,8]
[2210,8] 1 [2211,11]
[2211,11] 2 [2212,9]
[2212,9] 1 [2213,11]
[2213,11] 0 [2214,11]
[2214,11] 1 [2215,15]
[2215,15] 1 [2216,18]
[2216,18] 1 [2217,22]
[2217,22] 1 [2218,24]
[2218,24] 1 [2219,28]
[2219,28] 1 [2220,31]
[2220,31] 1 [2221,35]
[2221,35] 1 [2222,37]
[2222,37] 1 [2223,39]
[2223,39] 1 [2224,41]
[2224,41] 1 [2225,44]
[2225,44] 1 [2226,46]
[2226,46] 1 [2227,50]
[2227,50] 1 [2228,52]
[2228,52] 1 [2229,54]
[2229,54] 1 [2230,58]
[2230,58] 1 [2231,60]
[2231,60] 1 [2232,62]
[2232,62] 1 [2233,65]
[2233,65] 1 [2234,68]
[2234,68] 1 [2235,70]
[2235,70] 1 [2236,74]
[2236,74] 1 [2237,78]
[2237,78] 1 [2238,80]
[2238,80] 1 [2239,83]
[2239,83] 1 [2240,87]
[2240,87] 1 [2241,90]
[2241,90] 1 [2242,92]
[2242,92] 1 [2243,96]
[2243,96] 1 [2244,99]
[2244,99] 1 [2245,102]
[2245,102] 1 [2246,105]
[2246,105] 1 [2247,108]
[2247,108] 1 [2248,111]
[2248,111] 1 [2249,114]
[2249,114] 1 [2250,116]
[2250,116] 1 [2251,119]
[2251,119] 1 [2252,122]
[2252,122] 1 [2253,125]
[2253,125] 1 [2254,128]
[2254,128] 1 [2255,130]
[2255,130] 1 [2256,133]
[2256,133] 1 [2257,135]
[2257,135] 1 [2258,138]
[2258,138] 1 [2259,141]
[2259,141] 1 [2260,143]
[2260,143] 1 [2261,146]
[2261,146] 1 [2262,149]
[2262,149] 1 [2263,152]
[2263,152] 1 [2264,154]
[2264,154] 1 [2265,158]
[2265,158] 1 [2266,161]
[2266,161] 1 [2267,165]
[2267,165] 1 [2268,168]
[2268,168] 1 [2269,170]
[2269,170] 1 [2270,174]
[2270,174] 1 [2271,177]
[2271,177] 1 [2272,6]
[2272,6] 1 [2273,6]
[2273,6] 1 [2274,6]
[2274,6] 1 [2275,6]
[2275,6] 1 [2276,6]
[2276,6] 1 [2277,6]
[2277,6] 1 [2278,6]
[2278,6] 1 [2279,6]
[2279,6] 1 [2280,6]
[2280,6] 1 [2281,8]
[2281,8] 1 [2282,12]
[2282,12] 1 [2283,14]
[2283,14] 1 [2284,16]
[2284,16] 1 [2285,20]
[2285,20] 1 [2286,22]
[2286,22] 1 [2287,26]
[2287,26] 1 [2288,30]
[2288,30] 0 [2289,30]
[2289,30] 1 [2290,32]
[2290,32] 1 [2291,34]
[2291,34] 1 [2292,37]
[2292,37] 1 [2293,39]
[2293,39] 1 [2294,41]
[2294,41] 1 [2295,45]
[2295,45] 1 [2296,47]
[2296,47] 1 [2297,49]
[2297,49] 1 [2298,53]
[2298,53] 1 [2299,55]
[2299,55] 1 [2300,57]
[2300,57] 1 [2301,59]
[2301,59] 1 [2302,61]
[2302,61] 1 [2303,63]
[2303,63] 1 [2304,66]
[2304,66] 1 [2305,68]
[2305,68] 1 [2306,72]
[2306,72] 1 [2307,74]
[2307,74] 1 [2308,78]
[2308,78] 1 [2309,80]
[2309,80] 1 [2310,82]
[2310,82] 1 [2311,84]
[2311,84] 1 [2312,86]
[2312,86] 1 [2313,89]
[2313,89] 1 [2314,91]
[2314,91] 1 [2315,95]
[2315,95] 1 [2316,97]
[2316,97] 1 [2317,100]
[2317,100] 1 [2318,104]
[2318,104] 1 [2319,108]
[2319,108] 1 [2320,111]
[2320,111] 1 [2321,114]
[2321,114] 1 [2322,116]
[2322,116] 1 [2323,120]
[2323,120] 1 [2324,124]
[2324,124] 1 [2325,128]
[2325,128] 1 [2326,131]
[2326,131] 1 [2327,134]
[2327,134] 1 [2328,137]
[2328,137] 1 [2329,141]
[2329,141] 1 [2330,143]
[2330,143] 1 [2331,145]
[2331,145] 1 [2332,149]
[2332,149] 1 [2333,152]
[2333,152] 1 [2334,154]
[2334,154] 1 [2335,158]
[2335,158] 1 [2336,161]
[2336,161] 1 [2337,164]
[2337,164] 1 [2338,168]
[2338,168] 1 [2339,172]
[2339,172] 1 [2340,175]
[2340,175] 1 [2341,6]
[2341,6] 1 [2342,6]
[2342,6] 1 [2343,6]
[2343,6] 1 [2344,6]
[2344,6] 1 [2345,6]
[2345,6] 1 [2346,6]
[2346,6] 1 [2347,6]
[2347,6] 1 [2348,6]
[2348,6] 1 [2349,6]
[2349,6] 1 [2350,6]
[2350,6] 1 [2351,8]
[2351,8] 2 [2352,6]
[2352,6] 1 [2353,10]
[2353,10] 1 [2354,13]
[2354,13] 1 [2355,15]
[2355,15] 2 [2356,11]
[2356,11] 1 [2357,14]
[2357,14] 1 [2358,17]
[2358,17] 1 [2359,20]
[2359,20] 2 [2360,16]
[2360,16] 1 [2361,13]
[2361,13] 1 [2362,16]
[2362,16] 1 [2363,20]
[2363,20] 1 [2364,23]
[2364,23] 1 [2365,26]
[2365,26] 1 [2366,30]
[2366,30] 1 [2367,33]
[2367,33] 1 [2368,35]
[2368,35] 1 [2369,37]
[2369,37] 1 [2370,41]
[2370,41] 1 [2371,45]
[2371,45] 1 [2372,49]
[2372,49] 1 [2373,53]
[2373,53] 1 [2374,55]
[2374,55] 1 [2375,57]
[2375,57] 1 [2376,61]
[2376,61] 1 [2377,64]
[2377,64] 1 [2378,66]
[2378,66] 1 [2379,70]
[2379,70] 1 [2380,74]
[2380,74] 1 [2381,76]
[2381,76] 1 [2382,79]
[2382,79] 1 [2383,82]
[2383,82] 1 [2384,85]
[2384,85] 1 [2385,89]
[2385,89] 1 [2386,93]
[2386,93] 1 [2387,96]
[2387,96] 1 [2388,98]
[2388,98] 1 [2389,102]
[2389,102] 1 [2390,104]
[2390,104] 1 [2391,107]
[2391,107] 1 [2392,110]
[2392,110] 1 [2393,113]
[2393,113] 1 [2394,115]
[2394,115] 1 [2395,118]
[2395,118] 1 [2396,122]
[2396,122] 1 [2397,124]
[2397,124] 1 [2398,128]
[2398,128] 1 [2399,130]
[2399,130] 1 [2400,133]
[2400,133] 1 [2401,135]
[2401,135] 1 [2402,138]
[2402,138] 1 [2403,141]
[2403,141] 1 [2404,143]
[2404,143] 1 [2405,145]
[2405,145] 1 [2406,148]
[2406,148] 1 [2407,152]
[2407,152] 1 [2408,156]
[2408,156] 1 [2409,158]
[2409,158] 1 [2410,162]
[2410,162] 1 [2411,164]
[2411,164] 1 [2412,167]
[2412,167] 1 [2413,171]
[2413,171] 1 [2414,174]
[2414,174] 1 [2415,176]
[2415,176] 1 [2416,6]
[2416,6] 1 [2417,6]
[2417,6] 1 [2418,6]
[2418,6] 1 [2419,6]
[2419,6] 1 [2420,6]
[2420,6] 1 [2421,6]
[2421,6] 1 [2422,6]
[2422,6] 1 [2423,6]
[2423,6] 1 [2424,6]
[2424,6] 1 [2425,6]
[2425,6] 1 [2426,8]
[2426,8] 1 [2427,12]
[2427,12] 1 [2428,14]
[2428,14] 1 [2429,16]
[2429,16] 2 [2430,12]
[2430,12] 1 [2431,16]
[2431,16] 1 [2432,20]
[2432,20] 1 [2433,22]
[2433,22] 0 [2434,23]
[2434,23] 0 [2435,23]
[2435,23] 2 [2436,19]
[2436,19] 2 [2437,16]
[2437,16] 2 [2438,12]
[2438,12] 2 [2439,8]
[2439,8] 1 [2440,11]
[2440,11] 1 [2441,14]
[2441,14] 2 [2442,10]
[2442,10] 1 [2443,12]
[2443,12] 2 [2444,9]
[2444,9] 1 [2445,11]
[2445,11] 1 [2446,14]
[2446,14] 2 [2447,10]
[2447,10] 1 [2448,12]
[2448,12] 1 [2449,15]
[2449,15] 2 [2450,12]
[2450,12] 1 [2451,13]
[2451,13] 1 [2452,16]
[2452,16] 1 [2453,19]
[2453,19] 1 [2454,22]
[2454,22] 1 [2455,26]
[2455,26] 1 [2456,28]
[2456,28] 1 [2457,30]
[2457,30] 1 [2458,32]
[2458,32] 1 [2459,36]
[2459,36] 1 [2460,39]
[2460,39] 1 [2461,42]
[2461,42] 1 [2462,44]
[2462,44] 1 [2463,48]
[2463,48] 1 [2464,50]
[2464,50] 1 [2465,54]
[2465,54] 1 [2466,57]
[2466,57] 1 [2467,61]
[2467,61] 1 [2468,65]
[2468,65] 1 [2469,67]
[2469,67] 1 [2470,70]
[2470,70] 1 [2471,74]
[2471,74] 1 [2472,76]
[2472,76] 1 [2473,80]
[2473,80] 1 [2474,82]
[2474,82] 1 [2475,85]
[2475,85] 1 [2476,89]
[2476,89] 1 [2477,91]
[2477,91] 1 [2478,95]
[2478,95] 1 [2479,97]
[2479,97] 1 [2480,100]
[2480,100] 1 [2481,104]
[2481,104] 1 [2482,108]
[2482,108] 1 [2483,110]
[2483,110] 1 [2484,113]
[2484,113] 1 [2485,116]
[2485,116] 2 [2486,113]
[2486,113] 1 [2487,115]
[2487,115] 1 [2488,117]
[2488,117] 1 [2489,119]
[2489,119] 2 [2490,116]
[2490,116] 2 [2491,112]
[2491,112] 1 [2492,113]
[2492,113] 1 [2493,115]
[2493,115] 1 [2494,117]
[2494,117] 1 [2495,121]
[2495,121] 1 [2496,123]
[2496,123] 1 [2497,126]
[2497,126] 1 [2498,128]
[2498,128] 1 [2499,130]
[2499,130] 1 [2500,134]
[2500,134] 1 [2501,138]
[2501,138] 1 [2502,141]
[2502,141] 1 [2503,144]
[2503,144] 1 [2504,146]
[2504,146] 1 [2505,150]
[2505,150] 1 [2506,154]
[2506,154] 1 [2507,157]
[2507,157] 1 [2508,161]
[2508,161] 1 [2509,165]
[2509,165] 1 [2510,167]
[2510,167] 1 [2511,171]
[2511,171] 1 [2512,175]
[2512,175] 1 [2513,177]
[2513,177] 1 [2514,6]
[2514,6] 1 [2515,6]
[2515,6] 1 [2516,6]
[2516,6] 1 [2517,6]
[2517,6] 1 [2518,6]
[2518,6] 1 [2519,6]
[2519,6] 1 [2520,6]
[2520,6] 1 [2521,6]
[2521,6] 1 [2522,6]
[2522,6] 0 [2523,6]
[2523,6] 1 [2524,9]
[2524,9] 1 [2525,11]
[2525,11] 2 [2526,7]
[2526,7] 1 [2527,9]
[2527,9] 1 [2528,13]
[2528,13] 2 [2529,9]
[2529,9] 1 [2530,11]
[2530,11] 2 [2531,7]
[2531,7] 1 [2532,9]
[2532,9] 1 [2533,12]
[2533,12] 1 [2534,14]
[2534,14] 1 [2535,17]
[2535,17] 1 [2536,19]
[2536,19] 1 [2537,22]
[2537,22] 2 [2538,18]
[2538,18] 1 [2539,20]
[2539,20] 2 [2540,16]
[2540,16] 1 [2541,19]
[2541,19] 2 [2542,16]
[2542,16] 1 [2543,18]
[2543,18] 1 [2544,20]
[2544,20] 1 [2545,22]
[2545,22] 1 [2546,26]
[2546,26] 1 [2547,28]
[2547,28] 1 [2548,30]
[2548,30] 1 [2549,33]
[2549,33] 1 [2550,36]
[2550,36] 1 [2551,40]
[2551,40] 1 [2552,44]
[2552,44] 1 [2553,47]
[2553,47] 1 [2554,51]
[2554,51] 1 [2555,54]
[2555,54] 1 [2556,57]
[2556,57] 1 [2557,59]
[2557,59] 1 [2558,62]
[2558,62] 1 [2559,65]
[2559,65] 1 [2560,68]
[2560,68] 1 [2561,71]
[2561,71] 1 [2562,74]
[2562,74] 1 [2563,76]
[2563,76] 1 [2564,79]
[2564,79] 1 [2565,81]
[2565,81] 1 [2566,85]
[2566,85] 1 [2567,89]
[2567,89] 1 [2568,91]
[2568,91] 1 [2569,93]
[2569,93] 1 [2570,97]
[2570,97] 1 [2571,100]
[2571,100] 1 [2572,102]
[2572,102] 2 [2573,98]
[2573,98] 1 [2574,98]
[2574,98] 1 [2575,100]
[2575,100] 1 [2576,104]
[2576,104] 1 [2577,106]
[2577,106] 1 [2578,109]
[2578,109] 1 [2579,112]
[2579,112] 1 [2580,114]
[2580,114] 1 [2581,118]
[2581,118] 1 [2582,120]
[2582,120] 1 [2583,122]
[2583,122] 1 [2584,124]
[2584,124] 1 [2585,126]
[2585,126] 1 [2586,129]
[2586,129] 1 [2587,131]
[2587,131] 1 [2588,135]
[2588,135] 1 [2589,139]
[2589,139] 1 [2590,143]
[2590,143] 1 [2591,147]
[2591,147] 1 [2592,149]
[2592,149] 1 [2593,152]
[2593,152] 1 [2594,154]
[2594,154] 1 [2595,157]
[2595,157] 1 [2596,159]
[2596,159] 1 [2597,161]
[2597,161] 1 [2598,165]
[2598,165] 1 [2599,168]
[2599,168] 1 [2600,171]
[2600,171] 1 [2601,173]
[2601,173] 1 [2602,177]
[2602,177] 1 [2603,6]
[2603,6] 1 [2604,6]
[2604,6] 1 [2605,6]
[2605,6] 1 [2606,6]
[2606,6] 1 [2607,6]
[2607,6] 1 [2608,6]
[2608,6] 1 [2609,6]
[2609,6] 1 [2610,6]
[2610,6] 1 [2611,6]
[2611,6] 1 [2612,6]
[2612,6] 1 [2613,6]
[2613,6] 0 [2614,6]
[2614,6] 1 [2615,10]
[2615,10] 1 [2616,12]
[2616,12] 1 [2617,14]
[2617,14] 2 [2618,12]
[2618,12] 2 [2619,9]
[2619,9] 1 [2620,11]
[2620,11] 1 [2621,14]
[2621,14] 1 [2622,18]
[2622,18] 1 [2623,20]
[2623,20] 2 [2624,16]
[2624,16] 1 [2625,18]
[2625,18] 1 [2626,21]
[2626,21] 1 [2627,25]
[2627,25] 1 [2628,29]
[2628,29] 1 [2629,32]
[2629,32] 1 [2630,35]
[2630,35] 1 [2631,37]
[2631,37] 1 [2632,40]
[2632,40] 1 [2633,42]
[2633,42] 1 [2634,46]
[2634,46] 1 [2635,48]
[2635,48] 1 [2636,51]
[2636,51] 1 [2637,55]
[2637,55] 1 [2638,59]
[2638,59] 1 [2639,61]
[2639,61] 1 [2640,63]
[2640,63] 1 [2641,66]
[2641,66] 1 [2642,69]
[2642,69] 1 [2643,73]
[2643,73] 1 [2644,76]
[2644,76] 1 [2645,79]
[2645,79] 1 [2646,83]
[2646,83] 1 [2647,87]
[2647,87] 1 [2648,89]
[2648,89] 1 [2649,92]
[2649,92] 1 [2650,94]
[2650,94] 1 [2651,96]
[2651,96] 1 [2652,100]
[2652,100] 1 [2653,103]
[2653,103] 1 [2654,106]
[2654,106] 1 [2655,109]
[2655,109] 1 [2656,112]
[2656,112] 1 [2657,116]
[2657,116] 1 [2658,120]
[2658,120] 1 [2659,124]
[2659,124] 1 [2660,127]
[2660,127] 1 [2661,130]
[2661,130] 1 [2662,134]
[2662,134] 1 [2663,138]
[2663,138] 1 [2664,141]
[2664,141] 1 [2665,145]
[2665,145] 1 [2666,148]
[2666,148] 1 [2667,150]
[2667,150] 1 [2668,153]
[2668,153] 1 [2669,156]
[2669,156] 1 [2670,160]
[2670,160] 1 [2671,163]
[2671,163] 1 [2672,167]
[2672,167] 1 [2673,169]
[2673,169] 1 [2674,171]
[2674,171] 1 [2675,175]
[2602,177] 1 [2603,6]
[2603,6] 1 [2604,6]
[2604,6] 1 [2605,6]
[2605,6] 1 [2606,6]
[2606,6] 1 [2607,6]
[2607,6] 1 [2608,6]
[2608,6] 1 [2609,6]
[2609,6] 1 [2610,6]
[2610,6] 1 [2611,6]
[2611,6] 1 [2612,6]
[2612,6] 1 [2613,6]
[2613,6] 0 [2614,6]
[2614,6] 1 [2615,10]
[2615,10] 1 [2616,12]
[2616,12] 1 [2617,14]
[2617,14] 2 [2618,12]
[2618,12] 2 [2619,9]
[2619,9] 1 [2620,11]
[2620,11] 1 [2621,14]
[2621,14] 1 [2622,18]
[2622,18] 1 [2623,20]
[2623,20] 2 [2624,16]
[2624,16] 1 [2625,18]
[2625,18] 1 [2626,21]
[2626,21] 1 [2627,25]
[2627,25] 1 [2628,29]
[2628,29] 1 [2629,32]
[2629,32] 1 [2630,35]
[2630,35] 1 [2631,37]
[2631,37] 1 [2632,40]
[2632,40] 1 [2633,42]
[2633,42] 1 [2634,46]
[2634,46] 1 [2635,48]
[2635,48] 1 [2636,51]
[2636,51] 1 [2637,55]
[2637,55] 1 [2638,59]
[2638,59] 1 [2639,61]
[2639,61] 1 [2640,63]
[2640,63] 1 [2641,66]
[2641,66] 1 [2642,69]
[2642,69] 1 [2643,73]
[2643,73] 1 [2644,76]
[2644,76] 1 [2645,79]
[2645,79] 1 [2646,83]
[2646,83] 1 [2647,87]
[2647,87] 1 [2648,89]
[2648,89] 1 [2649,92]
[2649,92] 1 [2650,94]
[2650,94] 1 [2651,96]
[2651,96] 1 [2652,100]
[2652,100] 1 [2653,103]
[2653,103] 1 [2654,106]
[2654,106] 1 [2655,109]
[2655,109] 1 [2656,112]
[2656,112] 1 [2657,116]
[2657,116] 1 [2658,120]
[2658,120] 1 [2659,124]
[2659,124] 1 [2660,127]
[2660,127] 1 [2661,130]
[2661,130] 1 [2662,134]
[2662,134] 1 [2663,138]
[2663,138] 1 [2664,141]
[2664,141] 1 [2665,145]
[2665,145] 1 [2666,148]
[2666,148] 1 [2667,150]
[2667,150] 1 [2668,153]
[2668,153] 1 [2669,156]
[2669,156] 1 [2670,160]
[2670,160] 1 [2671,163]
[2671,163] 1 [2672,167]
[2672,167] 1 [2673,169]
[2673,169] 1 [2674,171]
[2674,171] 1 [2675,175]
