[0,6] 1 [1,8]
[1,8] 1 [2,10]
[2,10] 1 [3,12]
[3,12] 1 [4,14]
[4,14] 1 [5,16]
[5,16] 1 [6,19]
[6,19] 1 [7,23]
[7,23] 1 [8,26]
[8,26] 1 [9,28]
[9,28] 1 [10,31]
[10,31] 1 [11,34]
[11,34] 1 [12,38]
[12,38] 1 [13,41]
[13,41] 1 [14,44]
[14,44] 1 [15,46]
[15,46] 1 [16,50]
[16,50] 1 [17,54]
[17,54] 1 [18,58]
[18,58] 1 [19,61]
[19,61] 1 [20,64]
[20,64] 1 [21,68]
[21,68] 1 [22,70]
[22,70] 1 [23,73]
[23,73] 1 [24,75]
[24,75] 1 [25,77]
[25,77] 1 [26,80]
[26,80] 1 [27,84]
[27,84] 1 [28,87]
[28,87] 1 [29,90]
[29,90] 1 [30,94]
[30,94] 1 [31,96]
[31,96] 1 [32,98]
[32,98] 1 [33,100]
[33,100] 1 [34,104]
[34,104] 1 [35,108]
[35,108] 1 [36,110]
[36,110] 1 [37,112]
[37,112] 1 [38,116]
[38,116] 1 [39,120]
[39,120] 1 [40,122]
[40,122] 1 [41,126]
[41,126] 1 [42,130]
[42,130] 1 [43,134]
[43,134] 1 [44,136]
[44,136] 1 [45,140]
[45,140] 1 [46,143]
[46,143] 1 [47,145]
[47,145] 1 [48,147]
[48,147] 1 [49,149]
[49,149] 1 [50,153]
[50,153] 1 [51,156]
[51,156] 1 [52,159]
[52,159] 1 [53,162]
[53,162] 1 [54,165]
[54,165] 1 [55,167]
[55,167] 1 [56,170]
[56,170] 1 [57,172]
[57,172] 1 [58,174]
[58,174] 1 [59,176]
[59,176] 1 [60,6]
[60,6] 1 [61,6]
[61,6] 1 [62,6]
[62,6] 1 [63,6]
[63,6] 1 [64,6]
[64,6] 1 [65,6]
[65,6] 1 [66,6]
[66,6] 1 [67,6]
[67,6] 1 [68,6]
[68,6] 1 [69,6]
[69,6] 1 [70,7]
[70,7] 2 [71,7]
[71,7] 1 [72,9]
[72,9] 2 [73,7]
[73,7] 1 [74,8]
[74,8] 1 [75,11]
[75,11] 2 [76,7]
[76,7] 1 [77,11]
[77,11] 2 [78,7]
[78,7] 1 [79,11]
[79,11] 2 [80,7]
[80,7] 1 [81,9]
[81,9] 1 [82,11]
[82,11] 2 [83,9]
[83,9] 1 [84,11]
[84,11] 0 [85,11]
[85,11] 0 [86,11]
[86,11] 0 [87,11]
[87,11] 1 [88,14]
[88,14] 1 [89,17]
[89,17] 1 [90,20]
[90,20] 1 [91,23]
[91,23] 1 [92,26]
[92,26] 1 [93,28]
[93,28] 1 [94,31]
[94,31] 1 [95,34]
[95,34] 1 [96,38]
[96,38] 1 [97,40]
[97,40] 1 [98,44]
[98,44] 0 [99,45]
[99,45] 1 [100,49]
[100,49] 1 [101,52]
[101,52] 1 [102,55]
[102,55] 1 [103,59]
[103,59] 1 [104,62]
[104,62] 1 [105,66]
[105,66] 1 [106,70]
[106,70] 1 [107,74]
[107,74] 1 [108,78]
[108,78] 1 [109,81]
[109,81] 1 [110,83]
[110,83] 1 [111,87]
[111,87] 1 [112,91]
[112,91] 1 [113,95]
[113,95] 1 [114,98]
[114,98] 1 [115,101]
[115,101] 1 [116,105]
[116,105] 1 [117,109]
[117,109] 1 [118,112]
[118,112] 1 [119,116]
[119,116] 1 [120,119]
[120,119] 1 [121,123]
[121,123] 1 [122,125]
[122,125] 1 [123,128]
[123,128] 1 [124,132]
[124,132] 1 [125,135]
[125,135] 1 [126,139]
[126,139] 1 [127,142]
[127,142] 1 [128,145]
[128,145] 1 [129,148]
[129,148] 1 [130,152]
[130,152] 1 [131,154]
[131,154] 1 [132,158]
[132,158] 1 [133,160]
[133,160] 1 [134,163]
[134,163] 1 [135,165]
[135,165] 1 [136,168]
[136,168] 1 [137,171]
[137,171] 1 [138,173]
[138,173] 1 [139,177]
[139,177] 1 [140,6]
[140,6] 1 [141,6]
[141,6] 1 [142,6]
[142,6] 1 [143,6]
[143,6] 1 [144,6]
[144,6] 1 [145,6]
[145,6] 1 [146,6]
[146,6] 1 [147,6]
[147,6] 1 [148,6]
[148,6] 1 [149,8]
[149,8] 1 [150,10]
[150,10] 1 [151,14]
[151,14] 0 [152,14]
[152,14] 1 [153,16]
[153,16] 1 [154,19]
[154,19] 1 [155,23]
[155,23] 1 [156,25]
[156,25] 1 [157,28]
[157,28] 1 [158,30]
[158,30] 1 [159,34]
[159,34] 1 [160,37]
[160,37] 1 [161,40]
[161,40] 1 [162,44]
[162,44] 1 [163,47]
[163,47] 1 [164,50]
[164,50] 1 [165,53]
[165,53] 1 [166,57]
[166,57] 1 [167,59]
[167,59] 1 [168,62]
[168,62] 1 [169,65]
[169,65] 1 [170,67]
[170,67] 1 [171,71]
[171,71] 1 [172,75]
[172,75] 1 [173,79]
[173,79] 1 [174,82]
[174,82] 1 [175,85]
[175,85] 1 [176,87]
[176,87] 1 [177,91]
[177,91] 1 [178,93]
[178,93] 1 [179,96]
[179,96] 1 [180,99]
[180,99] 1 [181,103]
[181,103] 1 [182,107]
[182,107] 1 [183,109]
[183,109] 1 [184,113]
[184,113] 1 [185,116]
[185,116] 1 [186,118]
[186,118] 1 [187,120]
[187,120] 1 [188,122]
[188,122] 1 [189,125]
[189,125] 1 [190,129]
[190,129] 1 [191,133]
[191,133] 1 [192,136]
[192,136] 1 [193,140]
[193,140] 1 [194,142]
[194,142] 1 [195,145]
[195,145] 1 [196,147]
[196,147] 1 [197,149]
[197,149] 1 [198,153]
[198,153] 1 [199,157]
[199,157] 1 [200,161]
[200,161] 1 [201,163]
[201,163] 1 [202,166]
[202,166] 1 [203,168]
[203,168] 1 [204,171]
[204,171] 1 [205,174]
[205,174] 1 [206,176]
[206,176] 1 [207,6]
[207,6] 1 [208,6]
[208,6] 1 [209,6]
[209,6] 1 [210,6]
[210,6] 1 [211,6]
[211,6] 1 [212,6]
[212,6] 1 [213,6]
[213,6] 1 [214,6]
[214,6] 1 [215,6]
[215,6] 1 [216,6]
[216,6] 1 [217,9]
[217,9] 0 [218,9]
[218,9] 2 [219,6]
[219,6] 1 [220,8]
[220,8] 1 [221,12]
[221,12] 1 [222,14]
[222,14] 1 [223,17]
[223,17] 2 [224,13]
[224,13] 2 [225,9]
[225,9] 1 [226,11]
[226,11] 2 [227,10]
[227,10] 1 [228,12]
[228,12] 2 [229,8]
[229,8] 1 [230,10]
[230,10] 1 [231,12]
[231,12] 1 [232,16]
[232,16] 2 [233,12]
[233,12] 2 [234,8]
[234,8] 1 [235,8]
[235,8] 1 [236,11]
[236,11] 1 [237,14]
[237,14] 1 [238,17]
[238,17] 1 [239,19]
[239,19] 1 [240,23]
[240,23] 1 [241,27]
[241,27] 1 [242,31]
[242,31] 1 [243,35]
[243,35] 1 [244,37]
[244,37] 1 [245,39]
[245,39] 1 [246,43]
[246,43] 1 [247,45]
[247,45] 1 [248,47]
[248,47] 1 [249,49]
[249,49] 1 [250,53]
[250,53] 1 [251,57]
[251,57] 1 [252,59]
[252,59] 1 [253,63]
[253,63] 1 [254,67]
[254,67] 1 [255,70]
[255,70] 1 [256,74]
[256,74] 1 [257,76]
[257,76] 1 [258,80]
[258,80] 1 [259,82]
[259,82] 1 [260,86]
[260,86] 1 [261,89]
[261,89] 1 [262,91]
[262,91] 1 [263,94]
[263,94] 1 [264,97]
[264,97] 1 [265,99]
[265,99] 1 [266,103]
[266,103] 1 [267,105]
[267,105] 1 [268,108]
[268,108] 1 [269,112]
[269,112] 1 [270,116]
[270,116] 1 [271,118]
[271,118] 1 [272,122]
[272,122] 1 [273,124]
[273,124] 1 [274,126]
[274,126] 1 [275,128]
[275,128] 1 [276,130]
[276,130] 1 [277,132]
[277,132] 1 [278,135]
[278,135] 1 [279,137]
[279,137] 1 [280,139]
[280,139] 1 [281,143]
[281,143] 1 [282,146]
[282,146] 1 [283,150]
[283,150] 1 [284,152]
[284,152] 1 [285,154]
[285,154] 1 [286,156]
[286,156] 1 [287,160]
[287,160] 1 [288,164]
[288,164] 1 [289,166]
[289,166] 1 [290,170]
[290,170] 1 [291,173]
[291,173] 1 [292,176]
[292,176] 1 [293,6]
[293,6] 1 [294,6]
[294,6] 1 [295,6]
[295,6] 1 [296,6]
[296,6] 1 [297,6]
[297,6] 1 [298,6]
[298,6] 1 [299,6]
[299,6] 1 [300,6]
[300,6] 1 [301,6]
[301,6] 1 [302,6]
[302,6] 0 [303,6]
[303,6] 1 [304,8]
[304,8] 1 [305,12]
[305,12] 1 [306,16]
[306,16] 2 [307,12]
[307,12] 1 [308,10]
[308,10] 1 [309,13]
[309,13] 1 [310,15]
[310,15] 2 [311,13]
[311,13] 2 [312,9]
[312,9] 1 [313,11]
[313,11] 1 [314,15]
[314,15] 2 [315,13]
[315,13] 1 [316,13]
[316,13] 1 [317,15]
[317,15] 1 [318,18]
[318,18] 1 [319,22]
[319,22] 2 [320,18]
[320,18] 1 [321,20]
[321,20] 1 [322,23]
[322,23] 1 [323,26]
[323,26] 1 [324,28]
[324,28] 1 [325,32]
[325,32] 1 [326,36]
[326,36] 1 [327,39]
[327,39] 1 [328,42]
[328,42] 1 [329,45]
[329,45] 1 [330,48]
[330,48] 1 [331,50]
[331,50] 1 [332,54]
[332,54] 1 [333,57]
[333,57] 1 [334,61]
[334,61] 1 [335,65]
[335,65] 1 [336,67]
[336,67] 1 [337,71]
[337,71] 1 [338,73]
[338,73] 1 [339,77]
[339,77] 1 [340,80]
[340,80] 1 [341,83]
[341,83] 1 [342,87]
[342,87] 1 [343,89]
[343,89] 1 [344,92]
[344,92] 1 [345,95]
[345,95] 1 [346,97]
[346,97] 1 [347,99]
[347,99] 1 [348,102]
[348,102] 1 [349,105]
[349,105] 1 [350,107]
[350,107] 1 [351,109]
[351,109] 1 [352,111]
[352,111] 1 [353,114]
[353,114] 1 [354,116]
[354,116] 2 [355,113]
[355,113] 2 [356,109]
[356,109] 1 [357,111]
[357,111] 1 [358,114]
[358,114] 1 [359,117]
[359,117] 1 [360,121]
[360,121] 1 [361,125]
[361,125] 1 [362,129]
[362,129] 2 [363,125]
[363,125] 1 [364,127]
[364,127] 1 [365,131]
[365,131] 1 [366,133]
[366,133] 1 [367,136]
[367,136] 1 [368,138]
[368,138] 1 [369,140]
[369,140] 1 [370,144]
[370,144] 1 [371,148]
[371,148] 1 [372,151]
[372,151] 1 [373,153]
[373,153] 1 [374,155]
[374,155] 1 [375,158]
[375,158] 1 [376,160]
[376,160] 1 [377,162]
[377,162] 1 [378,166]
[378,166] 1 [379,168]
[379,168] 1 [380,171]
[380,171] 1 [381,173]
[381,173] 1 [382,177]
[382,177] 1 [383,6]
[383,6] 1 [384,6]
[384,6] 1 [385,6]
[385,6] 1 [386,6]
[386,6] 1 [387,6]
[387,6] 1 [388,6]
[388,6] 1 [389,6]
[389,6] 1 [390,6]
[390,6] 1 [391,6]
[391,6] 0 [392,6]
[392,6] 1 [393,8]
[393,8] 0 [394,8]
[394,8] 1 [395,10]
[395,10] 2 [396,6]
[396,6] 1 [397,8]
[397,8] 1 [398,10]
[398,10] 1 [399,12]
[399,12] 1 [400,15]
[400,15] 2 [401,12]
[401,12] 1 [402,15]
[402,15] 2 [403,11]
[403,11] 1 [404,13]
[404,13] 1 [405,17]
[405,17] 2 [406,13]
[406,13] 1 [407,14]
[407,14] 1 [408,17]
[408,17] 1 [409,19]
[409,19] 2 [410,15]
[410,15] 2 [411,12]
[411,12] 1 [412,15]
[412,15] 1 [413,18]
[413,18] 1 [414,20]
[414,20] 1 [415,22]
[415,22] 1 [416,24]
[416,24] 1 [417,28]
[417,28] 1 [418,30]
[418,30] 1 [419,34]
[419,34] 1 [420,38]
[420,38] 1 [421,42]
[421,42] 1 [422,44]
[422,44] 1 [423,47]
[423,47] 1 [424,51]
[424,51] 1 [425,54]
[425,54] 1 [426,56]
[426,56] 1 [427,58]
[427,58] 1 [428,60]
[428,60] 1 [429,63]
[429,63] 1 [430,67]
[430,67] 1 [431,71]
[431,71] 1 [432,74]
[432,74] 1 [433,77]
[433,77] 1 [434,80]
[434,80] 1 [435,83]
[435,83] 1 [436,85]
[436,85] 1 [437,89]
[437,89] 1 [438,91]
[438,91] 1 [439,93]
[439,93] 1 [440,97]
[440,97] 2 [441,97]
[441,97] 2 [442,95]
[442,95] 2 [443,91]
[443,91] 1 [444,93]
[444,93] 1 [445,95]
[445,95] 1 [446,97]
[446,97] 1 [447,99]
[447,99] 1 [448,101]
[448,101] 1 [449,104]
[449,104] 1 [450,107]
[450,107] 1 [451,109]
[451,109] 1 [452,112]
[452,112] 1 [453,114]
[453,114] 1 [454,118]
[454,118] 1 [455,122]
[455,122] 1 [456,126]
[456,126] 1 [457,129]
[457,129] 1 [458,133]
[458,133] 1 [459,135]
[459,135] 1 [460,138]
[460,138] 1 [461,140]
[461,140] 1 [462,142]
[462,142] 1 [463,146]
[463,146] 1 [464,149]
[464,149] 1 [465,152]
[465,152] 1 [466,156]
[466,156] 1 [467,159]
[467,159] 1 [468,163]
[468,163] 1 [469,165]
[469,165] 1 [470,168]
[470,168] 1 [471,171]
[471,171] 1 [472,175]
[472,175] 1 [473,177]
[473,177] 1 [474,6]
[474,6] 1 [475,6]
[475,6] 1 [476,6]
[476,6] 1 [477,6]
[477,6] 1 [478,6]
[478,6] 1 [479,6]
[479,6] 1 [480,6]
[480,6] 1 [481,6]
[481,6] 1 [482,6]
[482,6] 1 [483,8]
[483,8] 1 [484,12]
[484,12] 2 [485,8]
[485,8] 1 [486,11]
[486,11] 1 [487,14]
[487,14] 1 [488,16]
[488,16] 1 [489,20]
[489,20] 0 [490,20]
[490,20] 2 [491,16]
[491,16] 1 [492,16]
[492,16] 1 [493,20]
[493,20] 1 [494,23]
[494,23] 1 [495,27]
[495,27] 1 [496,29]
[496,29] 1 [497,31]
[497,31] 1 [498,33]
[498,33] 1 [499,35]
[499,35] 1 [500,39]
[500,39] 1 [501,43]
[501,43] 1 [502,45]
[502,45] 1 [503,48]
[503,48] 1 [504,51]
[504,51] 1 [505,54]
[505,54] 1 [506,56]
[506,56] 1 [507,58]
[507,58] 1 [508,62]
[508,62] 1 [509,64]
[509,64] 1 [510,66]
[510,66] 1 [511,70]
[511,70] 1 [512,72]
[512,72] 1 [513,75]
[513,75] 1 [514,78]
[514,78] 1 [515,81]
[515,81] 1 [516,85]
[516,85] 1 [517,87]
[517,87] 1 [518,91]
[518,91] 1 [519,95]
[519,95] 1 [520,97]
[520,97] 1 [521,101]
[521,101] 1 [522,105]
[522,105] 1 [523,109]
[523,109] 1 [524,112]
[524,112] 1 [525,115]
[525,115] 1 [526,119]
[526,119] 1 [527,121]
[527,121] 1 [528,124]
[528,124] 1 [529,126]
[529,126] 1 [530,128]
[530,128] 1 [531,130]
[531,130] 1 [532,132]
[532,132] 1 [533,136]
[533,136] 1 [534,139]
[534,139] 1 [535,141]
[535,141] 1 [536,145]
[536,145] 1 [537,148]
[537,148] 1 [538,152]
[538,152] 1 [539,155]
[539,155] 1 [540,157]
[540,157] 1 [541,161]
[541,161] 1 [542,165]
[542,165] 1 [543,169]
[543,169] 1 [544,171]
[544,171] 1 [545,175]
[545,175] 1 [546,6]
[546,6] 1 [547,6]
[547,6] 1 [548,6]
[548,6] 1 [549,6]
[549,6] 1 [550,6]
[550,6] 1 [551,6]
[551,6] 1 [552,6]
[552,6] 1 [553,6]
[553,6] 1 [554,6]
[554,6] 1 [555,6]
[555,6] 1 [556,6]
[556,6] 1 [557,7]
[557,7] 1 [558,11]
[558,11] 1 [559,15]
[559,15] 0 [560,16]
[560,16] 2 [561,14]
[561,14] 1 [562,17]
[562,17] 1 [563,20]
[563,20] 1 [564,23]
[564,23] 1 [565,27]
[565,27] 1 [566,31]
[566,31] 1 [567,33]
[567,33] 1 [568,35]
[568,35] 1 [569,38]
[569,38] 1 [570,41]
[570,41] 1 [571,45]
[571,45] 1 [572,49]
[572,49] 1 [573,51]
[573,51] 1 [574,55]
[574,55] 1 [575,59]
[575,59] 1 [576,61]
[576,61] 1 [577,63]
[577,63] 1 [578,67]
[578,67] 1 [579,69]
[579,69] 1 [580,71]
[580,71] 1 [581,73]
[581,73] 1 [582,76]
[582,76] 1 [583,79]
[583,79] 1 [584,83]
[584,83] 1 [585,86]
[585,86] 1 [586,89]
[586,89] 1 [587,93]
[587,93] 1 [588,95]
[588,95] 1 [589,98]
[589,98] 1 [590,100]
[590,100] 1 [591,102]
[591,102] 1 [592,104]
[592,104] 1 [593,108]
[593,108] 1 [594,110]
[594,110] 1 [595,113]
[595,113] 1 [596,116]
[596,116] 1 [597,120]
[597,120] 1 [598,124]
[598,124] 1 [599,126]
[599,126] 1 [600,130]
[600,130] 1 [601,133]
[601,133] 1 [602,136]
[602,136] 1 [603,139]
[603,139] 1 [604,142]
[604,142] 1 [605,145]
[605,145] 1 [606,147]
[606,147] 1 [607,151]
[607,151] 1 [608,155]
[608,155] 1 [609,159]
[609,159] 1 [610,161]
[610,161] 1 [611,165]
[611,165] 1 [612,168]
[612,168] 1 [613,172]
[613,172] 1 [614,175]
[614,175] 1 [615,6]
[615,6] 1 [616,6]
[616,6] 1 [617,6]
[617,6] 1 [618,6]
[618,6] 1 [619,6]
[619,6] 1 [620,6]
[620,6] 1 [621,6]
[621,6] 1 [622,6]
[622,6] 1 [623,7]
[623,7] 0 [624,7]
[624,7] 0 [625,7]
[625,7] 1 [626,8]
[626,8] 1 [627,11]
[627,11] 2 [628,7]
[628,7] 1 [629,10]
[629,10] 1 [630,13]
[630,13] 1 [631,17]
[631,17] 1 [632,20]
[632,20] 1 [633,23]
[633,23] 1 [634,27]
[634,27] 1 [635,30]
[635,30] 1 [636,33]
[636,33] 1 [637,37]
[637,37] 1 [638,41]
[638,41] 1 [639,44]
[639,44] 1 [640,47]
[640,47] 2 [641,44]
[641,44] 1 [642,46]
[642,46] 1 [643,49]
[643,49] 1 [644,53]
[644,53] 1 [645,57]
[645,57] 1 [646,60]
[646,60] 1 [647,64]
[647,64] 1 [648,68]
[648,68] 1 [649,70]
[649,70] 1 [650,72]
[650,72] 1 [651,75]
[651,75] 1 [652,79]
[652,79] 1 [653,82]
[653,82] 1 [654,86]
[654,86] 1 [655,90]
[655,90] 1 [656,93]
[656,93] 1 [657,96]
[657,96] 1 [658,99]
[658,99] 1 [659,102]
[659,102] 1 [660,106]
[660,106] 1 [661,108]
[661,108] 1 [662,112]
[662,112] 1 [663,114]
[663,114] 1 [664,116]
[664,116] 1 [665,118]
[665,118] 1 [666,122]
[666,122] 1 [667,124]
[667,124] 1 [668,127]
[668,127] 1 [669,130]
[669,130] 1 [670,134]
[670,134] 1 [671,138]
[671,138] 1 [672,142]
[672,142] 1 [673,144]
[673,144] 1 [674,147]
[674,147] 1 [675,151]
[675,151] 1 [676,154]
[676,154] 1 [677,157]
[677,157] 1 [678,159]
[678,159] 1 [679,163]
[679,163] 1 [680,167]
[680,167] 1 [681,170]
[681,170] 1 [682,173]
[682,173] 1 [683,177]
[683,177] 1 [684,6]
[684,6] 1 [685,6]
[685,6] 1 [686,6]
[686,6] 1 [687,6]
[687,6] 1 [688,6]
[688,6] 1 [689,6]
[689,6] 1 [690,6]
[690,6] 1 [691,6]
[691,6] 1 [692,6]
[692,6] 1 [693,6]
[693,6] 1 [694,6]
[694,6] 0 [695,6]
[695,6] 1 [696,8]
[696,8] 0 [697,8]
[697,8] 1 [698,12]
[698,12] 1 [699,16]
[699,16] 1 [700,20]
[700,20] 1 [701,24]
[701,24] 1 [702,27]
[702,27] 0 [703,27]
[703,27] 1 [704,30]
[704,30] 1 [705,33]
[705,33] 1 [706,37]
[706,37] 1 [707,40]
[707,40] 1 [708,44]
[708,44] 1 [709,48]
[709,48] 1 [710,50]
[710,50] 1 [711,52]
[711,52] 1 [712,54]
[712,54] 1 [713,56]
[713,56] 1 [714,60]
[714,60] 1 [715,62]
[715,62] 1 [716,65]
[716,65] 1 [717,68]
[717,68] 1 [718,72]
[718,72] 1 [719,76]
[719,76] 1 [720,79]
[720,79] 1 [721,83]
[721,83] 1 [722,87]
[722,87] 1 [723,91]
[723,91] 1 [724,93]
[724,93] 1 [725,96]
[725,96] 1 [726,99]
[726,99] 1 [727,102]
[727,102] 1 [728,104]
[728,104] 1 [729,108]
[729,108] 1 [730,111]
[730,111] 1 [731,115]
[731,115] 1 [732,117]
[732,117] 1 [733,120]
[733,120] 1 [734,123]
[734,123] 1 [735,127]
[735,127] 1 [736,130]
[736,130] 1 [737,134]
[737,134] 1 [738,136]
[738,136] 1 [739,139]
[739,139] 1 [740,142]
[740,142] 1 [741,145]
[741,145] 1 [742,147]
[742,147] 1 [743,149]
[743,149] 1 [744,152]
[744,152] 1 [745,155]
[745,155] 1 [746,157]
[746,157] 1 [747,161]
[747,161] 1 [748,165]
[748,165] 1 [749,167]
[749,167] 1 [750,170]
[750,170] 1 [751,173]
[751,173] 1 [752,176]
[752,176] 1 [753,6]
[753,6] 1 [754,6]
[754,6] 1 [755,6]
[755,6] 1 [756,6]
[756,6] 1 [757,6]
[757,6] 1 [758,6]
[758,6] 1 [759,6]
[759,6] 1 [760,6]
[760,6] 1 [761,6]
[761,6] 1 [762,6]
[762,6] 1 [763,9]
[763,9] 1 [764,13]
[764,13] 1 [765,15]
[765,15] 1 [766,17]
[766,17] 1 [767,19]
[767,19] 1 [768,23]
[768,23] 1 [769,26]
[769,26] 1 [770,28]
[770,28] 1 [771,32]
[771,32] 1 [772,34]
[772,34] 1 [773,38]
[773,38] 1 [774,42]
[774,42] 1 [775,46]
[775,46] 1 [776,50]
[776,50] 1 [777,52]
[777,52] 1 [778,56]
[778,56] 1 [779,60]
[779,60] 1 [780,62]
[780,62] 1 [781,64]
[781,64] 1 [782,67]
[782,67] 1 [783,71]
[783,71] 1 [784,75]
[784,75] 1 [785,79]
[785,79] 1 [786,81]
[786,81] 1 [787,83]
[787,83] 1 [788,86]
[788,86] 1 [789,90]
[789,90] 1 [790,92]
[790,92] 1 [791,95]
[791,95] 1 [792,97]
[792,97] 1 [793,99]
[793,99] 1 [794,102]
[794,102] 1 [795,104]
[795,104] 1 [796,108]
[796,108] 1 [797,110]
[797,110] 1 [798,113]
[798,113] 1 [799,115]
[799,115] 1 [800,119]
[800,119] 1 [801,122]
[801,122] 1 [802,124]
[802,124] 1 [803,128]
[803,128] 1 [804,132]
[804,132] 1 [805,136]
[805,136] 1 [806,140]
[806,140] 1 [807,144]
[807,144] 1 [808,147]
[808,147] 1 [809,151]
[809,151] 1 [810,154]
[810,154] 1 [811,156]
[811,156] 1 [812,159]
[812,159] 1 [813,161]
[813,161] 1 [814,163]
[814,163] 1 [815,167]
[815,167] 1 [816,169]
[816,169] 1 [817,171]
[817,171] 1 [818,175]
[818,175] 1 [819,177]
[819,177] 1 [820,6]
[820,6] 1 [821,6]
[821,6] 1 [822,6]
[822,6] 1 [823,6]
[823,6] 1 [824,6]
[824,6] 1 [825,6]
[825,6] 1 [826,6]
[826,6] 1 [827,6]
[827,6] 1 [828,6]
[828,6] 1 [829,6]
[829,6] 1 [830,6]
[830,6] 0 [831,6]
[831,6] 1 [832,9]
[832,9] 0 [833,9]
[833,9] 1 [834,13]
[834,13] 1 [835,17]
[835,17] 1 [836,19]
[836,19] 2 [837,15]
[837,15] 1 [838,13]
[838,13] 1 [839,15]
[839,15] 1 [840,19]
[840,19] 1 [841,21]
[841,21] 1 [842,23]
[842,23] 1 [843,25]
[843,25] 1 [844,29]
[844,29] 2 [845,25]
[845,25] 1 [846,27]
[846,27] 1 [847,29]
[847,29] 1 [848,31]
[848,31] 1 [849,34]
[849,34] 1 [850,37]
[850,37] 1 [851,41]
[851,41] 1 [852,44]
[852,44] 1 [853,46]
[853,46] 1 [854,48]
[854,48] 1 [855,50]
[855,50] 1 [856,52]
[856,52] 1 [857,55]
[857,55] 1 [858,57]
[858,57] 1 [859,60]
[859,60] 1 [860,64]
[860,64] 1 [861,66]
[861,66] 1 [862,69]
[862,69] 1 [863,71]
[863,71] 1 [864,74]
[864,74] 1 [865,76]
[865,76] 1 [866,80]
[866,80] 1 [867,82]
[867,82] 1 [868,84]
[868,84] 1 [869,87]
[869,87] 1 [870,89]
[870,89] 1 [871,92]
[871,92] 1 [872,96]
[872,96] 1 [873,99]
[873,99] 1 [874,103]
[874,103] 1 [875,107]
[875,107] 1 [876,109]
[876,109] 1 [877,113]
[877,113] 1 [878,116]
[878,116] 1 [879,118]
[879,118] 1 [880,122]
[880,122] 1 [881,125]
[881,125] 1 [882,127]
[882,127] 1 [883,131]
[883,131] 1 [884,135]
[884,135] 1 [885,137]
[885,137] 1 [886,139]
[886,139] 1 [887,143]
[887,143] 1 [888,147]
[888,147] 1 [889,151]
[889,151] 1 [890,153]
[890,153] 1 [891,155]
[891,155] 1 [892,157]
[892,157] 1 [893,159]
[893,159] 1 [894,163]
[894,163] 1 [895,166]
[895,166] 1 [896,169]
[896,169] 1 [897,171]
[897,171] 1 [898,175]
[898,175] 1 [899,6]
[899,6] 1 [900,6]
[900,6] 1 [901,6]
[901,6] 1 [902,6]
[902,6] 1 [903,6]
[903,6] 1 [904,6]
[904,6] 1 [905,6]
[905,6] 1 [906,6]
[906,6] 1 [907,6]
[907,6] 1 [908,6]
[908,6] 1 [909,6]
[909,6] 1 [910,6]
[910,6] 1 [911,8]
[911,8] 1 [912,10]
[912,10] 1 [913,14]
[913,14] 1 [914,18]
[914,18] 1 [915,20]
[915,20] 1 [916,24]
[916,24] 1 [917,26]
[917,26] 1 [918,29]
[918,29] 0 [919,30]
[919,30] 0 [920,30]
[920,30] 1 [921,32]
[921,32] 1 [922,35]
[922,35] 1 [923,37]
[923,37] 1 [924,40]
[924,40] 1 [925,43]
[925,43] 1 [926,47]
[926,47] 1 [927,51]
[927,51] 1 [928,53]
[928,53] 1 [929,56]
[929,56] 1 [930,59]
[930,59] 1 [931,61]
[931,61] 1 [932,63]
[932,63] 1 [933,65]
[933,65] 1 [934,67]
[934,67] 1 [935,70]
[935,70] 1 [936,73]
[936,73] 1 [937,75]
[937,75] 1 [938,78]
[938,78] 1 [939,80]
[939,80] 1 [940,84]
[940,84] 1 [941,86]
[941,86] 1 [942,88]
[942,88] 1 [943,90]
[943,90] 1 [944,93]
[944,93] 1 [945,97]
[945,97] 1 [946,100]
[946,100] 1 [947,103]
[947,103] 1 [948,107]
[948,107] 1 [949,109]
[949,109] 1 [950,111]
[950,111] 1 [951,115]
[951,115] 1 [952,119]
[952,119] 1 [953,121]
[953,121] 1 [954,123]
[954,123] 1 [955,127]
[955,127] 1 [956,130]
[956,130] 1 [957,133]
[957,133] 1 [958,137]
[958,137] 1 [959,141]
[959,141] 1 [960,144]
[960,144] 1 [961,148]
[961,148] 1 [962,152]
[962,152] 1 [963,156]
[963,156] 1 [964,159]
[964,159] 1 [965,162]
[965,162] 1 [966,164]
[966,164] 1 [967,166]
[967,166] 1 [968,168]
[968,168] 1 [969,171]
[969,171] 1 [970,175]
[970,175] 1 [971,177]
[971,177] 1 [972,6]
[972,6] 1 [973,6]
[973,6] 1 [974,6]
[974,6] 1 [975,6]
[975,6] 1 [976,6]
[976,6] 1 [977,6]
[977,6] 1 [978,6]
[978,6] 1 [979,6]
[979,6] 1 [980,6]
[980,6] 1 [981,8]
[981,8] 1 [982,10]
[982,10] 1 [983,12]
[983,12] 1 [984,14]
[984,14] 2 [985,10]
[985,10] 1 [986,13]
[986,13] 1 [987,16]
[987,16] 1 [988,19]
[988,19] 2 [989,16]
[989,16] 1 [990,19]
[990,19] 2 [991,16]
[991,16] 2 [992,12]
[992,12] 1 [993,11]
[993,11] 1 [994,15]
[994,15] 2 [995,11]
[995,11] 2 [996,8]
[996,8] 1 [997,10]
[997,10] 1 [998,14]
[998,14] 1 [999,18]
[999,18] 1 [1000,21]
[1000,21] 2 [1001,17]
[1001,17] 2 [1002,13]
[1002,13] 1 [1003,15]
[1003,15] 1 [1004,17]
[1004,17] 1 [1005,20]
[1005,20] 1 [1006,24]
[1006,24] 1 [1007,28]
[1007,28] 1 [1008,31]
[1008,31] 2 [1009,27]
[1009,27] 1 [1010,27]
[1010,27] 1 [1011,30]
[1011,30] 1 [1012,32]
[1012,32] 1 [1013,35]
[1013,35] 1 [1014,39]
[1014,39] 1 [1015,42]
[1015,42] 1 [1016,45]
[1016,45] 1 [1017,49]
[1017,49] 1 [1018,53]
[1018,53] 1 [1019,56]
[1019,56] 1 [1020,58]
[1020,58] 1 [1021,62]
[1021,62] 1 [1022,64]
[1022,64] 1 [1023,67]
[1023,67] 1 [1024,69]
[1024,69] 1 [1025,71]
[1025,71] 1 [1026,75]
[1026,75] 1 [1027,77]
[1027,77] 1 [1028,81]
[1028,81] 1 [1029,84]
[1029,84] 1 [1030,87]
[1030,87] 1 [1031,89]
[1031,89] 1 [1032,91]
[1032,91] 1 [1033,95]
[1033,95] 1 [1034,99]
[1034,99] 1 [1035,103]
[1035,103] 1 [1036,107]
[1036,107] 1 [1037,111]
[1037,111] 1 [1038,114]
[1038,114] 1 [1039,116]
[1039,116] 1 [1040,118]
[1040,118] 1 [1041,122]
[1041,122] 1 [1042,125]
[1042,125] 1 [1043,129]
[1043,129] 1 [1044,132]
[1044,132] 1 [1045,135]
[1045,135] 1 [1046,138]
[1046,138] 1 [1047,141]
[1047,141] 1 [1048,144]
[1048,144] 1 [1049,148]
[1049,148] 1 [1050,151]
[1050,151] 1 [1051,153]
[1051,153] 1 [1052,156]
[1052,156] 1 [1053,159]
[1053,159] 1 [1054,163]
[1054,163] 1 [1055,167]
[1055,167] 1 [1056,171]
[1056,171] 1 [1057,175]
[1057,175] 1 [1058,177]
[1058,177] 1 [1059,6]
[1059,6] 1 [1060,6]
[1060,6] 1 [1061,6]
[1061,6] 1 [1062,6]
[1062,6] 1 [1063,6]
[1063,6] 1 [1064,6]
[1064,6] 1 [1065,6]
[1065,6] 1 [1066,6]
[1066,6] 1 [1067,6]
[1067,6] 1 [1068,6]
[1068,6] 1 [1069,9]
[1069,9] 1 [1070,12]
[1070,12] 1 [1071,16]
[1071,16] 2 [1072,13]
[1072,13] 2 [1073,9]
[1073,9] 1 [1074,9]
[1074,9] 1 [1075,12]
[1075,12] 1 [1076,15]
[1076,15] 2 [1077,11]
[1077,11] 1 [1078,11]
[1078,11] 1 [1079,13]
[1079,13] 1 [1080,15]
[1080,15] 1 [1081,18]
[1081,18] 1 [1082,20]
[1082,20] 1 [1083,22]
[1083,22] 1 [1084,25]
[1084,25] 1 [1085,29]
[1085,29] 1 [1086,31]
[1086,31] 1 [1087,33]
[1087,33] 1 [1088,37]
[1088,37] 1 [1089,41]
[1089,41] 1 [1090,43]
[1090,43] 1 [1091,47]
[1091,47] 1 [1092,51]
[1092,51] 1 [1093,53]
[1093,53] 1 [1094,56]
[1094,56] 1 [1095,58]
[1095,58] 1 [1096,60]
[1096,60] 1 [1097,62]
[1097,62] 1 [1098,65]
[1098,65] 1 [1099,69]
[1099,69] 1 [1100,72]
[1100,72] 1 [1101,75]
[1101,75] 1 [1102,79]
[1102,79] 1 [1103,82]
[1103,82] 1 [1104,84]
[1104,84] 1 [1105,87]
[1105,87] 1 [1106,90]
[1106,90] 1 [1107,94]
[1107,94] 1 [1108,96]
[1108,96] 1 [1109,100]
[1109,100] 1 [1110,103]
[1110,103] 1 [1111,105]
[1111,105] 1 [1112,109]
[1112,109] 1 [1113,112]
[1113,112] 1 [1114,116]
[1114,116] 1 [1115,119]
[1115,119] 1 [1116,123]
[1116,123] 1 [1117,127]
[1117,127] 1 [1118,129]
[1118,129] 1 [1119,133]
[1119,133] 1 [1120,135]
[1120,135] 1 [1121,138]
[1121,138] 1 [1122,140]
[1122,140] 1 [1123,142]
[1123,142] 1 [1124,146]
[1124,146] 1 [1125,149]
[1125,149] 1 [1126,153]
[1126,153] 1 [1127,157]
[1127,157] 1 [1128,160]
[1128,160] 1 [1129,163]
[1129,163] 1 [1130,167]
[1130,167] 1 [1131,170]
[1131,170] 1 [1132,174]
[1132,174] 1 [1133,176]
[1133,176] 1 [1134,6]
[1134,6] 1 [1135,6]
[1135,6] 1 [1136,6]
[1136,6] 1 [1137,6]
[1137,6] 1 [1138,6]
[1138,6] 1 [1139,6]
[1139,6] 1 [1140,6]
[1140,6] 1 [1141,6]
[1141,6] 1 [1142,6]
[1142,6] 0 [1143,6]
[1143,6] 1 [1144,7]
[1144,7] 1 [1145,9]
[1145,9] 1 [1146,13]
[1146,13] 1 [1147,15]
[1147,15] 2 [1148,13]
[1148,13] 2 [1149,10]
[1149,10] 1 [1150,10]
[1150,10] 1 [1151,12]
[1151,12] 1 [1152,15]
[1152,15] 1 [1153,18]
[1153,18] 2 [1154,14]
[1154,14] 2 [1155,10]
[1155,10] 1 [1156,10]
[1156,10] 1 [1157,12]
[1157,12] 2 [1158,10]
[1158,10] 2 [1159,6]
[1159,6] 1 [1160,8]
[1160,8] 1 [1161,10]
[1161,10] 1 [1162,13]
[1162,13] 2 [1163,9]
[1163,9] 1 [1164,11]
[1164,11] 1 [1165,13]
[1165,13] 1 [1166,15]
[1166,15] 1 [1167,17]
[1167,17] 1 [1168,20]
[1168,20] 1 [1169,23]
[1169,23] 2 [1170,20]
[1170,20] 1 [1171,23]
[1171,23] 2 [1172,19]
[1172,19] 2 [1173,16]
[1173,16] 1 [1174,18]
[1174,18] 1 [1175,21]
[1175,21] 1 [1176,23]
[1176,23] 1 [1177,26]
[1177,26] 1 [1178,30]
[1178,30] 1 [1179,33]
[1179,33] 1 [1180,37]
[1180,37] 1 [1181,39]
[1181,39] 1 [1182,42]
[1182,42] 1 [1183,45]
[1183,45] 1 [1184,47]
[1184,47] 1 [1185,50]
[1185,50] 1 [1186,52]
[1186,52] 1 [1187,54]
[1187,54] 1 [1188,56]
[1188,56] 1 [1189,60]
[1189,60] 1 [1190,62]
[1190,62] 1 [1191,65]
[1191,65] 1 [1192,69]
[1192,69] 1 [1193,72]
[1193,72] 1 [1194,75]
[1194,75] 1 [1195,79]
[1195,79] 1 [1196,83]
[1196,83] 1 [1197,85]
[1197,85] 1 [1198,87]
[1198,87] 1 [1199,90]
[1199,90] 1 [1200,94]
[1200,94] 1 [1201,98]
[1201,98] 1 [1202,102]
[1202,102] 1 [1203,105]
[1203,105] 1 [1204,109]
[1204,109] 1 [1205,111]
[1205,111] 1 [1206,113]
[1206,113] 1 [1207,115]
[1207,115] 2 [1208,111]
[1208,111] 1 [1209,113]
[1209,113] 1 [1210,116]
[1210,116] 1 [1211,120]
[1211,120] 1 [1212,122]
[1212,122] 2 [1213,118]
[1213,118] 1 [1214,120]
[1214,120] 1 [1215,123]
[1215,123] 1 [1216,125]
[1216,125] 1 [1217,129]
[1217,129] 1 [1218,132]
[1218,132] 1 [1219,134]
[1219,134] 1 [1220,137]
[1220,137] 1 [1221,141]
[1221,141] 1 [1222,144]
[1222,144] 1 [1223,146]
[1223,146] 1 [1224,150]
[1224,150] 1 [1225,152]
[1225,152] 1 [1226,156]
[1226,156] 1 [1227,160]
[1227,160] 1 [1228,162]
[1228,162] 1 [1229,164]
[1229,164] 1 [1230,167]
[1230,167] 1 [1231,171]
[1231,171] 1 [1232,174]
[1232,174] 1 [1233,177]
[1233,177] 1 [1234,6]
[1234,6] 1 [1235,6]
[1235,6] 1 [1236,6]
[1236,6] 1 [1237,6]
[1237,6] 1 [1238,6]
[1238,6] 1 [1239,6]
[1239,6] 1 [1240,6]
[1240,6] 1 [1241,6]
[1241,6] 1 [1242,6]
[1242,6] 1 [1243,6]
[1243,6] 1 [1244,8]
[1244,8] 1 [1245,11]
[1245,11] 1 [1246,13]
[1246,13] 1 [1247,17]
[1247,17] 1 [1248,19]
[1248,19] 1 [1249,21]
[1249,21] 1 [1250,24]
[1250,24] 1 [1251,26]
[1251,26] 1 [1252,30]
[1252,30] 1 [1253,34]
[1253,34] 1 [1254,38]
[1254,38] 1 [1255,42]
[1255,42] 1 [1256,44]
[1256,44] 1 [1257,47]
[1257,47] 1 [1258,50]
[1258,50] 1 [1259,54]
[1259,54] 1 [1260,57]
[1260,57] 1 [1261,59]
[1261,59] 1 [1262,62]
[1262,62] 1 [1263,64]
[1263,64] 1 [1264,68]
[1264,68] 1 [1265,71]
[1265,71] 1 [1266,75]
[1266,75] 1 [1267,77]
[1267,77] 1 [1268,80]
[1268,80] 1 [1269,84]
[1269,84] 1 [1270,88]
[1270,88] 1 [1271,92]
[1271,92] 1 [1272,96]
[1272,96] 1 [1273,100]
[1273,100] 1 [1274,103]
[1274,103] 1 [1275,106]
[1275,106] 1 [1276,109]
[1276,109] 1 [1277,113]
[1277,113] 1 [1278,116]
[1278,116] 1 [1279,119]
[1279,119] 1 [1280,121]
[1280,121] 1 [1281,125]
[1281,125] 1 [1282,127]
[1282,127] 1 [1283,129]
[1283,129] 1 [1284,131]
[1284,131] 1 [1285,135]
[1285,135] 1 [1286,139]
[1286,139] 1 [1287,141]
[1287,141] 1 [1288,145]
[1288,145] 1 [1289,148]
[1289,148] 1 [1290,151]
[1290,151] 1 [1291,153]
[1291,153] 1 [1292,155]
[1292,155] 1 [1293,159]
[1293,159] 1 [1294,162]
[1294,162] 1 [1295,165]
[1295,165] 1 [1296,167]
[1296,167] 1 [1297,171]
[1297,171] 1 [1298,175]
[1298,175] 1 [1299,6]
[1299,6] 1 [1300,6]
[1300,6] 1 [1301,6]
[1301,6] 1 [1302,6]
[1302,6] 1 [1303,6]
[1303,6] 1 [1304,6]
[1304,6] 1 [1305,6]
[1305,6] 1 [1306,6]
[1306,6] 1 [1307,6]
[1307,6] 1 [1308,6]
[1308,6] 0 [1309,6]
[1309,6] 1 [1310,9]
[1310,9] 1 [1311,12]
[1311,12] 1 [1312,14]
[1312,14] 2 [1313,10]
[1313,10] 1 [1314,8]
[1314,8] 1 [1315,8]
[1315,8] 1 [1316,10]
[1316,10] 1 [1317,14]
[1317,14] 1 [1318,16]
[1318,16] 1 [1319,19]
[1319,19] 1 [1320,21]
[1320,21] 1 [1321,24]
[1321,24] 1 [1322,26]
[1322,26] 1 [1323,28]
[1323,28] 1 [1324,31]
[1324,31] 1 [1325,33]
[1325,33] 1 [1326,37]
[1326,37] 1 [1327,41]
[1327,41] 1 [1328,45]
[1328,45] 1 [1329,49]
[1329,49] 1 [1330,52]
[1330,52] 2 [1331,48]
[1331,48] 1 [1332,51]
[1332,51] 2 [1333,48]
[1333,48] 1 [1334,50]
[1334,50] 1 [1335,52]
[1335,52] 1 [1336,56]
[1336,56] 2 [1337,53]
[1337,53] 1 [1338,54]
[1338,54] 1 [1339,57]
[1339,57] 1 [1340,60]
[1340,60] 1 [1341,64]
[1341,64] 1 [1342,67]
[1342,67] 1 [1343,70]
[1343,70] 1 [1344,74]
[1344,74] 1 [1345,78]
[1345,78] 1 [1346,80]
[1346,80] 1 [1347,82]
[1347,82] 1 [1348,84]
[1348,84] 1 [1349,88]
[1349,88] 1 [1350,90]
[1350,90] 1 [1351,94]
[1351,94] 1 [1352,96]
[1352,96] 1 [1353,98]
[1353,98] 1 [1354,102]
[1354,102] 1 [1355,106]
[1355,106] 1 [1356,109]
[1356,109] 1 [1357,111]
[1357,111] 1 [1358,114]
[1358,114] 1 [1359,116]
[1359,116] 1 [1360,120]
[1360,120] 1 [1361,122]
[1361,122] 1 [1362,125]
[1362,125] 1 [1363,127]
[1363,127] 1 [1364,129]
[1364,129] 1 [1365,132]
[1365,132] 1 [1366,134]
[1366,134] 1 [1367,137]
[1367,137] 1 [1368,140]
[1368,140] 1 [1369,142]
[1369,142] 1 [1370,146]
[1370,146] 1 [1371,150]
[1371,150] 1 [1372,152]
[1372,152] 1 [1373,155]
[1373,155] 1 [1374,158]
[1374,158] 1 [1375,162]
[1375,162] 1 [1376,164]
[1376,164] 1 [1377,168]
[1377,168] 1 [1378,172]
[1378,172] 1 [1379,176]
[1379,176] 1 [1380,6]
[1380,6] 1 [1381,6]
[1381,6] 1 [1382,6]
[1382,6] 1 [1383,6]
[1383,6] 1 [1384,6]
[1384,6] 1 [1385,6]
[1385,6] 1 [1386,6]
[1386,6] 1 [1387,6]
[1387,6] 1 [1388,6]
[1388,6] 1 [1389,8]
[1389,8] 2 [1390,6]
[1390,6] 1 [1391,8]
[1391,8] 1 [1392,10]
[1392,10] 1 [1393,12]
[1393,12] 1 [1394,16]
[1394,16] 2 [1395,12]
[1395,12] 1 [1396,12]
[1396,12] 2 [1397,9]
[1397,9] 1 [1398,12]
[1398,12] 2 [1399,8]
[1399,8] 2 [1400,6]
[1400,6] 1 [1401,8]
[1401,8] 1 [1402,11]
[1402,11] 2 [1403,9]
[1403,9] 2 [1404,6]
[1404,6] 1 [1405,10]
[1405,10] 2 [1406,8]
[1406,8] 1 [1407,8]
[1407,8] 1 [1408,11]
[1408,11] 2 [1409,8]
[1409,8] 1 [1410,7]
[1410,7] 2 [1411,6]
[1411,6] 1 [1412,8]
[1412,8] 1 [1413,11]
[1413,11] 2 [1414,9]
[1414,9] 1 [1415,12]
[1415,12] 1 [1416,14]
[1416,14] 1 [1417,18]
[1417,18] 1 [1418,22]
[1418,22] 1 [1419,24]
[1419,24] 1 [1420,28]
[1420,28] 1 [1421,30]
[1421,30] 1 [1422,32]
[1422,32] 1 [1423,36]
[1423,36] 1 [1424,40]
[1424,40] 1 [1425,44]
[1425,44] 1 [1426,47]
[1426,47] 1 [1427,49]
[1427,49] 1 [1428,52]
[1428,52] 1 [1429,56]
[1429,56] 1 [1430,59]
[1430,59] 1 [1431,61]
[1431,61] 1 [1432,63]
[1432,63] 1 [1433,65]
[1433,65] 1 [1434,69]
[1434,69] 1 [1435,72]
[1435,72] 1 [1436,76]
[1436,76] 1 [1437,79]
[1437,79] 1 [1438,81]
[1438,81] 1 [1439,85]
[1439,85] 1 [1440,89]
[1440,89] 1 [1441,93]
[1441,93] 1 [1442,97]
[1442,97] 1 [1443,99]
[1443,99] 1 [1444,101]
[1444,101] 1 [1445,105]
[1445,105] 1 [1446,109]
[1446,109] 1 [1447,113]
[1447,113] 1 [1448,115]
[1448,115] 1 [1449,118]
[1449,118] 1 [1450,120]
[1450,120] 1 [1451,124]
[1451,124] 1 [1452,126]
[1452,126] 1 [1453,130]
[1453,130] 1 [1454,134]
[1454,134] 1 [1455,136]
[1455,136] 1 [1456,139]
[1456,139] 1 [1457,142]
[1457,142] 1 [1458,146]
[1458,146] 1 [1459,148]
[1459,148] 1 [1460,150]
[1460,150] 1 [1461,153]
[1461,153] 1 [1462,155]
[1462,155] 1 [1463,158]
[1463,158] 1 [1464,160]
[1464,160] 1 [1465,163]
[1465,163] 1 [1466,167]
[1466,167] 1 [1467,170]
[1467,170] 1 [1468,172]
[1468,172] 1 [1469,174]
[1469,174] 1 [1470,176]
[1470,176] 1 [1471,6]
[1471,6] 1 [1472,6]
[1472,6] 1 [1473,6]
[1473,6] 1 [1474,6]
[1474,6] 1 [1475,6]
[1475,6] 1 [1476,6]
[1476,6] 1 [1477,6]
[1477,6] 1 [1478,6]
[1478,6] 1 [1479,6]
[1479,6] 1 [1480,6]
[1480,6] 0 [1481,6]
[1481,6] 1 [1482,9]
[1482,9] 1 [1483,12]
[1483,12] 1 [1484,16]
[1484,16] 1 [1485,20]
[1485,20] 1 [1486,22]
[1486,22] 1 [1487,24]
[1487,24] 1 [1488,28]
[1488,28] 1 [1489,32]
[1489,32] 1 [1490,36]
[1490,36] 1 [1491,40]
[1491,40] 1 [1492,43]
[1492,43] 1 [1493,46]
[1493,46] 1 [1494,49]
[1494,49] 1 [1495,51]
[1495,51] 1 [1496,53]
[1496,53] 1 [1497,57]
[1497,57] 1 [1498,61]
[1498,61] 1 [1499,63]
[1499,63] 1 [1500,67]
[1500,67] 1 [1501,70]
[1501,70] 1 [1502,72]
[1502,72] 1 [1503,76]
[1503,76] 1 [1504,79]
[1504,79] 1 [1505,82]
[1505,82] 1 [1506,86]
[1506,86] 1 [1507,88]
[1507,88] 1 [1508,92]
[1508,92] 1 [1509,96]
[1509,96] 1 [1510,98]
[1510,98] 1 [1511,100]
[1511,100] 1 [1512,103]
[1512,103] 1 [1513,107]
[1513,107] 1 [1514,111]
[1514,111] 1 [1515,114]
[1515,114] 1 [1516,116]
[1516,116] 1 [1517,119]
[1517,119] 1 [1518,122]
[1518,122] 1 [1519,125]
[1519,125] 1 [1520,128]
[1520,128] 1 [1521,132]
[1521,132] 1 [1522,134]
[1522,134] 1 [1523,138]
[1523,138] 1 [1524,141]
[1524,141] 1 [1525,143]
[1525,143] 1 [1526,146]
[1526,146] 1 [1527,150]
[1527,150] 1 [1528,153]
[1528,153] 1 [1529,157]
[1529,157] 1 [1530,159]
[1530,159] 1 [1531,161]
[1531,161] 1 [1532,164]
[1532,164] 1 [1533,166]
[1533,166] 1 [1534,168]
[1534,168] 1 [1535,172]
[1535,172] 1 [1536,175]
[1536,175] 1 [1537,6]
[1537,6] 1 [1538,6]
[1538,6] 1 [1539,6]
[1539,6] 1 [1540,6]
[1540,6] 1 [1541,6]
[1541,6] 1 [1542,6]
[1542,6] 1 [1543,6]
[1543,6] 1 [1544,6]
[1544,6] 1 [1545,6]
[1545,6] 1 [1546,9]
[1546,9] 0 [1547,9]
[1547,9] 2 [1548,6]
[1548,6] 1 [1549,10]
[1549,10] 1 [1550,12]
[1550,12] 1 [1551,15]
[1551,15] 1 [1552,17]
[1552,17] 1 [1553,21]
[1553,21] 1 [1554,25]
[1554,25] 1 [1555,28]
[1555,28] 1 [1556,31]
[1556,31] 1 [1557,34]
[1557,34] 1 [1558,38]
[1558,38] 1 [1559,40]
[1559,40] 1 [1560,44]
[1560,44] 1 [1561,48]
[1561,48] 1 [1562,52]
[1562,52] 1 [1563,55]
[1563,55] 1 [1564,57]
[1564,57] 1 [1565,61]
[1565,61] 1 [1566,63]
[1566,63] 1 [1567,67]
[1567,67] 1 [1568,69]
[1568,69] 1 [1569,73]
[1569,73] 1 [1570,75]
[1570,75] 1 [1571,79]
[1571,79] 1 [1572,83]
[1572,83] 1 [1573,87]
[1573,87] 1 [1574,89]
[1574,89] 1 [1575,91]
[1575,91] 1 [1576,94]
[1576,94] 1 [1577,97]
[1577,97] 1 [1578,101]
[1578,101] 1 [1579,105]
[1579,105] 1 [1580,108]
[1580,108] 1 [1581,112]
[1581,112] 1 [1582,115]
[1582,115] 1 [1583,118]
[1583,118] 1 [1584,121]
[1584,121] 1 [1585,125]
[1585,125] 1 [1586,127]
[1586,127] 1 [1587,131]
[1587,131] 1 [1588,133]
[1588,133] 1 [1589,136]
[1589,136] 1 [1590,138]
[1590,138] 1 [1591,142]
[1591,142] 1 [1592,144]
[1592,144] 1 [1593,146]
[1593,146] 1 [1594,150]
[1594,150] 1 [1595,152]
[1595,152] 1 [1596,155]
[1596,155] 1 [1597,158]
[1597,158] 1 [1598,161]
[1598,161] 1 [1599,163]
[1599,163] 1 [1600,166]
[1600,166] 1 [1601,170]
[1601,170] 1 [1602,174]
[1602,174] 1 [1603,176]
[1603,176] 1 [1604,6]
[1604,6] 1 [1605,6]
[1605,6] 1 [1606,6]
[1606,6] 1 [1607,6]
[1607,6] 1 [1608,6]
[1608,6] 1 [1609,6]
[1609,6] 1 [1610,6]
[1610,6] 1 [1611,6]
[1611,6] 1 [1612,6]
[1612,6] 1 [1613,6]
[1613,6] 1 [1614,8]
[1614,8] 0 [1615,8]
[1615,8] 1 [1616,11]
[1616,11] 1 [1617,15]
[1617,15] 2 [1618,12]
[1618,12] 1 [1619,12]
[1619,12] 1 [1620,16]
[1620,16] 1 [1621,20]
[1621,20] 2 [1622,17]
[1622,17] 2 [1623,13]
[1623,13] 1 [1624,13]
[1624,13] 1 [1625,16]
[1625,16] 1 [1626,20]
[1626,20] 2 [1627,16]
[1627,16] 2 [1628,13]
[1628,13] 1 [1629,13]
[1629,13] 1 [1630,16]
[1630,16] 1 [1631,20]
[1631,20] 1 [1632,23]
[1632,23] 1 [1633,27]
[1633,27] 1 [1634,31]
[1634,31] 2 [1635,27]
[1635,27] 2 [1636,23]
[1636,23] 2 [1637,20]
[1637,20] 1 [1638,21]
[1638,21] 1 [1639,23]
[1639,23] 1 [1640,27]
[1640,27] 1 [1641,29]
[1641,29] 1 [1642,31]
[1642,31] 1 [1643,35]
[1643,35] 1 [1644,38]
[1644,38] 1 [1645,42]
[1645,42] 1 [1646,46]
[1646,46] 1 [1647,50]
[1647,50] 1 [1648,52]
[1648,52] 1 [1649,56]
[1649,56] 1 [1650,59]
[1650,59] 1 [1651,63]
[1651,63] 1 [1652,67]
[1652,67] 1 [1653,70]
[1653,70] 1 [1654,73]
[1654,73] 1 [1655,76]
[1655,76] 1 [1656,79]
[1656,79] 1 [1657,82]
[1657,82] 1 [1658,85]
[1658,85] 1 [1659,89]
[1659,89] 1 [1660,92]
[1660,92] 1 [1661,94]
[1661,94] 1 [1662,96]
[1662,96] 1 [1663,100]
[1663,100] 1 [1664,104]
[1664,104] 1 [1665,108]
[1665,108] 1 [1666,111]
[1666,111] 1 [1667,115]
[1667,115] 1 [1668,119]
[1668,119] 1 [1669,122]
[1669,122] 1 [1670,124]
[1670,124] 1 [1671,127]
[1671,127] 1 [1672,130]
[1672,130] 1 [1673,134]
[1673,134] 1 [1674,136]
[1674,136] 1 [1675,139]
[1675,139] 1 [1676,141]
[1676,141] 1 [1677,143]
[1677,143] 1 [1678,146]
[1678,146] 1 [1679,150]
[1679,150] 1 [1680,153]
[1680,153] 1 [1681,156]
[1681,156] 1 [1682,159]
[1682,159] 1 [1683,161]
[1683,161] 1 [1684,163]
[1684,163] 1 [1685,165]
[1685,165] 1 [1686,168]
[1686,168] 1 [1687,171]
[1687,171] 1 [1688,175]
[1688,175] 1 [1689,6]
[1689,6] 1 [1690,6]
[1690,6] 1 [1691,6]
[1691,6] 1 [1692,6]
[1692,6] 1 [1693,6]
[1693,6] 1 [1694,6]
[1694,6] 1 [1695,6]
[1695,6] 1 [1696,6]
[1696,6] 1 [1697,6]
[1697,6] 1 [1698,6]
[1698,6] 1 [1699,6]
[1699,6] 0 [1700,6]
[1700,6] 1 [1701,8]
[1701,8] 1 [1702,12]
[1702,12] 1 [1703,14]
[1703,14] 1 [1704,16]
[1704,16] 2 [1705,12]
[1705,12] 2 [1706,8]
[1706,8] 1 [1707,11]
[1707,11] 1 [1708,13]
[1708,13] 2 [1709,11]
[1709,11] 2 [1710,8]
[1710,8] 1 [1711,10]
[1711,10] 1 [1712,13]
[1712,13] 1 [1713,15]
[1713,15] 1 [1714,17]
[1714,17] 1 [1715,20]
[1715,20] 1 [1716,23]
[1716,23] 1 [1717,27]
[1717,27] 1 [1718,29]
[1718,29] 1 [1719,31]
[1719,31] 1 [1720,34]
[1720,34] 1 [1721,36]
[1721,36] 1 [1722,38]
[1722,38] 1 [1723,40]
[1723,40] 1 [1724,43]
[1724,43] 1 [1725,46]
[1725,46] 1 [1726,50]
[1726,50] 1 [1727,52]
[1727,52] 1 [1728,54]
[1728,54] 1 [1729,58]
[1729,58] 1 [1730,61]
[1730,61] 1 [1731,64]
[1731,64] 1 [1732,67]
[1732,67] 1 [1733,71]
[1733,71] 1 [1734,75]
[1734,75] 1 [1735,79]
[1735,79] 1 [1736,81]
[1736,81] 1 [1737,84]
[1737,84] 1 [1738,87]
[1738,87] 1 [1739,89]
[1739,89] 1 [1740,93]
[1740,93] 1 [1741,97]
[1741,97] 1 [1742,99]
[1742,99] 1 [1743,102]
[1743,102] 1 [1744,105]
[1744,105] 1 [1745,108]
[1745,108] 1 [1746,112]
[1746,112] 1 [1747,116]
[1747,116] 1 [1748,119]
[1748,119] 1 [1749,123]
[1749,123] 1 [1750,125]
[1750,125] 1 [1751,129]
[1751,129] 1 [1752,131]
[1752,131] 1 [1753,134]
[1753,134] 1 [1754,138]
[1754,138] 1 [1755,140]
[1755,140] 1 [1756,144]
[1756,144] 1 [1757,146]
[1757,146] 1 [1758,150]
[1758,150] 1 [1759,153]
[1759,153] 1 [1760,157]
[1760,157] 1 [1761,159]
[1761,159] 1 [1762,162]
[1762,162] 1 [1763,166]
[1763,166] 1 [1764,170]
[1764,170] 1 [1765,173]
[1765,173] 1 [1766,175]
[1766,175] 1 [1767,6]
[1767,6] 1 [1768,6]
[1768,6] 1 [1769,6]
[1769,6] 1 [1770,6]
[1770,6] 1 [1771,6]
[1771,6] 1 [1772,6]
[1772,6] 1 [1773,6]
[1773,6] 1 [1774,6]
[1774,6] 1 [1775,6]
[1775,6] 1 [1776,6]
[1776,6] 1 [1777,6]
[1777,6] 0 [1778,6]
[1778,6] 1 [1779,8]
[1779,8] 1 [1780,12]
[1780,12] 1 [1781,14]
[1781,14] 1 [1782,17]
[1782,17] 2 [1783,13]
[1783,13] 1 [1784,17]
[1784,17] 1 [1785,19]
[1785,19] 1 [1786,23]
[1786,23] 2 [1787,19]
[1787,19] 2 [1788,15]
[1788,15] 2 [1789,11]
[1789,11] 2 [1790,7]
[1790,7] 0 [1791,6]
[1791,6] 1 [1792,8]
[1792,8] 1 [1793,10]
[1793,10] 1 [1794,12]
[1794,12] 1 [1795,15]
[1795,15] 2 [1796,12]
[1796,12] 2 [1797,9]
[1797,9] 1 [1798,11]
[1798,11] 2 [1799,8]
[1799,8] 1 [1800,11]
[1800,11] 1 [1801,13]
[1801,13] 2 [1802,12]
[1802,12] 2 [1803,8]
[1803,8] 1 [1804,10]
[1804,10] 1 [1805,13]
[1805,13] 1 [1806,16]
[1806,16] 1 [1807,19]
[1807,19] 1 [1808,23]
[1808,23] 1 [1809,27]
[1809,27] 1 [1810,29]
[1810,29] 1 [1811,32]
[1811,32] 1 [1812,35]
[1812,35] 1 [1813,37]
[1813,37] 1 [1814,39]
[1814,39] 1 [1815,41]
[1815,41] 1 [1816,45]
[1816,45] 1 [1817,49]
[1817,49] 1 [1818,53]
[1818,53] 1 [1819,57]
[1819,57] 1 [1820,59]
[1820,59] 1 [1821,63]
[1821,63] 1 [1822,65]
[1822,65] 1 [1823,67]
[1823,67] 1 [1824,70]
[1824,70] 1 [1825,72]
[1825,72] 1 [1826,75]
[1826,75] 1 [1827,79]
[1827,79] 1 [1828,81]
[1828,81] 1 [1829,84]
[1829,84] 1 [1830,86]
[1830,86] 1 [1831,88]
[1831,88] 1 [1832,92]
[1832,92] 1 [1833,94]
[1833,94] 1 [1834,96]
[1834,96] 1 [1835,98]
[1835,98] 1 [1836,101]
[1836,101] 1 [1837,103]
[1837,103] 1 [1838,105]
[1838,105] 1 [1839,108]
[1839,108] 1 [1840,112]
[1840,112] 2 [1841,110]
[1841,110] 1 [1842,112]
[1842,112] 1 [1843,114]
[1843,114] 2 [1844,111]
[1844,111] 2 [1845,108]
[1845,108] 1 [1846,111]
[1846,111] 1 [1847,115]
[1847,115] 1 [1848,117]
[1848,117] 1 [1849,119]
[1849,119] 1 [1850,123]
[1850,123] 1 [1851,126]
[1851,126] 1 [1852,128]
[1852,128] 1 [1853,132]
[1853,132] 1 [1854,134]
[1854,134] 1 [1855,138]
[1855,138] 1 [1856,140]
[1856,140] 1 [1857,144]
[1857,144] 1 [1858,147]
[1858,147] 1 [1859,150]
[1859,150] 1 [1860,154]
[1860,154] 1 [1861,157]
[1861,157] 1 [1862,159]
[1862,159] 1 [1863,162]
[1863,162] 1 [1864,166]
[1864,166] 1 [1865,168]
[1865,168] 1 [1866,171]
[1866,171] 1 [1867,173]
[1867,173] 1 [1868,175]
[1868,175] 1 [1869,177]
[1869,177] 1 [1870,6]
[1870,6] 1 [1871,6]
[1871,6] 1 [1872,6]
[1872,6] 1 [1873,6]
[1873,6] 1 [1874,6]
[1874,6] 1 [1875,6]
[1875,6] 1 [1876,6]
[1876,6] 1 [1877,6]
[1877,6] 1 [1878,6]
[1878,6] 1 [1879,8]
[1879,8] 1 [1880,11]
[1880,11] 1 [1881,15]
[1881,15] 1 [1882,17]
[1882,17] 1 [1883,20]
[1883,20] 1 [1884,22]
[1884,22] 1 [1885,25]
[1885,25] 1 [1886,29]
[1886,29] 1 [1887,33]
[1887,33] 1 [1888,36]
[1888,36] 1 [1889,38]
[1889,38] 1 [1890,42]
[1890,42] 1 [1891,44]
[1891,44] 1 [1892,47]
[1892,47] 1 [1893,49]
[1893,49] 1 [1894,51]
[1894,51] 1 [1895,53]
[1895,53] 1 [1896,57]
[1896,57] 1 [1897,61]
[1897,61] 1 [1898,65]
[1898,65] 1 [1899,69]
[1899,69] 1 [1900,71]
[1900,71] 1 [1901,75]
[1901,75] 1 [1902,77]
[1902,77] 1 [1903,79]
[1903,79] 1 [1904,83]
[1904,83] 1 [1905,85]
[1905,85] 1 [1906,87]
[1906,87] 1 [1907,89]
[1907,89] 1 [1908,93]
[1908,93] 1 [1909,95]
[1909,95] 1 [1910,98]
[1910,98] 1 [1911,101]
[1911,101] 1 [1912,103]
[1912,103] 1 [1913,105]
[1913,105] 1 [1914,107]
[1914,107] 1 [1915,111]
[1915,111] 1 [1916,113]
[1916,113] 1 [1917,115]
[1917,115] 1 [1918,119]
[1918,119] 1 [1919,121]
[1919,121] 1 [1920,125]
[1920,125] 1 [1921,129]
[1921,129] 1 [1922,132]
[1922,132] 1 [1923,134]
[1923,134] 1 [1924,137]
[1924,137] 1 [1925,140]
[1925,140] 1 [1926,142]
[1926,142] 1 [1927,144]
[1927,144] 1 [1928,147]
[1928,147] 1 [1929,150]
[1929,150] 1 [1930,154]
[1930,154] 1 [1931,156]
[1931,156] 1 [1932,160]
[1932,160] 1 [1933,163]
[1933,163] 1 [1934,166]
[1934,166] 1 [1935,168]
[1935,168] 1 [1936,171]
[1936,171] 1 [1937,173]
[1937,173] 1 [1938,175]
[1938,175] 1 [1939,6]
[1939,6] 1 [1940,6]
[1940,6] 1 [1941,6]
[1941,6] 1 [1942,6]
[1942,6] 1 [1943,6]
[1943,6] 1 [1944,6]
[1944,6] 1 [1945,6]
[1945,6] 1 [1946,6]
[1946,6] 1 [1947,6]
[1947,6] 1 [1948,6]
[1948,6] 1 [1949,7]
[1949,7] 1 [1950,11]
[1950,11] 0 [1951,12]
[1951,12] 2 [1952,10]
[1952,10] 1 [1953,13]
[1953,13] 1 [1954,15]
[1954,15] 1 [1955,18]
[1955,18] 1 [1956,20]
[1956,20] 2 [1957,16]
[1957,16] 1 [1958,15]
[1958,15] 1 [1959,19]
[1959,19] 1 [1960,22]
[1960,22] 1 [1961,24]
[1961,24] 1 [1962,26]
[1962,26] 1 [1963,30]
[1963,30] 1 [1964,33]
[1964,33] 1 [1965,36]
[1965,36] 1 [1966,39]
[1966,39] 1 [1967,43]
[1967,43] 1 [1968,46]
[1968,46] 1 [1969,48]
[1969,48] 1 [1970,52]
[1970,52] 2 [1971,50]
[1971,50] 2 [1972,46]
[1972,46] 1 [1973,48]
[1973,48] 1 [1974,51]
[1974,51] 2 [1975,48]
[1975,48] 1 [1976,50]
[1976,50] 1 [1977,53]
[1977,53] 1 [1978,56]
[1978,56] 1 [1979,58]
[1979,58] 1 [1980,61]
[1980,61] 1 [1981,64]
[1981,64] 1 [1982,67]
[1982,67] 1 [1983,71]
[1983,71] 1 [1984,73]
[1984,73] 1 [1985,76]
[1985,76] 1 [1986,80]
[1986,80] 1 [1987,82]
[1987,82] 1 [1988,84]
[1988,84] 1 [1989,88]
[1989,88] 1 [1990,90]
[1990,90] 1 [1991,92]
[1991,92] 1 [1992,94]
[1992,94] 1 [1993,98]
[1993,98] 1 [1994,102]
[1994,102] 1 [1995,105]
[1995,105] 1 [1996,109]
[1996,109] 1 [1997,111]
[1997,111] 1 [1998,113]
[1998,113] 1 [1999,116]
[1999,116] 1 [2000,120]
[2000,120] 1 [2001,123]
[2001,123] 1 [2002,125]
[2002,125] 1 [2003,129]
[2003,129] 1 [2004,132]
[2004,132] 1 [2005,135]
[2005,135] 1 [2006,138]
[2006,138] 1 [2007,141]
[2007,141] 1 [2008,143]
[2008,143] 1 [2009,146]
[2009,146] 1 [2010,150]
[2010,150] 1 [2011,154]
[2011,154] 1 [2012,157]
[2012,157] 1 [2013,161]
[2013,161] 1 [2014,165]
[2014,165] 1 [2015,169]
[2015,169] 1 [2016,173]
[2016,173] 1 [2017,176]
[2017,176] 1 [2018,6]
[2018,6] 1 [2019,6]
[2019,6] 1 [2020,6]
[2020,6] 1 [2021,6]
[2021,6] 1 [2022,6]
[2022,6] 1 [2023,6]
[2023,6] 1 [2024,6]
[2024,6] 1 [2025,6]
[2025,6] 1 [2026,6]
[2026,6] 1 [2027,6]
[2027,6] 1 [2028,7]
[2028,7] 0 [2029,7]
[2029,7] 1 [2030,10]
[2030,10] 2 [2031,7]
[2031,7] 1 [2032,9]
[2032,9] 1 [2033,12]
[2033,12] 1 [2034,15]
[2034,15] 2 [2035,11]
[2035,11] 2 [2036,8]
[2036,8] 1 [2037,7]
[2037,7] 1 [2038,9]
[2038,9] 1 [2039,13]
[2039,13] 1 [2040,17]
[2040,17] 1 [2041,21]
[2041,21] 1 [2042,25]
[2042,25] 1 [2043,29]
[2043,29] 1 [2044,32]
[2044,32] 1 [2045,36]
[2045,36] 1 [2046,38]
[2046,38] 1 [2047,41]
[2047,41] 1 [2048,45]
[2048,45] 1 [2049,49]
[2049,49] 1 [2050,52]
[2050,52] 1 [2051,54]
[2051,54] 1 [2052,58]
[2052,58] 1 [2053,62]
[2053,62] 1 [2054,65]
[2054,65] 1 [2055,69]
[2055,69] 1 [2056,71]
[2056,71] 1 [2057,75]
[2057,75] 1 [2058,78]
[2058,78] 1 [2059,81]
[2059,81] 1 [2060,84]
[2060,84] 1 [2061,88]
[2061,88] 1 [2062,91]
[2062,91] 1 [2063,95]
[2063,95] 1 [2064,98]
[2064,98] 1 [2065,100]
[2065,100] 1 [2066,102]
[2066,102] 1 [2067,106]
[2067,106] 1 [2068,108]
[2068,108] 1 [2069,110]
[2069,110] 1 [2070,114]
[2070,114] 1 [2071,118]
[2071,118] 1 [2072,120]
[2072,120] 1 [2073,122]
[2073,122] 1 [2074,126]
[2074,126] 1 [2075,128]
[2075,128] 1 [2076,130]
[2076,130] 1 [2077,134]
[2077,134] 1 [2078,137]
[2078,137] 1 [2079,141]
[2079,141] 1 [2080,143]
[2080,143] 1 [2081,146]
[2081,146] 1 [2082,148]
[2082,148] 1 [2083,152]
[2083,152] 1 [2084,154]
[2084,154] 1 [2085,156]
[2085,156] 1 [2086,160]
[2086,160] 1 [2087,162]
[2087,162] 1 [2088,164]
[2088,164] 1 [2089,167]
[2089,167] 1 [2090,169]
[2090,169] 1 [2091,171]
[2091,171] 1 [2092,174]
[2092,174] 1 [2093,176]
[2093,176] 1 [2094,6]
[2094,6] 1 [2095,6]
[2095,6] 1 [2096,6]
[2096,6] 1 [2097,6]
[2097,6] 1 [2098,6]
[2098,6] 1 [2099,6]
[2099,6] 1 [2100,6]
[2100,6] 1 [2101,6]
[2101,6] 1 [2102,6]
[2102,6] 1 [2103,7]
[2103,7] 2 [2104,7]
[2104,7] 0 [2105,7]
[2105,7] 1 [2106,10]
[2106,10] 1 [2107,13]
[2107,13] 2 [2108,9]
[2108,9] 1 [2109,11]
[2109,11] 2 [2110,9]
[2110,9] 2 [2111,7]
[2111,7] 1 [2112,8]
[2112,8] 1 [2113,10]
[2113,10] 1 [2114,13]
[2114,13] 1 [2115,16]
[2115,16] 1 [2116,19]
[2116,19] 2 [2117,17]
[2117,17] 2 [2118,13]
[2118,13] 0 [2119,11]
[2119,11] 2 [2120,9]
[2120,9] 1 [2121,11]
[2121,11] 1 [2122,14]
[2122,14] 1 [2123,18]
[2123,18] 1 [2124,20]
[2124,20] 1 [2125,23]
[2125,23] 1 [2126,26]
[2126,26] 1 [2127,28]
[2127,28] 1 [2128,31]
[2128,31] 1 [2129,35]
[2129,35] 1 [2130,37]
[2130,37] 1 [2131,40]
[2131,40] 1 [2132,42]
[2132,42] 1 [2133,45]
[2133,45] 1 [2134,47]
[2134,47] 1 [2135,51]
[2135,51] 1 [2136,54]
[2136,54] 1 [2137,58]
[2137,58] 1 [2138,61]
[2138,61] 1 [2139,65]
[2139,65] 1 [2140,69]
[2140,69] 1 [2141,71]
[2141,71] 1 [2142,74]
[2142,74] 1 [2143,78]
[2143,78] 1 [2144,82]
[2144,82] 1 [2145,86]
[2145,86] 1 [2146,90]
[2146,90] 1 [2147,93]
[2147,93] 1 [2148,96]
[2148,96] 1 [2149,98]
[2149,98] 1 [2150,102]
[2150,102] 1 [2151,105]
[2151,105] 1 [2152,108]
[2152,108] 1 [2153,110]
[2153,110] 1 [2154,113]
[2154,113] 1 [2155,115]
[2155,115] 1 [2156,117]
[2156,117] 1 [2157,119]
[2157,119] 1 [2158,121]
[2158,121] 1 [2159,125]
[2159,125] 1 [2160,127]
[2160,127] 1 [2161,129]
[2161,129] 1 [2162,133]
[2162,133] 1 [2163,135]
[2163,135] 1 [2164,139]
[2164,139] 1 [2165,142]
[2165,142] 1 [2166,145]
[2166,145] 1 [2167,147]
[2167,147] 1 [2168,149]
[2168,149] 1 [2169,152]
[2169,152] 1 [2170,156]
[2170,156] 1 [2171,159]
[2171,159] 1 [2172,163]
[2172,163] 1 [2173,165]
[2173,165] 1 [2174,168]
[2174,168] 1 [2175,170]
[2175,170] 1 [2176,172]
[2176,172] 1 [2177,175]
[2177,175] 1 [2178,177]
[2178,177] 1 [2179,6]
[2179,6] 1 [2180,6]
[2180,6] 1 [2181,6]
[2181,6] 1 [2182,6]
[2182,6] 1 [2183,6]
[2183,6] 1 [2184,6]
[2184,6] 1 [2185,6]
[2185,6] 1 [2186,6]
[2186,6] 1 [2187,7]
[2187,7] 1 [2188,9]
[2188,9] 1 [2189,13]
[2189,13] 2 [2190,10]
[2190,10] 1 [2191,11]
[2191,11] 2 [2192,7]
[2192,7] 1 [2193,9]
[2193,9] 1 [2194,11]
[2194,11] 2 [2195,9]
[2195,9] 1 [2196,11]
[2196,11] 0 [2197,12]
[2197,12] 2 [2198,9]
[2198,9] 1 [2199,9]
[2199,9] 1 [2200,12]
[2200,12] 2 [2201,8]
[2201,8] 2 [2202,6]
[2202,6] 1 [2203,8]
[2203,8] 1 [2204,10]
[2204,10] 2 [2205,9]
[2205,9] 2 [2206,6]
[2206,6] 1 [2207,8]
[2207,8] 1 [2208,11]
[2208,11] 2 [2209,8]
[2209,8] 1 [2210,12]
[2210,12] 2 [2211,8]
[2211,8] 0 [2212,7]
[2212,7] 1 [2213,9]
[2213,9] 1 [2214,13]
[2214,13] 1 [2215,15]
[2215,15] 1 [2216,17]
[2216,17] 1 [2217,19]
[2217,19] 1 [2218,21]
[2218,21] 1 [2219,24]
[2219,24] 1 [2220,27]
[2220,27] 1 [2221,29]
[2221,29] 1 [2222,32]
[2222,32] 1 [2223,36]
[2223,36] 1 [2224,40]
[2224,40] 1 [2225,43]
[2225,43] 1 [2226,45]
[2226,45] 1 [2227,47]
[2227,47] 1 [2228,51]
[2228,51] 1 [2229,53]
[2229,53] 1 [2230,55]
[2230,55] 1 [2231,58]
[2231,58] 1 [2232,61]
[2232,61] 1 [2233,63]
[2233,63] 1 [2234,66]
[2234,66] 1 [2235,70]
[2235,70] 1 [2236,74]
[2236,74] 1 [2237,76]
[2237,76] 1 [2238,78]
[2238,78] 1 [2239,80]
[2239,80] 1 [2240,84]
[2240,84] 1 [2241,86]
[2241,86] 1 [2242,88]
[2242,88] 1 [2243,92]
[2243,92] 1 [2244,95]
[2244,95] 1 [2245,97]
[2245,97] 1 [2246,101]
[2246,101] 1 [2247,104]
[2247,104] 1 [2248,108]
[2248,108] 1 [2249,111]
[2249,111] 1 [2250,115]
[2250,115] 1 [2251,117]
[2251,117] 1 [2252,121]
[2252,121] 1 [2253,123]
[2253,123] 1 [2254,127]
[2254,127] 1 [2255,129]
[2255,129] 1 [2256,133]
[2256,133] 1 [2257,137]
[2257,137] 1 [2258,140]
[2258,140] 1 [2259,143]
[2259,143] 1 [2260,145]
[2260,145] 1 [2261,147]
[2261,147] 1 [2262,151]
[2262,151] 1 [2263,154]
[2263,154] 1 [2264,157]
[2264,157] 1 [2265,160]
[2265,160] 1 [2266,163]
[2266,163] 1 [2267,167]
[2267,167] 1 [2268,170]
[2268,170] 1 [2269,174]
[2269,174] 1 [2270,176]
[2270,176] 1 [2271,6]
[2271,6] 1 [2272,6]
[2272,6] 1 [2273,6]
[2273,6] 1 [2274,6]
[2274,6] 1 [2275,6]
[2275,6] 1 [2276,6]
[2276,6] 1 [2277,6]
[2277,6] 1 [2278,6]
[2278,6] 1 [2279,6]
[2279,6] 1 [2280,6]
[2280,6] 0 [2281,7]
[2281,7] 0 [2282,7]
[2282,7] 1 [2283,11]
[2283,11] 1 [2284,13]
[2284,13] 1 [2285,17]
[2285,17] 1 [2286,19]
[2286,19] 1 [2287,22]
[2287,22] 1 [2288,26]
[2288,26] 1 [2289,29]
[2289,29] 1 [2290,31]
[2290,31] 1 [2291,34]
[2291,34] 1 [2292,38]
[2292,38] 1 [2293,41]
[2293,41] 1 [2294,44]
[2294,44] 1 [2295,46]
[2295,46] 1 [2296,50]
[2296,50] 1 [2297,53]
[2297,53] 1 [2298,57]
[2298,57] 1 [2299,61]
[2299,61] 1 [2300,64]
[2300,64] 1 [2301,66]
[2301,66] 1 [2302,69]
[2302,69] 1 [2303,73]
[2303,73] 1 [2304,76]
[2304,76] 1 [2305,78]
[2305,78] 1 [2306,81]
[2306,81] 1 [2307,84]
[2307,84] 1 [2308,87]
[2308,87] 1 [2309,91]
[2309,91] 1 [2310,95]
[2310,95] 1 [2311,98]
[2311,98] 1 [2312,100]
[2312,100] 1 [2313,102]
[2313,102] 1 [2314,106]
[2314,106] 1 [2315,109]
[2315,109] 1 [2316,111]
[2316,111] 1 [2317,115]
[2317,115] 1 [2318,118]
[2318,118] 1 [2319,121]
[2319,121] 1 [2320,125]
[2320,125] 1 [2321,129]
[2321,129] 1 [2322,131]
[2322,131] 1 [2323,134]
[2323,134] 1 [2324,138]
[2324,138] 1 [2325,140]
[2325,140] 1 [2326,142]
[2326,142] 1 [2327,144]
[2327,144] 1 [2328,147]
[2328,147] 1 [2329,151]
[2329,151] 1 [2330,155]
[2330,155] 1 [2331,159]
[2331,159] 1 [2332,163]
[2332,163] 1 [2333,165]
[2333,165] 1 [2334,167]
[2334,167] 1 [2335,171]
[2335,171] 1 [2336,173]
[2336,173] 1 [2337,177]
[2337,177] 1 [2338,6]
[2338,6] 1 [2339,6]
[2339,6] 1 [2340,6]
[2340,6] 1 [2341,6]
[2341,6] 1 [2342,6]
[2342,6] 1 [2343,6]
[2343,6] 1 [2344,6]
[2344,6] 1 [2345,6]
[2345,6] 1 [2346,6]
[2346,6] 1 [2347,8]
[2347,8] 1 [2348,11]
[2348,11] 2 [2349,7]
[2349,7] 1 [2350,8]
[2350,8] 1 [2351,10]
[2351,10] 1 [2352,13]
[2352,13] 2 [2353,11]
[2353,11] 1 [2354,11]
[2354,11] 2 [2355,8]
[2355,8] 1 [2356,10]
[2356,10] 1 [2357,13]
[2357,13] 1 [2358,15]
[2358,15] 1 [2359,17]
[2359,17] 2 [2360,13]
[2360,13] 1 [2361,15]
[2361,15] 1 [2362,18]
[2362,18] 1 [2363,22]
[2363,22] 1 [2364,24]
[2364,24] 1 [2365,26]
[2365,26] 1 [2366,29]
[2366,29] 1 [2367,32]
[2367,32] 1 [2368,36]
[2368,36] 1 [2369,40]
[2369,40] 1 [2370,42]
[2370,42] 1 [2371,45]
[2371,45] 1 [2372,49]
[2372,49] 1 [2373,53]
[2373,53] 1 [2374,57]
[2374,57] 1 [2375,61]
[2375,61] 1 [2376,63]
[2376,63] 1 [2377,65]
[2377,65] 1 [2378,68]
[2378,68] 1 [2379,72]
[2379,72] 1 [2380,74]
[2380,74] 1 [2381,78]
[2381,78] 1 [2382,81]
[2382,81] 1 [2383,83]
[2383,83] 1 [2384,86]
[2384,86] 1 [2385,89]
[2385,89] 1 [2386,92]
[2386,92] 1 [2387,95]
[2387,95] 1 [2388,98]
[2388,98] 1 [2389,102]
[2389,102] 1 [2390,106]
[2390,106] 1 [2391,109]
[2391,109] 1 [2392,113]
[2392,113] 1 [2393,116]
[2393,116] 1 [2394,118]
[2394,118] 1 [2395,122]
[2395,122] 1 [2396,125]
[2396,125] 1 [2397,129]
[2397,129] 1 [2398,132]
[2398,132] 1 [2399,134]
[2399,134] 1 [2400,137]
[2400,137] 1 [2401,140]
[2401,140] 1 [2402,142]
[2402,142] 1 [2403,146]
[2403,146] 1 [2404,148]
[2404,148] 1 [2405,152]
[2405,152] 1 [2406,154]
[2406,154] 1 [2407,156]
[2407,156] 1 [2408,159]
[2408,159] 1 [2409,161]
[2409,161] 1 [2410,165]
[2410,165] 1 [2411,168]
[2411,168] 1 [2412,172]
[2412,172] 1 [2413,175]
[2413,175] 1 [2414,177]
[2414,177] 1 [2415,6]
[2415,6] 1 [2416,6]
[2416,6] 1 [2417,6]
[2417,6] 1 [2418,6]
[2418,6] 1 [2419,6]
[2419,6] 1 [2420,6]
[2420,6] 1 [2421,6]
[2421,6] 1 [2422,6]
[2422,6] 1 [2423,6]
[2423,6] 1 [2424,9]
[2424,9] 1 [2425,12]
[2425,12] 2 [2426,8]
[2426,8] 1 [2427,11]
[2427,11] 1 [2428,15]
[2428,15] 1 [2429,17]
[2429,17] 1 [2430,19]
[2430,19] 2 [2431,16]
[2431,16] 2 [2432,12]
[2432,12] 2 [2433,9]
[2433,9] 1 [2434,9]
[2434,9] 1 [2435,12]
[2435,12] 2 [2436,11]
[2436,11] 2 [2437,8]
[2437,8] 1 [2438,11]
[2438,11] 2 [2439,7]
[2439,7] 1 [2440,10]
[2440,10] 1 [2441,13]
[2441,13] 1 [2442,15]
[2442,15] 1 [2443,17]
[2443,17] 1 [2444,19]
[2444,19] 2 [2445,16]
[2445,16] 2 [2446,12]
[2446,12] 2 [2447,10]
[2447,10] 1 [2448,7]
[2448,7] 1 [2449,11]
[2449,11] 1 [2450,15]
[2450,15] 1 [2451,17]
[2451,17] 1 [2452,19]
[2452,19] 1 [2453,21]
[2453,21] 1 [2454,24]
[2454,24] 1 [2455,26]
[2455,26] 1 [2456,28]
[2456,28] 1 [2457,31]
[2457,31] 1 [2458,33]
[2458,33] 1 [2459,37]
[2459,37] 1 [2460,40]
[2460,40] 1 [2461,44]
[2461,44] 1 [2462,46]
[2462,46] 1 [2463,49]
[2463,49] 1 [2464,51]
[2464,51] 1 [2465,53]
[2465,53] 1 [2466,57]
[2466,57] 1 [2467,60]
[2467,60] 1 [2468,64]
[2468,64] 1 [2469,66]
[2469,66] 1 [2470,70]
[2470,70] 1 [2471,73]
[2471,73] 1 [2472,75]
[2472,75] 1 [2473,78]
[2473,78] 1 [2474,80]
[2474,80] 1 [2475,83]
[2475,83] 1 [2476,86]
[2476,86] 1 [2477,88]
[2477,88] 1 [2478,90]
[2478,90] 1 [2479,94]
[2479,94] 1 [2480,96]
[2480,96] 1 [2481,100]
[2481,100] 1 [2482,102]
[2482,102] 1 [2483,106]
[2483,106] 1 [2484,108]
[2484,108] 1 [2485,110]
[2485,110] 1 [2486,114]
[2486,114] 2 [2487,113]
[2487,113] 2 [2488,111]
[2488,111] 2 [2489,109]
[2489,109] 1 [2490,110]
[2490,110] 1 [2491,112]
[2491,112] 2 [2492,109]
[2492,109] 1 [2493,111]
[2493,111] 1 [2494,114]
[2494,114] 1 [2495,118]
[2495,118] 1 [2496,120]
[2496,120] 1 [2497,123]
[2497,123] 1 [2498,125]
[2498,125] 1 [2499,127]
[2499,127] 1 [2500,131]
[2500,131] 1 [2501,133]
[2501,133] 1 [2502,135]
[2502,135] 1 [2503,138]
[2503,138] 1 [2504,141]
[2504,141] 1 [2505,143]
[2505,143] 1 [2506,145]
[2506,145] 1 [2507,147]
[2507,147] 1 [2508,149]
[2508,149] 1 [2509,153]
[2509,153] 1 [2510,157]
[2510,157] 1 [2511,161]
[2511,161] 1 [2512,164]
[2512,164] 1 [2513,167]
[2513,167] 1 [2514,169]
[2514,169] 1 [2515,173]
[2515,173] 1 [2516,177]
[2516,177] 1 [2517,6]
[2517,6] 1 [2518,6]
[2518,6] 1 [2519,6]
[2519,6] 1 [2520,6]
[2520,6] 1 [2521,6]
[2521,6] 1 [2522,6]
[2522,6] 1 [2523,6]
[2523,6] 1 [2524,6]
[2524,6] 1 [2525,6]
[2525,6] 1 [2526,6]
[2526,6] 1 [2527,6]
[2527,6] 0 [2528,7]
[2528,7] 0 [2529,7]
[2529,7] 1 [2530,10]
[2530,10] 1 [2531,14]
[2531,14] 1 [2532,16]
[2532,16] 2 [2533,13]
[2533,13] 2 [2534,9]
[2534,9] 1 [2535,11]
[2535,11] 1 [2536,15]
[2536,15] 2 [2537,12]
[2537,12] 2 [2538,8]
[2538,8] 1 [2539,8]
[2539,8] 1 [2540,10]
[2540,10] 1 [2541,12]
[2541,12] 2 [2542,10]
[2542,10] 1 [2543,12]
[2543,12] 2 [2544,8]
[2544,8] 1 [2545,8]
[2545,8] 1 [2546,10]
[2546,10] 1 [2547,12]
[2547,12] 1 [2548,15]
[2548,15] 1 [2549,19]
[2549,19] 1 [2550,22]
[2550,22] 1 [2551,25]
[2551,25] 1 [2552,27]
[2552,27] 1 [2553,30]
[2553,30] 1 [2554,32]
[2554,32] 1 [2555,35]
[2555,35] 1 [2556,39]
[2556,39] 1 [2557,43]
[2557,43] 1 [2558,45]
[2558,45] 1 [2559,47]
[2559,47] 1 [2560,49]
[2560,49] 1 [2561,51]
[2561,51] 1 [2562,54]
[2562,54] 1 [2563,57]
[2563,57] 1 [2564,60]
[2564,60] 1 [2565,64]
[2565,64] 1 [2566,66]
[2566,66] 1 [2567,68]
[2567,68] 1 [2568,72]
[2568,72] 1 [2569,74]
[2569,74] 1 [2570,77]
[2570,77] 1 [2571,79]
[2571,79] 1 [2572,83]
[2572,83] 1 [2573,85]
[2573,85] 1 [2574,89]
[2574,89] 1 [2575,91]
[2575,91] 1 [2576,95]
[2576,95] 1 [2577,99]
[2577,99] 1 [2578,102]
[2578,102] 1 [2579,106]
[2579,106] 1 [2580,110]
[2580,110] 1 [2581,113]
[2581,113] 1 [2582,116]
[2582,116] 1 [2583,120]
[2583,120] 1 [2584,123]
[2584,123] 1 [2585,125]
[2585,125] 1 [2586,127]
[2586,127] 1 [2587,130]
[2587,130] 1 [2588,134]
[2588,134] 1 [2589,136]
[2589,136] 1 [2590,139]
[2590,139] 1 [2591,142]
[2591,142] 1 [2592,146]
[2592,146] 1 [2593,150]
[2593,150] 1 [2594,153]
[2594,153] 2 [2595,151]
[2595,151] 2 [2596,147]
[2596,147] 1 [2597,150]
[2597,150] 1 [2598,153]
[2598,153] 1 [2599,157]
[2599,157] 1 [2600,161]
[2600,161] 1 [2601,163]
[2601,163] 1 [2602,165]
[2602,165] 1 [2603,168]
[2603,168] 1 [2604,171]
[2604,171] 1 [2605,175]
[2605,175] 1 [2606,177]
[2606,177] 1 [2607,6]
[2607,6] 1 [2608,6]
[2608,6] 1 [2609,6]
[2609,6] 1 [2610,6]
[2610,6] 1 [2611,6]
[2611,6] 1 [2612,6]
[2612,6] 1 [2613,6]
[2613,6] 1 [2614,6]
[2614,6] 1 [2615,6]
[2615,6] 1 [2616,8]
[2616,8] 0 [2617,9]
[2617,9] 2 [2618,6]
[2618,6] 1 [2619,8]
[2619,8] 1 [2620,11]
[2620,11] 1 [2621,15]
[2621,15] 1 [2622,19]
[2622,19] 1 [2623,23]
[2623,23] 2 [2624,20]
[2624,20] 1 [2625,23]
[2625,23] 2 [2626,19]
[2626,19] 1 [2627,20]
[2627,20] 1 [2628,24]
[2628,24] 1 [2629,27]
[2629,27] 1 [2630,29]
[2630,29] 1 [2631,33]
[2631,33] 1 [2632,37]
[2632,37] 1 [2633,41]
[2633,41] 1 [2634,43]
[2634,43] 1 [2635,47]
[2635,47] 1 [2636,51]
[2636,51] 1 [2637,55]
[2637,55] 1 [2638,57]
[2638,57] 1 [2639,60]
[2639,60] 1 [2640,64]
[2640,64] 1 [2641,68]
[2641,68] 1 [2642,70]
[2642,70] 1 [2643,72]
[2643,72] 1 [2644,74]
[2644,74] 1 [2645,76]
[2645,76] 1 [2646,78]
[2646,78] 1 [2647,81]
[2647,81] 1 [2648,83]
[2648,83] 1 [2649,85]
[2649,85] 1 [2650,89]
[2650,89] 1 [2651,93]
[2651,93] 1 [2652,96]
[2652,96] 1 [2653,98]
[2653,98] 1 [2654,101]
[2654,101] 1 [2655,104]
[2655,104] 1 [2656,107]
[2656,107] 1 [2657,111]
[2657,111] 1 [2658,115]
[2658,115] 1 [2659,117]
[2659,117] 1 [2660,121]
[2660,121] 1 [2661,124]
[2661,124] 1 [2662,128]
[2662,128] 1 [2663,131]
[2663,131] 1 [2664,133]
[2664,133] 1 [2665,137]
[2665,137] 1 [2666,141]
[2666,141] 1 [2667,143]
[2667,143] 1 [2668,146]
[2668,146] 1 [2669,150]
[2669,150] 1 [2670,152]
[2670,152] 1 [2671,155]
[2671,155] 1 [2672,159]
[2672,159] 1 [2673,162]
[2673,162] 1 [2674,166]
[2674,166] 1 [2675,169]
[2675,169] 1 [2676,172]
[2676,172] 1 [2677,176]
[2606,177] 1 [2607,6]
[2607,6] 1 [2608,6]
[2608,6] 1 [2609,6]
[2609,6] 1 [2610,6]
[2610,6] 1 [2611,6]
[2611,6] 1 [2612,6]
[2612,6] 1 [2613,6]
[2613,6] 1 [2614,6]
[2614,6] 1 [2615,6]
[2615,6] 1 [2616,8]
[2616,8] 0 [2617,9]
[2617,9] 2 [2618,6]
[2618,6] 1 [2619,8]
[2619,8] 1 [2620,11]
[2620,11] 1 [2621,15]
[2621,15] 1 [2622,19]
[2622,19] 1 [2623,23]
[2623,23] 2 [2624,20]
[2624,20] 1 [2625,23]
[2625,23] 2 [2626,19]
[2626,19] 1 [2627,20]
[2627,20] 1 [2628,24]
[2628,24] 1 [2629,27]
[2629,27] 1 [2630,29]
[2630,29] 1 [2631,33]
[2631,33] 1 [2632,37]
[2632,37] 1 [2633,41]
[2633,41] 1 [2634,43]
[2634,43] 1 [2635,47]
[2635,47] 1 [2636,51]
[2636,51] 1 [2637,55]
[2637,55] 1 [2638,57]
[2638,57] 1 [2639,60]
[2639,60] 1 [2640,64]
[2640,64] 1 [2641,68]
[2641,68] 1 [2642,70]
[2642,70] 1 [2643,72]
[2643,72] 1 [2644,74]
[2644,74] 1 [2645,76]
[2645,76] 1 [2646,78]
[2646,78] 1 [2647,81]
[2647,81] 1 [2648,83]
[2648,83] 1 [2649,85]
[2649,85] 1 [2650,89]
[2650,89] 1 [2651,93]
[2651,93] 1 [2652,96]
[2652,96] 1 [2653,98]
[2653,98] 1 [2654,101]
[2654,101] 1 [2655,104]
[2655,104] 1 [2656,107]
[2656,107] 1 [2657,111]
[2657,111] 1 [2658,115]
[2658,115] 1 [2659,117]
[2659,117] 1 [2660,121]
[2660,121] 1 [2661,124]
[2661,124] 1 [2662,128]
[2662,128] 1 [2663,131]
[2663,131] 1 [2664,133]
[2664,133] 1 [2665,137]
[2665,137] 1 [2666,141]
[2666,141] 1 [2667,143]
[2667,143] 1 [2668,146]
[2668,146] 1 [2669,150]
[2669,150] 1 [2670,152]
[2670,152] 1 [2671,155]
[2671,155] 1 [2672,159]
[2672,159] 1 [2673,162]
[2673,162] 1 [2674,166]
[2674,166] 1 [2675,169]
[2675,169] 1 [2676,172]
[2676,172] 1 [2677,176]
