[0,6] 1 [1,8]
[1,8] 0 [2,8]
[2,8] 1 [3,12]
[3,12] 1 [4,14]
[4,14] 1 [5,18]
[5,18] 1 [6,20]
[6,20] 1 [7,22]
[7,22] 1 [8,26]
[8,26] 1 [9,30]
[9,30] 1 [10,34]
[10,34] 1 [11,36]
[11,36] 1 [12,40]
[12,40] 1 [13,43]
[13,43] 1 [14,45]
[14,45] 1 [15,48]
[15,48] 1 [16,50]
[16,50] 1 [17,52]
[17,52] 1 [18,54]
[18,54] 1 [19,58]
[19,58] 1 [20,60]
[20,60] 1 [21,62]
[21,62] 1 [22,64]
[22,64] 1 [23,68]
[23,68] 1 [24,71]
[24,71] 1 [25,73]
[25,73] 1 [26,75]
[26,75] 1 [27,78]
[27,78] 1 [28,80]
[28,80] 1 [29,84]
[29,84] 1 [30,88]
[30,88] 1 [31,92]
[31,92] 1 [32,94]
[32,94] 1 [33,96]
[33,96] 1 [34,99]
[34,99] 1 [35,103]
[35,103] 1 [36,107]
[36,107] 1 [37,111]
[37,111] 1 [38,115]
[38,115] 1 [39,117]
[39,117] 1 [40,120]
[40,120] 1 [41,123]
[41,123] 1 [42,125]
[42,125] 1 [43,129]
[43,129] 1 [44,133]
[44,133] 1 [45,137]
[45,137] 1 [46,140]
[46,140] 1 [47,142]
[47,142] 1 [48,146]
[48,146] 1 [49,150]
[49,150] 1 [50,152]
[50,152] 1 [51,155]
[51,155] 1 [52,159]
[52,159] 1 [53,163]
[53,163] 1 [54,165]
[54,165] 1 [55,168]
[55,168] 1 [56,171]
[56,171] 1 [57,175]
[57,175] 1 [58,6]
[58,6] 1 [59,6]
[59,6] 1 [60,6]
[60,6] 1 [61,6]
[61,6] 1 [62,6]
[62,6] 1 [63,6]
[63,6] 1 [64,6]
[64,6] 1 [65,6]
[65,6] 1 [66,6]
[66,6] 1 [67,6]
[67,6] 1 [68,8]
[68,8] 0 [69,9]
[69,9] 1 [70,11]
[70,11] 2 [71,8]
[71,8] 2 [72,6]
[72,6] 1 [73,8]
[73,8] 1 [74,11]
[74,11] 0 [75,12]
[75,12] 2 [76,9]
[76,9] 2 [77,6]
[77,6] 1 [78,9]
[78,9] 1 [79,12]
[79,12] 2 [80,9]
[80,9] 1 [81,12]
[81,12] 2 [82,8]
[82,8] 1 [83,8]
[83,8] 1 [84,10]
[84,10] 2 [85,6]
[85,6] 1 [86,9]
[86,9] 1 [87,12]
[87,12] 2 [88,11]
[88,11] 1 [89,13]
[89,13] 1 [90,15]
[90,15] 1 [91,18]
[91,18] 1 [92,21]
[92,21] 1 [93,24]
[93,24] 1 [94,27]
[94,27] 1 [95,30]
[95,30] 1 [96,34]
[96,34] 1 [97,36]
[97,36] 1 [98,39]
[98,39] 1 [99,43]
[99,43] 1 [100,47]
[100,47] 1 [101,50]
[101,50] 1 [102,54]
[102,54] 1 [103,57]
[103,57] 1 [104,59]
[104,59] 1 [105,63]
[105,63] 1 [106,67]
[106,67] 1 [107,71]
[107,71] 1 [108,74]
[108,74] 1 [109,78]
[109,78] 1 [110,81]
[110,81] 1 [111,83]
[111,83] 1 [112,85]
[112,85] 1 [113,89]
[113,89] 1 [114,93]
[114,93] 1 [115,97]
[115,97] 1 [116,101]
[116,101] 1 [117,105]
[117,105] 1 [118,108]
[118,108] 1 [119,111]
[119,111] 1 [120,113]
[120,113] 1 [121,117]
[121,117] 1 [122,121]
[122,121] 1 [123,123]
[123,123] 1 [124,127]
[124,127] 1 [125,129]
[125,129] 1 [126,132]
[126,132] 1 [127,134]
[127,134] 1 [128,136]
[128,136] 1 [129,139]
[129,139] 1 [130,141]
[130,141] 1 [131,145]
[131,145] 1 [132,149]
[132,149] 1 [133,151]
[133,151] 1 [134,154]
[134,154] 1 [135,157]
[135,157] 1 [136,159]
[136,159] 1 [137,163]
[137,163] 1 [138,167]
[138,167] 1 [139,171]
[139,171] 1 [140,175]
[140,175] 1 [141,6]
[141,6] 1 [142,6]
[142,6] 1 [143,6]
[143,6] 1 [144,6]
[144,6] 1 [145,6]
[145,6] 1 [146,6]
[146,6] 1 [147,6]
[147,6] 1 [148,6]
[148,6] 1 [149,6]
[149,6] 1 [150,6]
[150,6] 1 [151,9]
[151,9] 1 [152,11]
[152,11] 1 [153,15]
[153,15] 0 [154,16]
[154,16] 1 [155,18]
[155,18] 1 [156,21]
[156,21] 1 [157,25]
[157,25] 1 [158,27]
[158,27] 1 [159,30]
[159,30] 1 [160,32]
[160,32] 1 [161,36]
[161,36] 1 [162,39]
[162,39] 1 [163,43]
[163,43] 1 [164,47]
[164,47] 1 [165,49]
[165,49] 1 [166,51]
[166,51] 1 [167,55]
[167,55] 1 [168,58]
[168,58] 1 [169,60]
[169,60] 1 [170,63]
[170,63] 1 [171,67]
[171,67] 1 [172,71]
[172,71] 1 [173,74]
[173,74] 1 [174,77]
[174,77] 1 [175,81]
[175,81] 1 [176,84]
[176,84] 1 [177,87]
[177,87] 1 [178,89]
[178,89] 1 [179,93]
[179,93] 1 [180,95]
[180,95] 1 [181,97]
[181,97] 1 [182,99]
[182,99] 1 [183,101]
[183,101] 1 [184,103]
[184,103] 1 [185,106]
[185,106] 1 [186,109]
[186,109] 1 [187,113]
[187,113] 1 [188,117]
[188,117] 1 [189,121]
[189,121] 1 [190,125]
[190,125] 1 [191,128]
[191,128] 1 [192,130]
[192,130] 1 [193,133]
[193,133] 1 [194,136]
[194,136] 1 [195,139]
[195,139] 1 [196,141]
[196,141] 1 [197,143]
[197,143] 1 [198,145]
[198,145] 1 [199,149]
[199,149] 1 [200,151]
[200,151] 1 [201,154]
[201,154] 1 [202,157]
[202,157] 1 [203,160]
[203,160] 1 [204,163]
[204,163] 1 [205,166]
[205,166] 1 [206,169]
[206,169] 1 [207,171]
[207,171] 1 [208,173]
[208,173] 1 [209,176]
[209,176] 1 [210,6]
[210,6] 1 [211,6]
[211,6] 1 [212,6]
[212,6] 1 [213,6]
[213,6] 1 [214,6]
[214,6] 1 [215,6]
[215,6] 1 [216,6]
[216,6] 1 [217,6]
[217,6] 1 [218,6]
[218,6] 1 [219,6]
[219,6] 1 [220,6]
[220,6] 0 [221,6]
[221,6] 1 [222,9]
[222,9] 1 [223,12]
[223,12] 1 [224,15]
[224,15] 2 [225,11]
[225,11] 1 [226,15]
[226,15] 2 [227,11]
[227,11] 1 [228,13]
[228,13] 1 [229,16]
[229,16] 2 [230,13]
[230,13] 1 [231,15]
[231,15] 1 [232,18]
[232,18] 1 [233,21]
[233,21] 1 [234,24]
[234,24] 1 [235,27]
[235,27] 2 [236,23]
[236,23] 2 [237,20]
[237,20] 2 [238,16]
[238,16] 0 [239,15]
[239,15] 2 [240,11]
[240,11] 1 [241,13]
[241,13] 1 [242,17]
[242,17] 1 [243,20]
[243,20] 1 [244,22]
[244,22] 1 [245,24]
[245,24] 1 [246,26]
[246,26] 1 [247,28]
[247,28] 1 [248,30]
[248,30] 1 [249,32]
[249,32] 1 [250,34]
[250,34] 1 [251,38]
[251,38] 1 [252,40]
[252,40] 1 [253,43]
[253,43] 1 [254,47]
[254,47] 1 [255,50]
[255,50] 1 [256,52]
[256,52] 1 [257,56]
[257,56] 1 [258,60]
[258,60] 1 [259,62]
[259,62] 1 [260,64]
[260,64] 1 [261,68]
[261,68] 1 [262,70]
[262,70] 1 [263,74]
[263,74] 1 [264,76]
[264,76] 1 [265,79]
[265,79] 1 [266,81]
[266,81] 1 [267,85]
[267,85] 1 [268,89]
[268,89] 1 [269,92]
[269,92] 1 [270,94]
[270,94] 1 [271,98]
[271,98] 1 [272,101]
[272,101] 1 [273,103]
[273,103] 1 [274,107]
[274,107] 1 [275,109]
[275,109] 1 [276,112]
[276,112] 1 [277,115]
[277,115] 1 [278,118]
[278,118] 1 [279,121]
[279,121] 1 [280,123]
[280,123] 1 [281,126]
[281,126] 1 [282,129]
[282,129] 1 [283,133]
[283,133] 1 [284,136]
[284,136] 1 [285,138]
[285,138] 1 [286,142]
[286,142] 1 [287,144]
[287,144] 1 [288,147]
[288,147] 1 [289,151]
[289,151] 1 [290,153]
[290,153] 1 [291,155]
[291,155] 1 [292,158]
[292,158] 1 [293,160]
[293,160] 1 [294,164]
[294,164] 1 [295,166]
[295,166] 1 [296,169]
[296,169] 1 [297,172]
[297,172] 1 [298,174]
[298,174] 1 [299,176]
[299,176] 1 [300,6]
[300,6] 1 [301,6]
[301,6] 1 [302,6]
[302,6] 1 [303,6]
[303,6] 1 [304,6]
[304,6] 1 [305,6]
[305,6] 1 [306,6]
[306,6] 1 [307,6]
[307,6] 1 [308,6]
[308,6] 1 [309,6]
[309,6] 1 [310,6]
[310,6] 0 [311,6]
[311,6] 1 [312,8]
[312,8] 1 [313,10]
[313,10] 1 [314,14]
[314,14] 1 [315,18]
[315,18] 1 [316,20]
[316,20] 2 [317,17]
[317,17] 1 [318,15]
[318,15] 2 [319,11]
[319,11] 2 [320,9]
[320,9] 1 [321,10]
[321,10] 1 [322,12]
[322,12] 1 [323,14]
[323,14] 2 [324,11]
[324,11] 2 [325,9]
[325,9] 1 [326,11]
[326,11] 1 [327,13]
[327,13] 2 [328,9]
[328,9] 1 [329,11]
[329,11] 1 [330,14]
[330,14] 1 [331,18]
[331,18] 1 [332,22]
[332,22] 1 [333,26]
[333,26] 1 [334,29]
[334,29] 1 [335,33]
[335,33] 1 [336,36]
[336,36] 1 [337,40]
[337,40] 1 [338,44]
[338,44] 1 [339,48]
[339,48] 1 [340,52]
[340,52] 1 [341,55]
[341,55] 1 [342,59]
[342,59] 1 [343,61]
[343,61] 1 [344,65]
[344,65] 1 [345,67]
[345,67] 1 [346,71]
[346,71] 1 [347,73]
[347,73] 1 [348,75]
[348,75] 1 [349,79]
[349,79] 1 [350,82]
[350,82] 1 [351,86]
[351,86] 1 [352,88]
[352,88] 1 [353,92]
[353,92] 1 [354,94]
[354,94] 1 [355,97]
[355,97] 1 [356,99]
[356,99] 1 [357,102]
[357,102] 1 [358,105]
[358,105] 1 [359,107]
[359,107] 1 [360,110]
[360,110] 1 [361,114]
[361,114] 1 [362,117]
[362,117] 1 [363,120]
[363,120] 1 [364,123]
[364,123] 1 [365,127]
[365,127] 1 [366,131]
[366,131] 2 [367,127]
[367,127] 2 [368,124]
[368,124] 1 [369,125]
[369,125] 1 [370,128]
[370,128] 1 [371,131]
[371,131] 1 [372,133]
[372,133] 1 [373,136]
[373,136] 1 [374,139]
[374,139] 1 [375,143]
[375,143] 0 [376,143]
[376,143] 1 [377,147]
[377,147] 1 [378,149]
[378,149] 1 [379,151]
[379,151] 1 [380,154]
[380,154] 1 [381,157]
[381,157] 1 [382,160]
[382,160] 1 [383,164]
[383,164] 1 [384,168]
[384,168] 1 [385,170]
[385,170] 1 [386,173]
[386,173] 1 [387,177]
[387,177] 1 [388,6]
[388,6] 1 [389,6]
[389,6] 1 [390,6]
[390,6] 1 [391,6]
[391,6] 1 [392,6]
[392,6] 1 [393,6]
[393,6] 1 [394,6]
[394,6] 1 [395,6]
[395,6] 1 [396,6]
[396,6] 1 [397,6]
[397,6] 1 [398,6]
[398,6] 1 [399,10]
[399,10] 1 [400,12]
[400,12] 2 [401,10]
[401,10] 1 [402,12]
[402,12] 2 [403,9]
[403,9] 2 [404,7]
[404,7] 1 [405,8]
[405,8] 2 [406,6]
[406,6] 1 [407,8]
[407,8] 1 [408,10]
[408,10] 1 [409,13]
[409,13] 1 [410,15]
[410,15] 2 [411,12]
[411,12] 1 [412,15]
[412,15] 2 [413,12]
[413,12] 1 [414,14]
[414,14] 1 [415,16]
[415,16] 2 [416,12]
[416,12] 1 [417,13]
[417,13] 1 [418,15]
[418,15] 1 [419,17]
[419,17] 1 [420,21]
[420,21] 1 [421,25]
[421,25] 1 [422,27]
[422,27] 2 [423,23]
[423,23] 1 [424,25]
[424,25] 1 [425,27]
[425,27] 1 [426,31]
[426,31] 1 [427,33]
[427,33] 1 [428,37]
[428,37] 1 [429,40]
[429,40] 1 [430,44]
[430,44] 1 [431,48]
[431,48] 1 [432,51]
[432,51] 1 [433,55]
[433,55] 1 [434,58]
[434,58] 1 [435,60]
[435,60] 1 [436,63]
[436,63] 1 [437,67]
[437,67] 1 [438,71]
[438,71] 1 [439,73]
[439,73] 1 [440,76]
[440,76] 1 [441,78]
[441,78] 1 [442,81]
[442,81] 1 [443,83]
[443,83] 1 [444,86]
[444,86] 1 [445,90]
[445,90] 1 [446,94]
[446,94] 1 [447,96]
[447,96] 1 [448,99]
[448,99] 2 [449,97]
[449,97] 2 [450,94]
[450,94] 1 [451,94]
[451,94] 1 [452,96]
[452,96] 1 [453,100]
[453,100] 1 [454,102]
[454,102] 1 [455,106]
[455,106] 1 [456,108]
[456,108] 1 [457,111]
[457,111] 1 [458,114]
[458,114] 1 [459,118]
[459,118] 1 [460,120]
[460,120] 1 [461,124]
[461,124] 1 [462,126]
[462,126] 1 [463,128]
[463,128] 1 [464,132]
[464,132] 1 [465,134]
[465,134] 1 [466,138]
[466,138] 1 [467,141]
[467,141] 1 [468,145]
[468,145] 1 [469,149]
[469,149] 1 [470,153]
[470,153] 1 [471,157]
[471,157] 1 [472,159]
[472,159] 1 [473,162]
[473,162] 1 [474,164]
[474,164] 1 [475,166]
[475,166] 1 [476,170]
[476,170] 1 [477,173]
[477,173] 1 [478,175]
[478,175] 1 [479,177]
[479,177] 1 [480,6]
[480,6] 1 [481,6]
[481,6] 1 [482,6]
[482,6] 1 [483,6]
[483,6] 1 [484,6]
[484,6] 1 [485,6]
[485,6] 1 [486,6]
[486,6] 1 [487,6]
[487,6] 0 [488,6]
[488,6] 1 [489,8]
[489,8] 1 [490,11]
[490,11] 0 [491,11]
[491,11] 2 [492,8]
[492,8] 1 [493,9]
[493,9] 1 [494,11]
[494,11] 1 [495,15]
[495,15] 1 [496,19]
[496,19] 2 [497,16]
[497,16] 1 [498,19]
[498,19] 1 [499,22]
[499,22] 1 [500,25]
[500,25] 1 [501,27]
[501,27] 1 [502,30]
[502,30] 1 [503,34]
[503,34] 1 [504,37]
[504,37] 0 [505,37]
[505,37] 1 [506,41]
[506,41] 1 [507,43]
[507,43] 1 [508,47]
[508,47] 1 [509,49]
[509,49] 1 [510,51]
[510,51] 1 [511,53]
[511,53] 1 [512,56]
[512,56] 1 [513,60]
[513,60] 1 [514,63]
[514,63] 1 [515,66]
[515,66] 1 [516,69]
[516,69] 1 [517,71]
[517,71] 1 [518,75]
[518,75] 1 [519,78]
[519,78] 1 [520,81]
[520,81] 1 [521,85]
[521,85] 1 [522,88]
[522,88] 1 [523,90]
[523,90] 1 [524,92]
[524,92] 1 [525,95]
[525,95] 1 [526,98]
[526,98] 1 [527,102]
[527,102] 1 [528,105]
[528,105] 1 [529,109]
[529,109] 1 [530,112]
[530,112] 1 [531,115]
[531,115] 1 [532,119]
[532,119] 1 [533,121]
[533,121] 1 [534,123]
[534,123] 1 [535,126]
[535,126] 1 [536,128]
[536,128] 1 [537,130]
[537,130] 1 [538,134]
[538,134] 1 [539,137]
[539,137] 1 [540,140]
[540,140] 1 [541,143]
[541,143] 1 [542,146]
[542,146] 1 [543,149]
[543,149] 1 [544,152]
[544,152] 1 [545,156]
[545,156] 1 [546,158]
[546,158] 1 [547,160]
[547,160] 1 [548,163]
[548,163] 1 [549,166]
[549,166] 1 [550,170]
[550,170] 1 [551,174]
[551,174] 1 [552,177]
[552,177] 1 [553,6]
[553,6] 1 [554,6]
[554,6] 1 [555,6]
[555,6] 1 [556,6]
[556,6] 1 [557,6]
[557,6] 1 [558,6]
[558,6] 1 [559,6]
[559,6] 1 [560,6]
[560,6] 1 [561,6]
[561,6] 1 [562,6]
[562,6] 1 [563,8]
[563,8] 1 [564,12]
[564,12] 1 [565,16]
[565,16] 1 [566,20]
[566,20] 1 [567,24]
[567,24] 1 [568,26]
[568,26] 1 [569,30]
[569,30] 1 [570,34]
[570,34] 1 [571,37]
[571,37] 1 [572,40]
[572,40] 0 [573,40]
[573,40] 2 [574,38]
[574,38] 1 [575,41]
[575,41] 1 [576,44]
[576,44] 1 [577,48]
[577,48] 1 [578,52]
[578,52] 1 [579,56]
[579,56] 1 [580,60]
[580,60] 1 [581,64]
[581,64] 1 [582,68]
[582,68] 1 [583,72]
[583,72] 1 [584,75]
[584,75] 2 [585,72]
[585,72] 1 [586,74]
[586,74] 1 [587,76]
[587,76] 1 [588,80]
[588,80] 1 [589,83]
[589,83] 1 [590,87]
[590,87] 1 [591,90]
[591,90] 1 [592,92]
[592,92] 1 [593,94]
[593,94] 1 [594,96]
[594,96] 1 [595,100]
[595,100] 1 [596,103]
[596,103] 1 [597,105]
[597,105] 1 [598,108]
[598,108] 1 [599,112]
[599,112] 1 [600,115]
[600,115] 1 [601,118]
[601,118] 1 [602,121]
[602,121] 1 [603,124]
[603,124] 1 [604,127]
[604,127] 1 [605,131]
[605,131] 1 [606,134]
[606,134] 1 [607,137]
[607,137] 1 [608,139]
[608,139] 1 [609,143]
[609,143] 1 [610,146]
[610,146] 1 [611,150]
[611,150] 1 [612,152]
[612,152] 1 [613,154]
[613,154] 1 [614,156]
[614,156] 1 [615,160]
[615,160] 1 [616,164]
[616,164] 1 [617,167]
[617,167] 1 [618,171]
[618,171] 1 [619,175]
[619,175] 1 [620,6]
[620,6] 1 [621,6]
[621,6] 1 [622,6]
[622,6] 1 [623,6]
[623,6] 1 [624,6]
[624,6] 1 [625,6]
[625,6] 1 [626,6]
[626,6] 1 [627,6]
[627,6] 1 [628,6]
[628,6] 1 [629,6]
[629,6] 1 [630,7]
[630,7] 1 [631,10]
[631,10] 1 [632,12]
[632,12] 2 [633,8]
[633,8] 2 [634,6]
[634,6] 1 [635,8]
[635,8] 2 [636,6]
[636,6] 1 [637,8]
[637,8] 1 [638,11]
[638,11] 1 [639,13]
[639,13] 1 [640,16]
[640,16] 1 [641,20]
[641,20] 1 [642,24]
[642,24] 1 [643,26]
[643,26] 1 [644,30]
[644,30] 1 [645,33]
[645,33] 1 [646,37]
[646,37] 1 [647,40]
[647,40] 1 [648,44]
[648,44] 1 [649,47]
[649,47] 1 [650,49]
[650,49] 1 [651,51]
[651,51] 1 [652,53]
[652,53] 1 [653,55]
[653,55] 1 [654,59]
[654,59] 1 [655,62]
[655,62] 1 [656,64]
[656,64] 1 [657,66]
[657,66] 1 [658,69]
[658,69] 1 [659,72]
[659,72] 1 [660,76]
[660,76] 1 [661,80]
[661,80] 1 [662,84]
[662,84] 1 [663,86]
[663,86] 1 [664,90]
[664,90] 1 [665,92]
[665,92] 1 [666,95]
[666,95] 1 [667,99]
[667,99] 1 [668,102]
[668,102] 1 [669,104]
[669,104] 1 [670,108]
[670,108] 1 [671,110]
[671,110] 1 [672,112]
[672,112] 1 [673,114]
[673,114] 1 [674,118]
[674,118] 1 [675,122]
[675,122] 1 [676,125]
[676,125] 1 [677,129]
[677,129] 1 [678,131]
[678,131] 1 [679,133]
[679,133] 1 [680,135]
[680,135] 1 [681,137]
[681,137] 1 [682,139]
[682,139] 1 [683,142]
[683,142] 1 [684,146]
[684,146] 1 [685,149]
[685,149] 1 [686,152]
[686,152] 1 [687,155]
[687,155] 1 [688,157]
[688,157] 1 [689,161]
[689,161] 1 [690,163]
[690,163] 1 [691,166]
[691,166] 1 [692,169]
[692,169] 1 [693,172]
[693,172] 1 [694,175]
[694,175] 1 [695,177]
[695,177] 1 [696,6]
[696,6] 1 [697,6]
[697,6] 1 [698,6]
[698,6] 1 [699,6]
[699,6] 1 [700,6]
[700,6] 1 [701,6]
[701,6] 1 [702,6]
[702,6] 1 [703,6]
[703,6] 1 [704,6]
[704,6] 1 [705,6]
[705,6] 1 [706,10]
[706,10] 1 [707,12]
[707,12] 1 [708,14]
[708,14] 1 [709,16]
[709,16] 1 [710,19]
[710,19] 2 [711,15]
[711,15] 1 [712,16]
[712,16] 1 [713,18]
[713,18] 1 [714,22]
[714,22] 1 [715,25]
[715,25] 1 [716,27]
[716,27] 1 [717,29]
[717,29] 1 [718,33]
[718,33] 1 [719,37]
[719,37] 1 [720,39]
[720,39] 1 [721,43]
[721,43] 1 [722,45]
[722,45] 1 [723,47]
[723,47] 1 [724,51]
[724,51] 1 [725,55]
[725,55] 1 [726,58]
[726,58] 1 [727,62]
[727,62] 1 [728,65]
[728,65] 1 [729,69]
[729,69] 1 [730,73]
[730,73] 1 [731,77]
[731,77] 1 [732,81]
[732,81] 1 [733,85]
[733,85] 1 [734,89]
[734,89] 1 [735,92]
[735,92] 1 [736,95]
[736,95] 1 [737,98]
[737,98] 1 [738,102]
[738,102] 1 [739,105]
[739,105] 1 [740,108]
[740,108] 1 [741,110]
[741,110] 1 [742,114]
[742,114] 1 [743,118]
[743,118] 1 [744,122]
[744,122] 1 [745,126]
[745,126] 1 [746,130]
[746,130] 1 [747,133]
[747,133] 1 [748,136]
[748,136] 1 [749,138]
[749,138] 1 [750,142]
[750,142] 1 [751,144]
[751,144] 1 [752,147]
[752,147] 1 [753,150]
[753,150] 1 [754,152]
[754,152] 1 [755,155]
[755,155] 1 [756,158]
[756,158] 1 [757,162]
[757,162] 1 [758,165]
[758,165] 1 [759,169]
[759,169] 1 [760,171]
[760,171] 1 [761,173]
[761,173] 1 [762,177]
[762,177] 1 [763,6]
[763,6] 1 [764,6]
[764,6] 1 [765,6]
[765,6] 1 [766,6]
[766,6] 1 [767,6]
[767,6] 1 [768,6]
[768,6] 1 [769,6]
[769,6] 1 [770,6]
[770,6] 1 [771,6]
[771,6] 1 [772,8]
[772,8] 1 [773,12]
[773,12] 1 [774,16]
[774,16] 1 [775,18]
[775,18] 1 [776,21]
[776,21] 1 [777,24]
[777,24] 1 [778,26]
[778,26] 1 [779,30]
[779,30] 1 [780,34]
[780,34] 1 [781,37]
[781,37] 1 [782,41]
[782,41] 1 [783,44]
[783,44] 1 [784,48]
[784,48] 1 [785,50]
[785,50] 1 [786,53]
[786,53] 1 [787,56]
[787,56] 1 [788,60]
[788,60] 1 [789,62]
[789,62] 1 [790,66]
[790,66] 1 [791,68]
[791,68] 1 [792,70]
[792,70] 1 [793,72]
[793,72] 1 [794,75]
[794,75] 1 [795,78]
[795,78] 1 [796,81]
[796,81] 1 [797,83]
[797,83] 1 [798,87]
[798,87] 1 [799,89]
[799,89] 1 [800,92]
[800,92] 1 [801,96]
[801,96] 1 [802,99]
[802,99] 1 [803,102]
[803,102] 1 [804,106]
[804,106] 1 [805,108]
[805,108] 1 [806,110]
[806,110] 1 [807,113]
[807,113] 1 [808,116]
[808,116] 1 [809,118]
[809,118] 1 [810,120]
[810,120] 1 [811,124]
[811,124] 1 [812,126]
[812,126] 1 [813,130]
[813,130] 1 [814,132]
[814,132] 1 [815,136]
[815,136] 1 [816,138]
[816,138] 1 [817,140]
[817,140] 1 [818,144]
[818,144] 1 [819,146]
[819,146] 1 [820,148]
[820,148] 1 [821,152]
[821,152] 1 [822,155]
[822,155] 1 [823,159]
[823,159] 1 [824,162]
[824,162] 1 [825,166]
[825,166] 1 [826,168]
[826,168] 1 [827,171]
[827,171] 1 [828,173]
[828,173] 1 [829,175]
[829,175] 1 [830,6]
[830,6] 1 [831,6]
[831,6] 1 [832,6]
[832,6] 1 [833,6]
[833,6] 1 [834,6]
[834,6] 1 [835,6]
[835,6] 1 [836,6]
[836,6] 1 [837,6]
[837,6] 1 [838,6]
[838,6] 1 [839,6]
[839,6] 1 [840,7]
[840,7] 2 [841,6]
[841,6] 1 [842,10]
[842,10] 1 [843,13]
[843,13] 1 [844,16]
[844,16] 2 [845,14]
[845,14] 2 [846,10]
[846,10] 2 [847,7]
[847,7] 1 [848,7]
[848,7] 2 [849,6]
[849,6] 1 [850,8]
[850,8] 1 [851,10]
[851,10] 1 [852,13]
[852,13] 1 [853,17]
[853,17] 1 [854,19]
[854,19] 1 [855,21]
[855,21] 1 [856,25]
[856,25] 1 [857,27]
[857,27] 1 [858,29]
[858,29] 1 [859,32]
[859,32] 1 [860,36]
[860,36] 1 [861,38]
[861,38] 1 [862,41]
[862,41] 1 [863,43]
[863,43] 1 [864,46]
[864,46] 1 [865,50]
[865,50] 1 [866,54]
[866,54] 1 [867,58]
[867,58] 1 [868,60]
[868,60] 1 [869,62]
[869,62] 1 [870,66]
[870,66] 1 [871,70]
[871,70] 1 [872,74]
[872,74] 1 [873,76]
[873,76] 1 [874,78]
[874,78] 1 [875,80]
[875,80] 1 [876,83]
[876,83] 1 [877,87]
[877,87] 1 [878,91]
[878,91] 1 [879,93]
[879,93] 1 [880,95]
[880,95] 1 [881,97]
[881,97] 1 [882,100]
[882,100] 1 [883,103]
[883,103] 1 [884,106]
[884,106] 1 [885,110]
[885,110] 1 [886,114]
[886,114] 1 [887,116]
[887,116] 1 [888,118]
[888,118] 1 [889,121]
[889,121] 1 [890,123]
[890,123] 1 [891,126]
[891,126] 1 [892,129]
[892,129] 1 [893,132]
[893,132] 1 [894,134]
[894,134] 1 [895,137]
[895,137] 1 [896,140]
[896,140] 1 [897,143]
[897,143] 1 [898,146]
[898,146] 1 [899,148]
[899,148] 1 [900,150]
[900,150] 1 [901,152]
[901,152] 1 [902,155]
[902,155] 1 [903,157]
[903,157] 1 [904,159]
[904,159] 1 [905,161]
[905,161] 1 [906,164]
[906,164] 1 [907,167]
[907,167] 1 [908,169]
[908,169] 1 [909,171]
[909,171] 1 [910,174]
[910,174] 1 [911,177]
[911,177] 1 [912,6]
[912,6] 1 [913,6]
[913,6] 1 [914,6]
[914,6] 1 [915,6]
[915,6] 1 [916,6]
[916,6] 1 [917,6]
[917,6] 1 [918,6]
[918,6] 1 [919,6]
[919,6] 1 [920,6]
[920,6] 1 [921,6]
[921,6] 0 [922,6]
[922,6] 1 [923,9]
[923,9] 1 [924,12]
[924,12] 1 [925,16]
[925,16] 1 [926,18]
[926,18] 1 [927,22]
[927,22] 1 [928,25]
[928,25] 1 [929,29]
[929,29] 2 [930,26]
[930,26] 1 [931,29]
[931,29] 1 [932,33]
[932,33] 1 [933,36]
[933,36] 1 [934,38]
[934,38] 1 [935,40]
[935,40] 1 [936,42]
[936,42] 1 [937,45]
[937,45] 1 [938,48]
[938,48] 1 [939,51]
[939,51] 1 [940,53]
[940,53] 1 [941,55]
[941,55] 1 [942,59]
[942,59] 1 [943,61]
[943,61] 1 [944,65]
[944,65] 1 [945,68]
[945,68] 1 [946,70]
[946,70] 1 [947,73]
[947,73] 1 [948,76]
[948,76] 1 [949,79]
[949,79] 1 [950,81]
[950,81] 1 [951,84]
[951,84] 1 [952,86]
[952,86] 1 [953,89]
[953,89] 1 [954,91]
[954,91] 1 [955,95]
[955,95] 1 [956,97]
[956,97] 1 [957,100]
[957,100] 1 [958,103]
[958,103] 1 [959,107]
[959,107] 1 [960,111]
[960,111] 1 [961,115]
[961,115] 1 [962,118]
[962,118] 1 [963,121]
[963,121] 1 [964,123]
[964,123] 1 [965,125]
[965,125] 1 [966,128]
[966,128] 1 [967,132]
[967,132] 1 [968,134]
[968,134] 1 [969,137]
[969,137] 1 [970,139]
[970,139] 1 [971,141]
[971,141] 1 [972,145]
[972,145] 1 [973,147]
[973,147] 1 [974,151]
[974,151] 1 [975,155]
[975,155] 1 [976,157]
[976,157] 1 [977,160]
[977,160] 1 [978,163]
[978,163] 1 [979,166]
[979,166] 1 [980,170]
[980,170] 1 [981,172]
[981,172] 1 [982,174]
[982,174] 1 [983,176]
[983,176] 1 [984,6]
[984,6] 1 [985,6]
[985,6] 1 [986,6]
[986,6] 1 [987,6]
[987,6] 1 [988,6]
[988,6] 1 [989,6]
[989,6] 1 [990,6]
[990,6] 1 [991,6]
[991,6] 1 [992,6]
[992,6] 1 [993,8]
[993,8] 0 [994,8]
[994,8] 1 [995,11]
[995,11] 2 [996,9]
[996,9] 1 [997,12]
[997,12] 2 [998,9]
[998,9] 1 [999,11]
[999,11] 2 [1000,7]
[1000,7] 1 [1001,9]
[1001,9] 1 [1002,11]
[1002,11] 1 [1003,15]
[1003,15] 2 [1004,12]
[1004,12] 2 [1005,8]
[1005,8] 1 [1006,11]
[1006,11] 2 [1007,7]
[1007,7] 1 [1008,9]
[1008,9] 1 [1009,13]
[1009,13] 1 [1010,16]
[1010,16] 2 [1011,12]
[1011,12] 1 [1012,15]
[1012,15] 1 [1013,17]
[1013,17] 1 [1014,20]
[1014,20] 1 [1015,22]
[1015,22] 1 [1016,25]
[1016,25] 1 [1017,28]
[1017,28] 1 [1018,32]
[1018,32] 2 [1019,28]
[1019,28] 1 [1020,28]
[1020,28] 1 [1021,30]
[1021,30] 1 [1022,33]
[1022,33] 1 [1023,37]
[1023,37] 1 [1024,39]
[1024,39] 2 [1025,36]
[1025,36] 1 [1026,39]
[1026,39] 1 [1027,41]
[1027,41] 1 [1028,45]
[1028,45] 1 [1029,49]
[1029,49] 1 [1030,53]
[1030,53] 1 [1031,57]
[1031,57] 1 [1032,60]
[1032,60] 1 [1033,63]
[1033,63] 1 [1034,65]
[1034,65] 1 [1035,68]
[1035,68] 1 [1036,71]
[1036,71] 1 [1037,74]
[1037,74] 1 [1038,76]
[1038,76] 1 [1039,80]
[1039,80] 1 [1040,83]
[1040,83] 1 [1041,86]
[1041,86] 1 [1042,88]
[1042,88] 1 [1043,90]
[1043,90] 1 [1044,94]
[1044,94] 1 [1045,97]
[1045,97] 1 [1046,99]
[1046,99] 1 [1047,101]
[1047,101] 1 [1048,103]
[1048,103] 1 [1049,106]
[1049,106] 1 [1050,110]
[1050,110] 1 [1051,114]
[1051,114] 1 [1052,117]
[1052,117] 1 [1053,121]
[1053,121] 1 [1054,123]
[1054,123] 1 [1055,127]
[1055,127] 1 [1056,130]
[1056,130] 1 [1057,134]
[1057,134] 1 [1058,138]
[1058,138] 1 [1059,141]
[1059,141] 1 [1060,144]
[1060,144] 1 [1061,148]
[1061,148] 1 [1062,150]
[1062,150] 1 [1063,153]
[1063,153] 1 [1064,155]
[1064,155] 1 [1065,158]
[1065,158] 1 [1066,162]
[1066,162] 1 [1067,165]
[1067,165] 1 [1068,167]
[1068,167] 1 [1069,171]
[1069,171] 1 [1070,174]
[1070,174] 1 [1071,177]
[1071,177] 1 [1072,6]
[1072,6] 1 [1073,6]
[1073,6] 1 [1074,6]
[1074,6] 1 [1075,6]
[1075,6] 1 [1076,6]
[1076,6] 1 [1077,6]
[1077,6] 1 [1078,6]
[1078,6] 1 [1079,6]
[1079,6] 1 [1080,6]
[1080,6] 1 [1081,7]
[1081,7] 0 [1082,7]
[1082,7] 1 [1083,10]
[1083,10] 1 [1084,12]
[1084,12] 1 [1085,14]
[1085,14] 2 [1086,15]
[1086,15] 0 [1087,13]
[1087,13] 2 [1088,11]
[1088,11] 2 [1089,8]
[1089,8] 1 [1090,10]
[1090,10] 1 [1091,13]
[1091,13] 2 [1092,10]
[1092,10] 1 [1093,8]
[1093,8] 1 [1094,11]
[1094,11] 1 [1095,14]
[1095,14] 1 [1096,16]
[1096,16] 1 [1097,18]
[1097,18] 1 [1098,21]
[1098,21] 1 [1099,25]
[1099,25] 1 [1100,27]
[1100,27] 1 [1101,31]
[1101,31] 1 [1102,33]
[1102,33] 1 [1103,35]
[1103,35] 1 [1104,37]
[1104,37] 1 [1105,41]
[1105,41] 1 [1106,43]
[1106,43] 1 [1107,45]
[1107,45] 1 [1108,48]
[1108,48] 1 [1109,52]
[1109,52] 1 [1110,54]
[1110,54] 1 [1111,56]
[1111,56] 1 [1112,59]
[1112,59] 1 [1113,61]
[1113,61] 1 [1114,65]
[1114,65] 1 [1115,69]
[1115,69] 1 [1116,71]
[1116,71] 1 [1117,74]
[1117,74] 1 [1118,78]
[1118,78] 1 [1119,81]
[1119,81] 1 [1120,84]
[1120,84] 1 [1121,88]
[1121,88] 1 [1122,90]
[1122,90] 1 [1123,94]
[1123,94] 1 [1124,96]
[1124,96] 1 [1125,98]
[1125,98] 1 [1126,102]
[1126,102] 1 [1127,106]
[1127,106] 1 [1128,110]
[1128,110] 1 [1129,112]
[1129,112] 1 [1130,115]
[1130,115] 1 [1131,118]
[1131,118] 1 [1132,122]
[1132,122] 1 [1133,125]
[1133,125] 1 [1134,128]
[1134,128] 1 [1135,132]
[1135,132] 1 [1136,135]
[1136,135] 1 [1137,139]
[1137,139] 1 [1138,142]
[1138,142] 1 [1139,146]
[1139,146] 1 [1140,149]
[1140,149] 1 [1141,153]
[1141,153] 1 [1142,157]
[1142,157] 1 [1143,160]
[1143,160] 1 [1144,163]
[1144,163] 1 [1145,165]
[1145,165] 1 [1146,169]
[1146,169] 1 [1147,171]
[1147,171] 1 [1148,173]
[1148,173] 1 [1149,175]
[1149,175] 1 [1150,6]
[1150,6] 1 [1151,6]
[1151,6] 1 [1152,6]
[1152,6] 1 [1153,6]
[1153,6] 1 [1154,6]
[1154,6] 1 [1155,6]
[1155,6] 1 [1156,6]
[1156,6] 1 [1157,6]
[1157,6] 1 [1158,6]
[1158,6] 1 [1159,6]
[1159,6] 1 [1160,6]
[1160,6] 1 [1161,8]
[1161,8] 1 [1162,10]
[1162,10] 2 [1163,7]
[1163,7] 1 [1164,10]
[1164,10] 1 [1165,13]
[1165,13] 2 [1166,11]
[1166,11] 2 [1167,8]
[1167,8] 1 [1168,11]
[1168,11] 2 [1169,8]
[1169,8] 2 [1170,6]
[1170,6] 1 [1171,7]
[1171,7] 1 [1172,11]
[1172,11] 1 [1173,13]
[1173,13] 1 [1174,15]
[1174,15] 2 [1175,11]
[1175,11] 2 [1176,7]
[1176,7] 1 [1177,9]
[1177,9] 1 [1178,12]
[1178,12] 1 [1179,15]
[1179,15] 2 [1180,11]
[1180,11] 1 [1181,11]
[1181,11] 1 [1182,15]
[1182,15] 2 [1183,11]
[1183,11] 2 [1184,8]
[1184,8] 1 [1185,10]
[1185,10] 1 [1186,12]
[1186,12] 1 [1187,16]
[1187,16] 1 [1188,19]
[1188,19] 1 [1189,21]
[1189,21] 1 [1190,23]
[1190,23] 1 [1191,26]
[1191,26] 1 [1192,28]
[1192,28] 1 [1193,30]
[1193,30] 1 [1194,34]
[1194,34] 1 [1195,36]
[1195,36] 1 [1196,39]
[1196,39] 1 [1197,43]
[1197,43] 1 [1198,47]
[1198,47] 1 [1199,49]
[1199,49] 1 [1200,52]
[1200,52] 1 [1201,56]
[1201,56] 1 [1202,60]
[1202,60] 1 [1203,64]
[1203,64] 1 [1204,67]
[1204,67] 1 [1205,71]
[1205,71] 1 [1206,74]
[1206,74] 1 [1207,78]
[1207,78] 1 [1208,81]
[1208,81] 1 [1209,84]
[1209,84] 1 [1210,87]
[1210,87] 1 [1211,91]
[1211,91] 1 [1212,93]
[1212,93] 1 [1213,96]
[1213,96] 1 [1214,98]
[1214,98] 1 [1215,100]
[1215,100] 1 [1216,102]
[1216,102] 1 [1217,104]
[1217,104] 1 [1218,107]
[1218,107] 1 [1219,110]
[1219,110] 1 [1220,114]
[1220,114] 1 [1221,118]
[1221,118] 2 [1222,114]
[1222,114] 1 [1223,116]
[1223,116] 1 [1224,118]
[1224,118] 1 [1225,122]
[1225,122] 1 [1226,126]
[1226,126] 1 [1227,129]
[1227,129] 1 [1228,133]
[1228,133] 1 [1229,136]
[1229,136] 2 [1230,133]
[1230,133] 1 [1231,137]
[1231,137] 1 [1232,140]
[1232,140] 2 [1233,136]
[1233,136] 1 [1234,138]
[1234,138] 1 [1235,141]
[1235,141] 1 [1236,144]
[1236,144] 1 [1237,147]
[1237,147] 1 [1238,151]
[1238,151] 1 [1239,153]
[1239,153] 1 [1240,156]
[1240,156] 1 [1241,160]
[1241,160] 1 [1242,164]
[1242,164] 1 [1243,168]
[1243,168] 1 [1244,172]
[1244,172] 1 [1245,176]
[1245,176] 1 [1246,6]
[1246,6] 1 [1247,6]
[1247,6] 1 [1248,6]
[1248,6] 1 [1249,6]
[1249,6] 1 [1250,6]
[1250,6] 1 [1251,6]
[1251,6] 1 [1252,6]
[1252,6] 1 [1253,6]
[1253,6] 1 [1254,6]
[1254,6] 1 [1255,6]
[1255,6] 1 [1256,9]
[1256,9] 1 [1257,13]
[1257,13] 1 [1258,15]
[1258,15] 1 [1259,19]
[1259,19] 1 [1260,21]
[1260,21] 1 [1261,24]
[1261,24] 1 [1262,28]
[1262,28] 1 [1263,30]
[1263,30] 1 [1264,32]
[1264,32] 1 [1265,36]
[1265,36] 1 [1266,40]
[1266,40] 1 [1267,43]
[1267,43] 1 [1268,47]
[1268,47] 1 [1269,51]
[1269,51] 1 [1270,55]
[1270,55] 1 [1271,57]
[1271,57] 1 [1272,60]
[1272,60] 1 [1273,62]
[1273,62] 1 [1274,64]
[1274,64] 1 [1275,67]
[1275,67] 1 [1276,69]
[1276,69] 1 [1277,71]
[1277,71] 1 [1278,73]
[1278,73] 1 [1279,77]
[1279,77] 1 [1280,80]
[1280,80] 1 [1281,84]
[1281,84] 1 [1282,88]
[1282,88] 1 [1283,92]
[1283,92] 1 [1284,96]
[1284,96] 1 [1285,99]
[1285,99] 1 [1286,101]
[1286,101] 1 [1287,104]
[1287,104] 1 [1288,107]
[1288,107] 1 [1289,111]
[1289,111] 1 [1290,114]
[1290,114] 1 [1291,116]
[1291,116] 1 [1292,119]
[1292,119] 1 [1293,122]
[1293,122] 1 [1294,126]
[1294,126] 1 [1295,128]
[1295,128] 1 [1296,131]
[1296,131] 1 [1297,135]
[1297,135] 1 [1298,139]
[1298,139] 1 [1299,142]
[1299,142] 1 [1300,145]
[1300,145] 1 [1301,147]
[1301,147] 1 [1302,151]
[1302,151] 1 [1303,155]
[1303,155] 1 [1304,159]
[1304,159] 1 [1305,161]
[1305,161] 1 [1306,165]
[1306,165] 1 [1307,168]
[1307,168] 1 [1308,170]
[1308,170] 1 [1309,173]
[1309,173] 1 [1310,176]
[1310,176] 1 [1311,6]
[1311,6] 1 [1312,6]
[1312,6] 1 [1313,6]
[1313,6] 1 [1314,6]
[1314,6] 1 [1315,6]
[1315,6] 1 [1316,6]
[1316,6] 1 [1317,6]
[1317,6] 1 [1318,6]
[1318,6] 1 [1319,6]
[1319,6] 1 [1320,8]
[1320,8] 1 [1321,10]
[1321,10] 0 [1322,11]
[1322,11] 2 [1323,7]
[1323,7] 1 [1324,9]
[1324,9] 1 [1325,11]
[1325,11] 2 [1326,8]
[1326,8] 1 [1327,10]
[1327,10] 1 [1328,13]
[1328,13] 1 [1329,16]
[1329,16] 1 [1330,18]
[1330,18] 1 [1331,20]
[1331,20] 1 [1332,22]
[1332,22] 1 [1333,26]
[1333,26] 1 [1334,29]
[1334,29] 1 [1335,33]
[1335,33] 1 [1336,37]
[1336,37] 1 [1337,39]
[1337,39] 1 [1338,41]
[1338,41] 1 [1339,45]
[1339,45] 1 [1340,48]
[1340,48] 1 [1341,52]
[1341,52] 1 [1342,56]
[1342,56] 2 [1343,52]
[1343,52] 2 [1344,48]
[1344,48] 1 [1345,50]
[1345,50] 1 [1346,52]
[1346,52] 1 [1347,54]
[1347,54] 1 [1348,57]
[1348,57] 1 [1349,60]
[1349,60] 1 [1350,64]
[1350,64] 1 [1351,66]
[1351,66] 1 [1352,69]
[1352,69] 1 [1353,72]
[1353,72] 1 [1354,75]
[1354,75] 1 [1355,78]
[1355,78] 1 [1356,81]
[1356,81] 1 [1357,85]
[1357,85] 1 [1358,88]
[1358,88] 1 [1359,90]
[1359,90] 1 [1360,94]
[1360,94] 1 [1361,97]
[1361,97] 1 [1362,99]
[1362,99] 1 [1363,101]
[1363,101] 1 [1364,104]
[1364,104] 1 [1365,107]
[1365,107] 1 [1366,109]
[1366,109] 1 [1367,111]
[1367,111] 1 [1368,115]
[1368,115] 1 [1369,118]
[1369,118] 1 [1370,122]
[1370,122] 1 [1371,125]
[1371,125] 1 [1372,128]
[1372,128] 1 [1373,130]
[1373,130] 1 [1374,133]
[1374,133] 1 [1375,136]
[1375,136] 1 [1376,139]
[1376,139] 1 [1377,143]
[1377,143] 1 [1378,146]
[1378,146] 1 [1379,150]
[1379,150] 1 [1380,153]
[1380,153] 1 [1381,155]
[1381,155] 1 [1382,159]
[1382,159] 1 [1383,161]
[1383,161] 1 [1384,163]
[1384,163] 1 [1385,165]
[1385,165] 1 [1386,167]
[1386,167] 1 [1387,171]
[1387,171] 1 [1388,174]
[1388,174] 1 [1389,176]
[1389,176] 1 [1390,6]
[1390,6] 1 [1391,6]
[1391,6] 1 [1392,6]
[1392,6] 1 [1393,6]
[1393,6] 1 [1394,6]
[1394,6] 1 [1395,6]
[1395,6] 1 [1396,6]
[1396,6] 1 [1397,6]
[1397,6] 1 [1398,6]
[1398,6] 1 [1399,6]
[1399,6] 1 [1400,6]
[1400,6] 1 [1401,8]
[1401,8] 0 [1402,8]
[1402,8] 1 [1403,10]
[1403,10] 1 [1404,12]
[1404,12] 2 [1405,8]
[1405,8] 1 [1406,11]
[1406,11] 2 [1407,7]
[1407,7] 1 [1408,8]
[1408,8] 1 [1409,11]
[1409,11] 1 [1410,13]
[1410,13] 2 [1411,10]
[1411,10] 1 [1412,10]
[1412,10] 0 [1413,11]
[1413,11] 2 [1414,8]
[1414,8] 2 [1415,6]
[1415,6] 1 [1416,8]
[1416,8] 2 [1417,6]
[1417,6] 1 [1418,8]
[1418,8] 2 [1419,6]
[1419,6] 1 [1420,8]
[1420,8] 1 [1421,11]
[1421,11] 2 [1422,9]
[1422,9] 2 [1423,6]
[1423,6] 1 [1424,9]
[1424,9] 1 [1425,13]
[1425,13] 2 [1426,9]
[1426,9] 1 [1427,9]
[1427,9] 1 [1428,13]
[1428,13] 1 [1429,15]
[1429,15] 1 [1430,18]
[1430,18] 1 [1431,22]
[1431,22] 1 [1432,26]
[1432,26] 1 [1433,29]
[1433,29] 1 [1434,33]
[1434,33] 1 [1435,37]
[1435,37] 1 [1436,39]
[1436,39] 1 [1437,42]
[1437,42] 1 [1438,46]
[1438,46] 1 [1439,49]
[1439,49] 1 [1440,52]
[1440,52] 1 [1441,56]
[1441,56] 1 [1442,60]
[1442,60] 1 [1443,63]
[1443,63] 1 [1444,67]
[1444,67] 1 [1445,70]
[1445,70] 1 [1446,73]
[1446,73] 1 [1447,75]
[1447,75] 1 [1448,77]
[1448,77] 1 [1449,80]
[1449,80] 1 [1450,83]
[1450,83] 1 [1451,86]
[1451,86] 1 [1452,88]
[1452,88] 1 [1453,90]
[1453,90] 1 [1454,93]
[1454,93] 1 [1455,97]
[1455,97] 1 [1456,99]
[1456,99] 1 [1457,101]
[1457,101] 1 [1458,105]
[1458,105] 1 [1459,108]
[1459,108] 1 [1460,111]
[1460,111] 1 [1461,113]
[1461,113] 1 [1462,116]
[1462,116] 1 [1463,120]
[1463,120] 1 [1464,123]
[1464,123] 1 [1465,125]
[1465,125] 1 [1466,127]
[1466,127] 1 [1467,129]
[1467,129] 1 [1468,133]
[1468,133] 1 [1469,135]
[1469,135] 1 [1470,137]
[1470,137] 1 [1471,139]
[1471,139] 1 [1472,141]
[1472,141] 1 [1473,145]
[1473,145] 1 [1474,149]
[1474,149] 1 [1475,152]
[1475,152] 1 [1476,154]
[1476,154] 1 [1477,158]
[1477,158] 1 [1478,161]
[1478,161] 1 [1479,164]
[1479,164] 1 [1480,166]
[1480,166] 1 [1481,168]
[1481,168] 1 [1482,170]
[1482,170] 1 [1483,172]
[1483,172] 1 [1484,174]
[1484,174] 1 [1485,177]
[1485,177] 1 [1486,6]
[1486,6] 1 [1487,6]
[1487,6] 1 [1488,6]
[1488,6] 1 [1489,6]
[1489,6] 1 [1490,6]
[1490,6] 1 [1491,6]
[1491,6] 1 [1492,6]
[1492,6] 1 [1493,6]
[1493,6] 0 [1494,6]
[1494,6] 1 [1495,8]
[1495,8] 1 [1496,12]
[1496,12] 1 [1497,14]
[1497,14] 1 [1498,16]
[1498,16] 2 [1499,14]
[1499,14] 1 [1500,18]
[1500,18] 1 [1501,22]
[1501,22] 1 [1502,25]
[1502,25] 1 [1503,27]
[1503,27] 1 [1504,30]
[1504,30] 1 [1505,34]
[1505,34] 1 [1506,36]
[1506,36] 1 [1507,39]
[1507,39] 1 [1508,41]
[1508,41] 1 [1509,45]
[1509,45] 1 [1510,49]
[1510,49] 1 [1511,52]
[1511,52] 1 [1512,56]
[1512,56] 1 [1513,58]
[1513,58] 1 [1514,60]
[1514,60] 1 [1515,64]
[1515,64] 1 [1516,67]
[1516,67] 1 [1517,71]
[1517,71] 1 [1518,73]
[1518,73] 1 [1519,75]
[1519,75] 1 [1520,77]
[1520,77] 1 [1521,80]
[1521,80] 1 [1522,84]
[1522,84] 1 [1523,87]
[1523,87] 1 [1524,89]
[1524,89] 1 [1525,92]
[1525,92] 1 [1526,96]
[1526,96] 1 [1527,99]
[1527,99] 1 [1528,101]
[1528,101] 1 [1529,105]
[1529,105] 1 [1530,108]
[1530,108] 1 [1531,110]
[1531,110] 1 [1532,113]
[1532,113] 1 [1533,115]
[1533,115] 1 [1534,118]
[1534,118] 1 [1535,120]
[1535,120] 1 [1536,124]
[1536,124] 1 [1537,127]
[1537,127] 1 [1538,131]
[1538,131] 1 [1539,133]
[1539,133] 1 [1540,135]
[1540,135] 1 [1541,139]
[1541,139] 1 [1542,141]
[1542,141] 1 [1543,144]
[1543,144] 1 [1544,146]
[1544,146] 1 [1545,149]
[1545,149] 1 [1546,153]
[1546,153] 1 [1547,155]
[1547,155] 1 [1548,157]
[1548,157] 1 [1549,159]
[1549,159] 1 [1550,163]
[1550,163] 1 [1551,166]
[1551,166] 1 [1552,168]
[1552,168] 1 [1553,171]
[1553,171] 1 [1554,175]
[1554,175] 1 [1555,6]
[1555,6] 1 [1556,6]
[1556,6] 1 [1557,6]
[1557,6] 1 [1558,6]
[1558,6] 1 [1559,6]
[1559,6] 1 [1560,6]
[1560,6] 1 [1561,6]
[1561,6] 1 [1562,6]
[1562,6] 1 [1563,6]
[1563,6] 1 [1564,6]
[1564,6] 1 [1565,7]
[1565,7] 0 [1566,7]
[1566,7] 2 [1567,6]
[1567,6] 1 [1568,8]
[1568,8] 1 [1569,12]
[1569,12] 1 [1570,15]
[1570,15] 1 [1571,18]
[1571,18] 1 [1572,20]
[1572,20] 1 [1573,22]
[1573,22] 1 [1574,24]
[1574,24] 1 [1575,26]
[1575,26] 1 [1576,29]
[1576,29] 1 [1577,33]
[1577,33] 2 [1578,33]
[1578,33] 1 [1579,37]
[1579,37] 1 [1580,40]
[1580,40] 1 [1581,43]
[1581,43] 1 [1582,45]
[1582,45] 1 [1583,48]
[1583,48] 1 [1584,52]
[1584,52] 1 [1585,56]
[1585,56] 1 [1586,60]
[1586,60] 1 [1587,63]
[1587,63] 1 [1588,65]
[1588,65] 1 [1589,68]
[1589,68] 1 [1590,72]
[1590,72] 1 [1591,76]
[1591,76] 1 [1592,79]
[1592,79] 1 [1593,83]
[1593,83] 1 [1594,86]
[1594,86] 1 [1595,88]
[1595,88] 1 [1596,92]
[1596,92] 1 [1597,94]
[1597,94] 1 [1598,98]
[1598,98] 1 [1599,101]
[1599,101] 1 [1600,105]
[1600,105] 1 [1601,108]
[1601,108] 1 [1602,111]
[1602,111] 1 [1603,113]
[1603,113] 1 [1604,117]
[1604,117] 1 [1605,119]
[1605,119] 1 [1606,123]
[1606,123] 1 [1607,126]
[1607,126] 1 [1608,128]
[1608,128] 1 [1609,130]
[1609,130] 1 [1610,133]
[1610,133] 1 [1611,136]
[1611,136] 1 [1612,140]
[1612,140] 1 [1613,143]
[1613,143] 1 [1614,147]
[1614,147] 1 [1615,149]
[1615,149] 1 [1616,151]
[1616,151] 1 [1617,153]
[1617,153] 1 [1618,157]
[1618,157] 1 [1619,160]
[1619,160] 1 [1620,164]
[1620,164] 1 [1621,168]
[1621,168] 1 [1622,171]
[1622,171] 1 [1623,175]
[1623,175] 1 [1624,6]
[1624,6] 1 [1625,6]
[1625,6] 1 [1626,6]
[1626,6] 1 [1627,6]
[1627,6] 1 [1628,6]
[1628,6] 1 [1629,6]
[1629,6] 1 [1630,6]
[1630,6] 1 [1631,6]
[1631,6] 1 [1632,6]
[1632,6] 1 [1633,6]
[1633,6] 1 [1634,8]
[1634,8] 2 [1635,6]
[1635,6] 1 [1636,10]
[1636,10] 1 [1637,12]
[1637,12] 1 [1638,14]
[1638,14] 0 [1639,14]
[1639,14] 0 [1640,14]
[1640,14] 2 [1641,12]
[1641,12] 2 [1642,8]
[1642,8] 1 [1643,11]
[1643,11] 2 [1644,8]
[1644,8] 1 [1645,10]
[1645,10] 1 [1646,12]
[1646,12] 1 [1647,15]
[1647,15] 2 [1648,11]
[1648,11] 1 [1649,13]
[1649,13] 2 [1650,9]
[1650,9] 1 [1651,11]
[1651,11] 2 [1652,7]
[1652,7] 1 [1653,9]
[1653,9] 1 [1654,12]
[1654,12] 2 [1655,8]
[1655,8] 1 [1656,11]
[1656,11] 2 [1657,7]
[1657,7] 1 [1658,10]
[1658,10] 1 [1659,14]
[1659,14] 1 [1660,17]
[1660,17] 1 [1661,21]
[1661,21] 1 [1662,23]
[1662,23] 1 [1663,27]
[1663,27] 1 [1664,29]
[1664,29] 1 [1665,32]
[1665,32] 1 [1666,36]
[1666,36] 1 [1667,39]
[1667,39] 1 [1668,43]
[1668,43] 1 [1669,47]
[1669,47] 1 [1670,49]
[1670,49] 1 [1671,53]
[1671,53] 1 [1672,57]
[1672,57] 1 [1673,60]
[1673,60] 1 [1674,62]
[1674,62] 1 [1675,66]
[1675,66] 1 [1676,70]
[1676,70] 1 [1677,73]
[1677,73] 1 [1678,76]
[1678,76] 1 [1679,78]
[1679,78] 1 [1680,82]
[1680,82] 1 [1681,86]
[1681,86] 1 [1682,90]
[1682,90] 1 [1683,93]
[1683,93] 1 [1684,96]
[1684,96] 1 [1685,99]
[1685,99] 1 [1686,102]
[1686,102] 1 [1687,106]
[1687,106] 1 [1688,110]
[1688,110] 1 [1689,113]
[1689,113] 1 [1690,116]
[1690,116] 1 [1691,118]
[1691,118] 1 [1692,120]
[1692,120] 1 [1693,123]
[1693,123] 1 [1694,126]
[1694,126] 1 [1695,128]
[1695,128] 1 [1696,131]
[1696,131] 1 [1697,133]
[1697,133] 1 [1698,137]
[1698,137] 1 [1699,141]
[1699,141] 1 [1700,143]
[1700,143] 1 [1701,145]
[1701,145] 1 [1702,147]
[1702,147] 1 [1703,151]
[1703,151] 1 [1704,155]
[1704,155] 1 [1705,159]
[1705,159] 1 [1706,161]
[1706,161] 1 [1707,165]
[1707,165] 1 [1708,168]
[1708,168] 1 [1709,170]
[1709,170] 1 [1710,173]
[1710,173] 1 [1711,175]
[1711,175] 1 [1712,6]
[1712,6] 1 [1713,6]
[1713,6] 1 [1714,6]
[1714,6] 1 [1715,6]
[1715,6] 1 [1716,6]
[1716,6] 1 [1717,6]
[1717,6] 1 [1718,6]
[1718,6] 1 [1719,6]
[1719,6] 1 [1720,6]
[1720,6] 1 [1721,6]
[1721,6] 1 [1722,8]
[1722,8] 0 [1723,8]
[1723,8] 1 [1724,8]
[1724,8] 1 [1725,11]
[1725,11] 1 [1726,13]
[1726,13] 1 [1727,16]
[1727,16] 2 [1728,15]
[1728,15] 2 [1729,11]
[1729,11] 2 [1730,7]
[1730,7] 1 [1731,9]
[1731,9] 1 [1732,11]
[1732,11] 1 [1733,13]
[1733,13] 1 [1734,16]
[1734,16] 1 [1735,20]
[1735,20] 1 [1736,22]
[1736,22] 1 [1737,26]
[1737,26] 1 [1738,29]
[1738,29] 1 [1739,31]
[1739,31] 1 [1740,34]
[1740,34] 1 [1741,38]
[1741,38] 1 [1742,42]
[1742,42] 1 [1743,44]
[1743,44] 1 [1744,48]
[1744,48] 1 [1745,51]
[1745,51] 1 [1746,55]
[1746,55] 1 [1747,57]
[1747,57] 1 [1748,59]
[1748,59] 1 [1749,62]
[1749,62] 1 [1750,66]
[1750,66] 1 [1751,70]
[1751,70] 1 [1752,74]
[1752,74] 1 [1753,77]
[1753,77] 1 [1754,80]
[1754,80] 1 [1755,82]
[1755,82] 1 [1756,85]
[1756,85] 1 [1757,87]
[1757,87] 1 [1758,89]
[1758,89] 1 [1759,93]
[1759,93] 1 [1760,97]
[1760,97] 1 [1761,99]
[1761,99] 1 [1762,102]
[1762,102] 1 [1763,104]
[1763,104] 1 [1764,106]
[1764,106] 1 [1765,109]
[1765,109] 1 [1766,112]
[1766,112] 1 [1767,116]
[1767,116] 1 [1768,119]
[1768,119] 1 [1769,122]
[1769,122] 1 [1770,126]
[1770,126] 1 [1771,128]
[1771,128] 1 [1772,130]
[1772,130] 1 [1773,134]
[1773,134] 1 [1774,137]
[1774,137] 1 [1775,141]
[1775,141] 1 [1776,145]
[1776,145] 1 [1777,148]
[1777,148] 1 [1778,150]
[1778,150] 1 [1779,154]
[1779,154] 1 [1780,156]
[1780,156] 1 [1781,159]
[1781,159] 1 [1782,161]
[1782,161] 1 [1783,163]
[1783,163] 1 [1784,165]
[1784,165] 1 [1785,167]
[1785,167] 1 [1786,171]
[1786,171] 1 [1787,173]
[1787,173] 1 [1788,176]
[1788,176] 1 [1789,6]
[1789,6] 1 [1790,6]
[1790,6] 1 [1791,6]
[1791,6] 1 [1792,6]
[1792,6] 1 [1793,6]
[1793,6] 1 [1794,6]
[1794,6] 1 [1795,6]
[1795,6] 1 [1796,6]
[1796,6] 1 [1797,6]
[1797,6] 1 [1798,6]
[1798,6] 1 [1799,6]
[1799,6] 1 [1800,9]
[1800,9] 1 [1801,11]
[1801,11] 1 [1802,14]
[1802,14] 0 [1803,16]
[1803,16] 2 [1804,13]
[1804,13] 1 [1805,16]
[1805,16] 2 [1806,12]
[1806,12] 1 [1807,12]
[1807,12] 1 [1808,14]
[1808,14] 1 [1809,16]
[1809,16] 2 [1810,12]
[1810,12] 2 [1811,8]
[1811,8] 1 [1812,10]
[1812,10] 2 [1813,6]
[1813,6] 1 [1814,8]
[1814,8] 2 [1815,6]
[1815,6] 1 [1816,8]
[1816,8] 1 [1817,11]
[1817,11] 2 [1818,9]
[1818,9] 1 [1819,11]
[1819,11] 2 [1820,13]
[1820,13] 1 [1821,11]
[1821,11] 1 [1822,13]
[1822,13] 1 [1823,16]
[1823,16] 1 [1824,19]
[1824,19] 1 [1825,22]
[1825,22] 1 [1826,24]
[1826,24] 1 [1827,27]
[1827,27] 1 [1828,31]
[1828,31] 2 [1829,27]
[1829,27] 2 [1830,23]
[1830,23] 1 [1831,25]
[1831,25] 1 [1832,28]
[1832,28] 1 [1833,30]
[1833,30] 1 [1834,33]
[1834,33] 1 [1835,35]
[1835,35] 1 [1836,37]
[1836,37] 1 [1837,40]
[1837,40] 1 [1838,44]
[1838,44] 1 [1839,47]
[1839,47] 1 [1840,51]
[1840,51] 1 [1841,54]
[1841,54] 1 [1842,58]
[1842,58] 1 [1843,62]
[1843,62] 1 [1844,64]
[1844,64] 1 [1845,67]
[1845,67] 1 [1846,69]
[1846,69] 1 [1847,71]
[1847,71] 1 [1848,74]
[1848,74] 1 [1849,76]
[1849,76] 1 [1850,78]
[1850,78] 1 [1851,80]
[1851,80] 1 [1852,83]
[1852,83] 1 [1853,86]
[1853,86] 1 [1854,89]
[1854,89] 1 [1855,91]
[1855,91] 1 [1856,95]
[1856,95] 1 [1857,97]
[1857,97] 1 [1858,100]
[1858,100] 1 [1859,104]
[1859,104] 1 [1860,107]
[1860,107] 1 [1861,110]
[1861,110] 1 [1862,112]
[1862,112] 1 [1863,116]
[1863,116] 1 [1864,119]
[1864,119] 2 [1865,115]
[1865,115] 2 [1866,112]
[1866,112] 1 [1867,112]
[1867,112] 1 [1868,115]
[1868,115] 1 [1869,119]
[1869,119] 1 [1870,123]
[1870,123] 1 [1871,127]
[1871,127] 1 [1872,130]
[1872,130] 1 [1873,132]
[1873,132] 2 [1874,129]
[1874,129] 1 [1875,131]
[1875,131] 1 [1876,134]
[1876,134] 1 [1877,137]
[1877,137] 1 [1878,141]
[1878,141] 1 [1879,143]
[1879,143] 1 [1880,146]
[1880,146] 1 [1881,149]
[1881,149] 1 [1882,153]
[1882,153] 1 [1883,155]
[1883,155] 1 [1884,157]
[1884,157] 1 [1885,160]
[1885,160] 1 [1886,162]
[1886,162] 1 [1887,164]
[1887,164] 1 [1888,167]
[1888,167] 1 [1889,169]
[1889,169] 1 [1890,171]
[1890,171] 1 [1891,173]
[1891,173] 1 [1892,176]
[1892,176] 1 [1893,6]
[1893,6] 1 [1894,6]
[1894,6] 1 [1895,6]
[1895,6] 1 [1896,6]
[1896,6] 1 [1897,6]
[1897,6] 1 [1898,6]
[1898,6] 1 [1899,6]
[1899,6] 1 [1900,6]
[1900,6] 1 [1901,6]
[1901,6] 1 [1902,6]
[1902,6] 1 [1903,8]
[1903,8] 1 [1904,11]
[1904,11] 1 [1905,13]
[1905,13] 1 [1906,15]
[1906,15] 1 [1907,17]
[1907,17] 1 [1908,20]
[1908,20] 1 [1909,23]
[1909,23] 1 [1910,25]
[1910,25] 1 [1911,29]
[1911,29] 1 [1912,33]
[1912,33] 1 [1913,36]
[1913,36] 1 [1914,39]
[1914,39] 1 [1915,41]
[1915,41] 1 [1916,44]
[1916,44] 1 [1917,47]
[1917,47] 1 [1918,51]
[1918,51] 1 [1919,53]
[1919,53] 1 [1920,55]
[1920,55] 1 [1921,58]
[1921,58] 1 [1922,61]
[1922,61] 1 [1923,65]
[1923,65] 1 [1924,68]
[1924,68] 1 [1925,72]
[1925,72] 1 [1926,75]
[1926,75] 1 [1927,79]
[1927,79] 1 [1928,83]
[1928,83] 1 [1929,85]
[1929,85] 1 [1930,89]
[1930,89] 1 [1931,92]
[1931,92] 1 [1932,94]
[1932,94] 1 [1933,96]
[1933,96] 1 [1934,98]
[1934,98] 1 [1935,102]
[1935,102] 1 [1936,104]
[1936,104] 1 [1937,107]
[1937,107] 1 [1938,109]
[1938,109] 1 [1939,113]
[1939,113] 1 [1940,115]
[1940,115] 1 [1941,117]
[1941,117] 1 [1942,120]
[1942,120] 1 [1943,124]
[1943,124] 1 [1944,128]
[1944,128] 1 [1945,132]
[1945,132] 1 [1946,134]
[1946,134] 1 [1947,136]
[1947,136] 1 [1948,140]
[1948,140] 1 [1949,142]
[1949,142] 1 [1950,145]
[1950,145] 1 [1951,147]
[1951,147] 1 [1952,151]
[1952,151] 1 [1953,155]
[1953,155] 1 [1954,158]
[1954,158] 1 [1955,162]
[1955,162] 1 [1956,164]
[1956,164] 1 [1957,167]
[1957,167] 1 [1958,169]
[1958,169] 1 [1959,171]
[1959,171] 1 [1960,175]
[1960,175] 1 [1961,6]
[1961,6] 1 [1962,6]
[1962,6] 1 [1963,6]
[1963,6] 1 [1964,6]
[1964,6] 1 [1965,6]
[1965,6] 1 [1966,6]
[1966,6] 1 [1967,6]
[1967,6] 1 [1968,6]
[1968,6] 1 [1969,6]
[1969,6] 1 [1970,6]
[1970,6] 1 [1971,6]
[1971,6] 1 [1972,6]
[1972,6] 0 [1973,6]
[1973,6] 1 [1974,8]
[1974,8] 1 [1975,11]
[1975,11] 2 [1976,7]
[1976,7] 1 [1977,11]
[1977,11] 2 [1978,11]
[1978,11] 2 [1979,8]
[1979,8] 1 [1980,11]
[1980,11] 1 [1981,13]
[1981,13] 1 [1982,16]
[1982,16] 1 [1983,20]
[1983,20] 1 [1984,23]
[1984,23] 1 [1985,25]
[1985,25] 1 [1986,27]
[1986,27] 1 [1987,31]
[1987,31] 1 [1988,35]
[1988,35] 1 [1989,39]
[1989,39] 1 [1990,43]
[1990,43] 1 [1991,46]
[1991,46] 1 [1992,49]
[1992,49] 1 [1993,53]
[1993,53] 1 [1994,55]
[1994,55] 1 [1995,58]
[1995,58] 1 [1996,60]
[1996,60] 2 [1997,57]
[1997,57] 2 [1998,54]
[1998,54] 2 [1999,50]
[1999,50] 1 [2000,52]
[2000,52] 1 [2001,54]
[2001,54] 1 [2002,57]
[2002,57] 1 [2003,59]
[2003,59] 1 [2004,63]
[2004,63] 1 [2005,66]
[2005,66] 1 [2006,68]
[2006,68] 1 [2007,70]
[2007,70] 1 [2008,73]
[2008,73] 1 [2009,76]
[2009,76] 1 [2010,78]
[2010,78] 1 [2011,81]
[2011,81] 1 [2012,83]
[2012,83] 1 [2013,87]
[2013,87] 1 [2014,91]
[2014,91] 1 [2015,94]
[2015,94] 1 [2016,98]
[2016,98] 1 [2017,100]
[2017,100] 1 [2018,104]
[2018,104] 1 [2019,106]
[2019,106] 1 [2020,110]
[2020,110] 1 [2021,112]
[2021,112] 1 [2022,116]
[2022,116] 1 [2023,119]
[2023,119] 1 [2024,122]
[2024,122] 1 [2025,125]
[2025,125] 1 [2026,127]
[2026,127] 1 [2027,131]
[2027,131] 1 [2028,134]
[2028,134] 1 [2029,136]
[2029,136] 1 [2030,138]
[2030,138] 1 [2031,142]
[2031,142] 1 [2032,144]
[2032,144] 1 [2033,147]
[2033,147] 1 [2034,149]
[2034,149] 1 [2035,151]
[2035,151] 1 [2036,153]
[2036,153] 1 [2037,157]
[2037,157] 1 [2038,161]
[2038,161] 1 [2039,164]
[2039,164] 1 [2040,168]
[2040,168] 1 [2041,171]
[2041,171] 1 [2042,173]
[2042,173] 1 [2043,175]
[2043,175] 1 [2044,6]
[2044,6] 1 [2045,6]
[2045,6] 1 [2046,6]
[2046,6] 1 [2047,6]
[2047,6] 1 [2048,6]
[2048,6] 1 [2049,6]
[2049,6] 1 [2050,6]
[2050,6] 1 [2051,6]
[2051,6] 1 [2052,6]
[2052,6] 1 [2053,6]
[2053,6] 1 [2054,6]
[2054,6] 1 [2055,7]
[2055,7] 0 [2056,8]
[2056,8] 1 [2057,11]
[2057,11] 1 [2058,13]
[2058,13] 1 [2059,16]
[2059,16] 2 [2060,12]
[2060,12] 2 [2061,8]
[2061,8] 2 [2062,6]
[2062,6] 1 [2063,8]
[2063,8] 1 [2064,11]
[2064,11] 1 [2065,14]
[2065,14] 1 [2066,17]
[2066,17] 1 [2067,20]
[2067,20] 2 [2068,16]
[2068,16] 1 [2069,18]
[2069,18] 1 [2070,21]
[2070,21] 1 [2071,23]
[2071,23] 1 [2072,26]
[2072,26] 1 [2073,28]
[2073,28] 1 [2074,32]
[2074,32] 1 [2075,35]
[2075,35] 1 [2076,38]
[2076,38] 1 [2077,41]
[2077,41] 1 [2078,43]
[2078,43] 1 [2079,47]
[2079,47] 1 [2080,51]
[2080,51] 1 [2081,54]
[2081,54] 1 [2082,56]
[2082,56] 1 [2083,60]
[2083,60] 1 [2084,62]
[2084,62] 1 [2085,66]
[2085,66] 1 [2086,68]
[2086,68] 1 [2087,71]
[2087,71] 1 [2088,73]
[2088,73] 1 [2089,76]
[2089,76] 1 [2090,78]
[2090,78] 1 [2091,81]
[2091,81] 1 [2092,85]
[2092,85] 1 [2093,88]
[2093,88] 1 [2094,90]
[2094,90] 1 [2095,92]
[2095,92] 1 [2096,96]
[2096,96] 1 [2097,100]
[2097,100] 1 [2098,104]
[2098,104] 1 [2099,108]
[2099,108] 1 [2100,111]
[2100,111] 1 [2101,114]
[2101,114] 1 [2102,117]
[2102,117] 1 [2103,121]
[2103,121] 1 [2104,124]
[2104,124] 1 [2105,126]
[2105,126] 1 [2106,130]
[2106,130] 1 [2107,134]
[2107,134] 1 [2108,137]
[2108,137] 1 [2109,141]
[2109,141] 1 [2110,145]
[2110,145] 1 [2111,148]
[2111,148] 1 [2112,150]
[2112,150] 1 [2113,152]
[2113,152] 1 [2114,156]
[2114,156] 1 [2115,158]
[2115,158] 1 [2116,162]
[2116,162] 1 [2117,164]
[2117,164] 1 [2118,166]
[2118,166] 1 [2119,170]
[2119,170] 1 [2120,172]
[2120,172] 1 [2121,175]
[2121,175] 1 [2122,177]
[2122,177] 1 [2123,6]
[2123,6] 1 [2124,6]
[2124,6] 1 [2125,6]
[2125,6] 1 [2126,6]
[2126,6] 1 [2127,6]
[2127,6] 1 [2128,6]
[2128,6] 1 [2129,6]
[2129,6] 1 [2130,6]
[2130,6] 1 [2131,6]
[2131,6] 1 [2132,6]
[2132,6] 1 [2133,9]
[2133,9] 0 [2134,10]
[2134,10] 1 [2135,12]
[2135,12] 1 [2136,14]
[2136,14] 0 [2137,15]
[2137,15] 0 [2138,15]
[2138,15] 2 [2139,13]
[2139,13] 2 [2140,10]
[2140,10] 1 [2141,12]
[2141,12] 1 [2142,14]
[2142,14] 1 [2143,18]
[2143,18] 2 [2144,14]
[2144,14] 1 [2145,16]
[2145,16] 2 [2146,12]
[2146,12] 1 [2147,10]
[2147,10] 2 [2148,6]
[2148,6] 1 [2149,8]
[2149,8] 1 [2150,11]
[2150,11] 2 [2151,8]
[2151,8] 1 [2152,10]
[2152,10] 1 [2153,13]
[2153,13] 1 [2154,15]
[2154,15] 1 [2155,18]
[2155,18] 1 [2156,22]
[2156,22] 1 [2157,24]
[2157,24] 1 [2158,27]
[2158,27] 1 [2159,30]
[2159,30] 1 [2160,34]
[2160,34] 1 [2161,37]
[2161,37] 1 [2162,41]
[2162,41] 1 [2163,45]
[2163,45] 1 [2164,48]
[2164,48] 1 [2165,50]
[2165,50] 1 [2166,53]
[2166,53] 1 [2167,56]
[2167,56] 1 [2168,59]
[2168,59] 1 [2169,63]
[2169,63] 1 [2170,66]
[2170,66] 1 [2171,68]
[2171,68] 1 [2172,71]
[2172,71] 1 [2173,73]
[2173,73] 1 [2174,76]
[2174,76] 1 [2175,78]
[2175,78] 1 [2176,82]
[2176,82] 1 [2177,86]
[2177,86] 1 [2178,90]
[2178,90] 1 [2179,93]
[2179,93] 1 [2180,97]
[2180,97] 1 [2181,101]
[2181,101] 1 [2182,103]
[2182,103] 1 [2183,105]
[2183,105] 1 [2184,109]
[2184,109] 1 [2185,111]
[2185,111] 1 [2186,115]
[2186,115] 1 [2187,117]
[2187,117] 1 [2188,121]
[2188,121] 1 [2189,123]
[2189,123] 1 [2190,127]
[2190,127] 1 [2191,131]
[2191,131] 1 [2192,133]
[2192,133] 1 [2193,137]
[2193,137] 1 [2194,139]
[2194,139] 1 [2195,143]
[2195,143] 1 [2196,147]
[2196,147] 1 [2197,150]
[2197,150] 1 [2198,152]
[2198,152] 1 [2199,155]
[2199,155] 1 [2200,158]
[2200,158] 1 [2201,162]
[2201,162] 1 [2202,164]
[2202,164] 1 [2203,167]
[2203,167] 1 [2204,171]
[2204,171] 1 [2205,175]
[2205,175] 1 [2206,6]
[2206,6] 1 [2207,6]
[2207,6] 1 [2208,6]
[2208,6] 1 [2209,6]
[2209,6] 1 [2210,6]
[2210,6] 1 [2211,6]
[2211,6] 1 [2212,6]
[2212,6] 1 [2213,6]
[2213,6] 1 [2214,6]
[2214,6] 1 [2215,6]
[2215,6] 1 [2216,6]
[2216,6] 1 [2217,9]
[2217,9] 0 [2218,9]
[2218,9] 1 [2219,13]
[2219,13] 1 [2220,16]
[2220,16] 2 [2221,12]
[2221,12] 2 [2222,9]
[2222,9] 1 [2223,8]
[2223,8] 1 [2224,12]
[2224,12] 2 [2225,8]
[2225,8] 1 [2226,10]
[2226,10] 1 [2227,14]
[2227,14] 2 [2228,11]
[2228,11] 2 [2229,8]
[2229,8] 1 [2230,10]
[2230,10] 1 [2231,12]
[2231,12] 2 [2232,8]
[2232,8] 0 [2233,7]
[2233,7] 2 [2234,6]
[2234,6] 1 [2235,8]
[2235,8] 2 [2236,6]
[2236,6] 1 [2237,8]
[2237,8] 1 [2238,10]
[2238,10] 1 [2239,12]
[2239,12] 2 [2240,9]
[2240,9] 2 [2241,6]
[2241,6] 1 [2242,9]
[2242,9] 1 [2243,12]
[2243,12] 1 [2244,16]
[2244,16] 1 [2245,20]
[2245,20] 1 [2246,24]
[2246,24] 1 [2247,26]
[2247,26] 1 [2248,28]
[2248,28] 1 [2249,30]
[2249,30] 1 [2250,33]
[2250,33] 1 [2251,37]
[2251,37] 1 [2252,39]
[2252,39] 1 [2253,43]
[2253,43] 1 [2254,47]
[2254,47] 1 [2255,49]
[2255,49] 1 [2256,51]
[2256,51] 1 [2257,55]
[2257,55] 1 [2258,59]
[2258,59] 1 [2259,63]
[2259,63] 1 [2260,67]
[2260,67] 1 [2261,71]
[2261,71] 1 [2262,75]
[2262,75] 1 [2263,79]
[2263,79] 1 [2264,81]
[2264,81] 1 [2265,84]
[2265,84] 1 [2266,88]
[2266,88] 1 [2267,91]
[2267,91] 1 [2268,95]
[2268,95] 1 [2269,97]
[2269,97] 1 [2270,100]
[2270,100] 1 [2271,103]
[2271,103] 1 [2272,106]
[2272,106] 1 [2273,110]
[2273,110] 1 [2274,112]
[2274,112] 1 [2275,114]
[2275,114] 1 [2276,116]
[2276,116] 1 [2277,120]
[2277,120] 1 [2278,124]
[2278,124] 1 [2279,128]
[2279,128] 1 [2280,131]
[2280,131] 1 [2281,134]
[2281,134] 1 [2282,138]
[2282,138] 1 [2283,142]
[2283,142] 1 [2284,145]
[2284,145] 1 [2285,149]
[2285,149] 1 [2286,152]
[2286,152] 1 [2287,156]
[2287,156] 1 [2288,158]
[2288,158] 1 [2289,162]
[2289,162] 1 [2290,166]
[2290,166] 1 [2291,168]
[2291,168] 1 [2292,170]
[2292,170] 1 [2293,174]
[2293,174] 1 [2294,176]
[2294,176] 1 [2295,6]
[2295,6] 1 [2296,6]
[2296,6] 1 [2297,6]
[2297,6] 1 [2298,6]
[2298,6] 1 [2299,6]
[2299,6] 1 [2300,6]
[2300,6] 1 [2301,6]
[2301,6] 1 [2302,6]
[2302,6] 1 [2303,6]
[2303,6] 1 [2304,8]
[2304,8] 1 [2305,10]
[2305,10] 0 [2306,11]
[2306,11] 1 [2307,14]
[2307,14] 1 [2308,17]
[2308,17] 1 [2309,19]
[2309,19] 1 [2310,22]
[2310,22] 1 [2311,26]
[2311,26] 1 [2312,29]
[2312,29] 1 [2313,31]
[2313,31] 1 [2314,34]
[2314,34] 1 [2315,36]
[2315,36] 1 [2316,40]
[2316,40] 1 [2317,43]
[2317,43] 1 [2318,46]
[2318,46] 1 [2319,50]
[2319,50] 1 [2320,54]
[2320,54] 1 [2321,57]
[2321,57] 1 [2322,60]
[2322,60] 1 [2323,63]
[2323,63] 1 [2324,65]
[2324,65] 1 [2325,67]
[2325,67] 1 [2326,69]
[2326,69] 1 [2327,71]
[2327,71] 1 [2328,73]
[2328,73] 1 [2329,76]
[2329,76] 1 [2330,80]
[2330,80] 1 [2331,82]
[2331,82] 1 [2332,85]
[2332,85] 1 [2333,87]
[2333,87] 1 [2334,90]
[2334,90] 1 [2335,93]
[2335,93] 1 [2336,96]
[2336,96] 1 [2337,98]
[2337,98] 1 [2338,100]
[2338,100] 1 [2339,103]
[2339,103] 1 [2340,105]
[2340,105] 1 [2341,109]
[2341,109] 1 [2342,113]
[2342,113] 1 [2343,115]
[2343,115] 1 [2344,117]
[2344,117] 1 [2345,119]
[2345,119] 1 [2346,123]
[2346,123] 1 [2347,126]
[2347,126] 1 [2348,129]
[2348,129] 1 [2349,132]
[2349,132] 1 [2350,136]
[2350,136] 1 [2351,139]
[2351,139] 1 [2352,141]
[2352,141] 1 [2353,143]
[2353,143] 1 [2354,147]
[2354,147] 1 [2355,149]
[2355,149] 1 [2356,153]
[2356,153] 1 [2357,157]
[2357,157] 1 [2358,160]
[2358,160] 1 [2359,164]
[2359,164] 1 [2360,168]
[2360,168] 1 [2361,170]
[2361,170] 1 [2362,172]
[2362,172] 1 [2363,176]
[2363,176] 1 [2364,6]
[2364,6] 1 [2365,6]
[2365,6] 1 [2366,6]
[2366,6] 1 [2367,6]
[2367,6] 1 [2368,6]
[2368,6] 1 [2369,6]
[2369,6] 1 [2370,6]
[2370,6] 1 [2371,6]
[2371,6] 1 [2372,6]
[2372,6] 1 [2373,6]
[2373,6] 0 [2374,6]
[2374,6] 1 [2375,9]
[2375,9] 1 [2376,12]
[2376,12] 2 [2377,8]
[2377,8] 1 [2378,11]
[2378,11] 1 [2379,14]
[2379,14] 1 [2380,18]
[2380,18] 1 [2381,20]
[2381,20] 1 [2382,22]
[2382,22] 0 [2383,22]
[2383,22] 0 [2384,22]
[2384,22] 2 [2385,19]
[2385,19] 2 [2386,17]
[2386,17] 1 [2387,17]
[2387,17] 1 [2388,20]
[2388,20] 1 [2389,23]
[2389,23] 1 [2390,26]
[2390,26] 1 [2391,28]
[2391,28] 1 [2392,32]
[2392,32] 1 [2393,36]
[2393,36] 1 [2394,40]
[2394,40] 1 [2395,42]
[2395,42] 1 [2396,45]
[2396,45] 1 [2397,47]
[2397,47] 1 [2398,49]
[2398,49] 1 [2399,52]
[2399,52] 1 [2400,56]
[2400,56] 1 [2401,58]
[2401,58] 1 [2402,61]
[2402,61] 1 [2403,63]
[2403,63] 1 [2404,66]
[2404,66] 1 [2405,69]
[2405,69] 1 [2406,72]
[2406,72] 1 [2407,74]
[2407,74] 1 [2408,77]
[2408,77] 1 [2409,79]
[2409,79] 1 [2410,81]
[2410,81] 1 [2411,84]
[2411,84] 1 [2412,87]
[2412,87] 1 [2413,91]
[2413,91] 1 [2414,95]
[2414,95] 1 [2415,99]
[2415,99] 1 [2416,102]
[2416,102] 1 [2417,106]
[2417,106] 1 [2418,110]
[2418,110] 1 [2419,114]
[2419,114] 1 [2420,117]
[2420,117] 1 [2421,120]
[2421,120] 1 [2422,123]
[2422,123] 1 [2423,126]
[2423,126] 1 [2424,130]
[2424,130] 1 [2425,133]
[2425,133] 1 [2426,137]
[2426,137] 1 [2427,140]
[2427,140] 1 [2428,144]
[2428,144] 1 [2429,148]
[2429,148] 1 [2430,151]
[2430,151] 1 [2431,154]
[2431,154] 1 [2432,157]
[2432,157] 1 [2433,159]
[2433,159] 1 [2434,161]
[2434,161] 1 [2435,165]
[2435,165] 1 [2436,169]
[2436,169] 1 [2437,171]
[2437,171] 1 [2438,175]
[2438,175] 1 [2439,6]
[2439,6] 1 [2440,6]
[2440,6] 1 [2441,6]
[2441,6] 1 [2442,6]
[2442,6] 1 [2443,6]
[2443,6] 1 [2444,6]
[2444,6] 1 [2445,6]
[2445,6] 1 [2446,6]
[2446,6] 1 [2447,6]
[2447,6] 1 [2448,6]
[2448,6] 1 [2449,7]
[2449,7] 1 [2450,11]
[2450,11] 2 [2451,8]
[2451,8] 1 [2452,11]
[2452,11] 0 [2453,11]
[2453,11] 2 [2454,7]
[2454,7] 1 [2455,9]
[2455,9] 1 [2456,11]
[2456,11] 2 [2457,8]
[2457,8] 1 [2458,11]
[2458,11] 2 [2459,7]
[2459,7] 1 [2460,8]
[2460,8] 2 [2461,9]
[2461,9] 0 [2462,8]
[2462,8] 2 [2463,6]
[2463,6] 1 [2464,8]
[2464,8] 1 [2465,10]
[2465,10] 1 [2466,12]
[2466,12] 1 [2467,15]
[2467,15] 1 [2468,19]
[2468,19] 2 [2469,15]
[2469,15] 2 [2470,11]
[2470,11] 1 [2471,13]
[2471,13] 1 [2472,16]
[2472,16] 1 [2473,19]
[2473,19] 1 [2474,23]
[2474,23] 2 [2475,19]
[2475,19] 1 [2476,21]
[2476,21] 1 [2477,23]
[2477,23] 1 [2478,25]
[2478,25] 1 [2479,27]
[2479,27] 1 [2480,31]
[2480,31] 1 [2481,34]
[2481,34] 1 [2482,36]
[2482,36] 1 [2483,39]
[2483,39] 1 [2484,42]
[2484,42] 1 [2485,45]
[2485,45] 1 [2486,48]
[2486,48] 1 [2487,51]
[2487,51] 1 [2488,55]
[2488,55] 1 [2489,59]
[2489,59] 1 [2490,63]
[2490,63] 1 [2491,65]
[2491,65] 1 [2492,67]
[2492,67] 1 [2493,70]
[2493,70] 1 [2494,73]
[2494,73] 1 [2495,77]
[2495,77] 1 [2496,80]
[2496,80] 1 [2497,82]
[2497,82] 1 [2498,84]
[2498,84] 1 [2499,87]
[2499,87] 1 [2500,90]
[2500,90] 1 [2501,92]
[2501,92] 1 [2502,96]
[2502,96] 1 [2503,100]
[2503,100] 1 [2504,103]
[2504,103] 1 [2505,106]
[2505,106] 1 [2506,110]
[2506,110] 1 [2507,114]
[2507,114] 2 [2508,111]
[2508,111] 1 [2509,112]
[2509,112] 2 [2510,108]
[2510,108] 1 [2511,106]
[2511,106] 1 [2512,110]
[2512,110] 1 [2513,112]
[2513,112] 1 [2514,116]
[2514,116] 1 [2515,119]
[2515,119] 1 [2516,123]
[2516,123] 1 [2517,125]
[2517,125] 1 [2518,129]
[2518,129] 1 [2519,132]
[2519,132] 1 [2520,135]
[2520,135] 1 [2521,137]
[2521,137] 1 [2522,141]
[2522,141] 1 [2523,144]
[2523,144] 1 [2524,147]
[2524,147] 1 [2525,149]
[2525,149] 1 [2526,153]
[2526,153] 1 [2527,155]
[2527,155] 1 [2528,157]
[2528,157] 1 [2529,160]
[2529,160] 1 [2530,164]
[2530,164] 1 [2531,166]
[2531,166] 1 [2532,168]
[2532,168] 1 [2533,172]
[2533,172] 1 [2534,174]
[2534,174] 1 [2535,177]
[2535,177] 1 [2536,6]
[2536,6] 1 [2537,6]
[2537,6] 1 [2538,6]
[2538,6] 1 [2539,6]
[2539,6] 1 [2540,6]
[2540,6] 1 [2541,6]
[2541,6] 1 [2542,6]
[2542,6] 1 [2543,6]
[2543,6] 1 [2544,6]
[2544,6] 1 [2545,6]
[2545,6] 1 [2546,7]
[2546,7] 0 [2547,7]
[2547,7] 0 [2548,7]
[2548,7] 1 [2549,11]
[2549,11] 0 [2550,11]
[2550,11] 2 [2551,8]
[2551,8] 1 [2552,9]
[2552,9] 1 [2553,11]
[2553,11] 1 [2554,13]
[2554,13] 1 [2555,16]
[2555,16] 2 [2556,13]
[2556,13] 2 [2557,9]
[2557,9] 1 [2558,11]
[2558,11] 2 [2559,8]
[2559,8] 1 [2560,11]
[2560,11] 1 [2561,14]
[2561,14] 1 [2562,17]
[2562,17] 1 [2563,21]
[2563,21] 2 [2564,17]
[2564,17] 2 [2565,13]
[2565,13] 1 [2566,13]
[2566,13] 1 [2567,15]
[2567,15] 1 [2568,19]
[2568,19] 1 [2569,22]
[2569,22] 1 [2570,25]
[2570,25] 1 [2571,29]
[2571,29] 1 [2572,32]
[2572,32] 1 [2573,36]
[2573,36] 1 [2574,38]
[2574,38] 1 [2575,40]
[2575,40] 1 [2576,42]
[2576,42] 1 [2577,44]
[2577,44] 1 [2578,47]
[2578,47] 1 [2579,51]
[2579,51] 1 [2580,53]
[2580,53] 1 [2581,56]
[2581,56] 1 [2582,60]
[2582,60] 1 [2583,62]
[2583,62] 1 [2584,65]
[2584,65] 1 [2585,67]
[2585,67] 1 [2586,71]
[2586,71] 1 [2587,73]
[2587,73] 1 [2588,75]
[2588,75] 1 [2589,78]
[2589,78] 1 [2590,82]
[2590,82] 1 [2591,85]
[2591,85] 1 [2592,87]
[2592,87] 1 [2593,89]
[2593,89] 1 [2594,93]
[2594,93] 1 [2595,96]
[2595,96] 1 [2596,99]
[2596,99] 2 [2597,97]
[2597,97] 1 [2598,95]
[2598,95] 1 [2599,95]
[2599,95] 1 [2600,99]
[2600,99] 1 [2601,101]
[2601,101] 1 [2602,105]
[2602,105] 1 [2603,108]
[2603,108] 1 [2604,111]
[2604,111] 1 [2605,115]
[2605,115] 1 [2606,117]
[2606,117] 1 [2607,120]
[2607,120] 1 [2608,122]
[2608,122] 1 [2609,125]
[2609,125] 1 [2610,128]
[2610,128] 1 [2611,130]
[2611,130] 1 [2612,132]
[2612,132] 1 [2613,136]
[2613,136] 1 [2614,138]
[2614,138] 1 [2615,141]
[2615,141] 1 [2616,144]
[2616,144] 1 [2617,148]
[2617,148] 1 [2618,152]
[2618,152] 1 [2619,155]
[2619,155] 1 [2620,157]
[2620,157] 1 [2621,159]
[2621,159] 1 [2622,163]
[2622,163] 1 [2623,165]
[2623,165] 1 [2624,168]
[2624,168] 1 [2625,170]
[2625,170] 1 [2626,173]
[2626,173] 1 [2627,176]
[2627,176] 1 [2628,6]
[2628,6] 1 [2629,6]
[2629,6] 1 [2630,6]
[2630,6] 1 [2631,6]
[2631,6] 1 [2632,6]
[2632,6] 1 [2633,6]
[2633,6] 1 [2634,6]
[2634,6] 1 [2635,6]
[2635,6] 1 [2636,6]
[2636,6] 1 [2637,6]
[2637,6] 0 [2638,6]
[2638,6] 1 [2639,6]
[2639,6] 1 [2640,9]
[2640,9] 1 [2641,11]
[2641,11] 1 [2642,15]
[2642,15] 1 [2643,18]
[2643,18] 2 [2644,15]
[2644,15] 2 [2645,12]
[2645,12] 2 [2646,8]
[2646,8] 1 [2647,10]
[2647,10] 1 [2648,13]
[2648,13] 1 [2649,15]
[2649,15] 1 [2650,18]
[2650,18] 1 [2651,20]
[2651,20] 1 [2652,23]
[2652,23] 1 [2653,26]
[2653,26] 1 [2654,30]
[2654,30] 1 [2655,33]
[2655,33] 1 [2656,35]
[2656,35] 1 [2657,39]
[2657,39] 1 [2658,41]
[2658,41] 1 [2659,44]
[2659,44] 1 [2660,48]
[2660,48] 1 [2661,50]
[2661,50] 1 [2662,52]
[2662,52] 1 [2663,55]
[2663,55] 1 [2664,58]
[2664,58] 1 [2665,62]
[2665,62] 1 [2666,64]
[2666,64] 1 [2667,68]
[2667,68] 1 [2668,70]
[2668,70] 1 [2669,73]
[2669,73] 1 [2670,76]
[2670,76] 1 [2671,79]
[2671,79] 1 [2672,81]
[2672,81] 1 [2673,85]
[2673,85] 1 [2674,88]
[2674,88] 1 [2675,90]
[2675,90] 1 [2676,94]
[2676,94] 1 [2677,98]
[2677,98] 1 [2678,101]
[2678,101] 1 [2679,104]
[2679,104] 1 [2680,108]
[2680,108] 1 [2681,112]
[2681,112] 1 [2682,116]
[2682,116] 1 [2683,119]
[2683,119] 1 [2684,122]
[2684,122] 0 [2685,122]
[2685,122] 1 [2686,126]
[2686,126] 1 [2687,128]
[2687,128] 1 [2688,132]
[2688,132] 1 [2689,136]
[2689,136] 1 [2690,139]
[2690,139] 1 [2691,141]
[2691,141] 1 [2692,144]
[2692,144] 1 [2693,147]
[2693,147] 1 [2694,149]
[2694,149] 1 [2695,153]
[2695,153] 1 [2696,156]
[2696,156] 1 [2697,158]
[2697,158] 1 [2698,162]
[2698,162] 1 [2699,166]
[2699,166] 1 [2700,169]
[2700,169] 1 [2701,172]
[2701,172] 1 [2702,176]
[2627,176] 1 [2628,6]
[2628,6] 1 [2629,6]
[2629,6] 1 [2630,6]
[2630,6] 1 [2631,6]
[2631,6] 1 [2632,6]
[2632,6] 1 [2633,6]
[2633,6] 1 [2634,6]
[2634,6] 1 [2635,6]
[2635,6] 1 [2636,6]
[2636,6] 1 [2637,6]
[2637,6] 0 [2638,6]
[2638,6] 1 [2639,6]
[2639,6] 1 [2640,9]
[2640,9] 1 [2641,11]
[2641,11] 1 [2642,15]
[2642,15] 1 [2643,18]
[2643,18] 2 [2644,15]
[2644,15] 2 [2645,12]
[2645,12] 2 [2646,8]
[2646,8] 1 [2647,10]
[2647,10] 1 [2648,13]
[2648,13] 1 [2649,15]
[2649,15] 1 [2650,18]
[2650,18] 1 [2651,20]
[2651,20] 1 [2652,23]
[2652,23] 1 [2653,26]
[2653,26] 1 [2654,30]
[2654,30] 1 [2655,33]
[2655,33] 1 [2656,35]
[2656,35] 1 [2657,39]
[2657,39] 1 [2658,41]
[2658,41] 1 [2659,44]
[2659,44] 1 [2660,48]
[2660,48] 1 [2661,50]
[2661,50] 1 [2662,52]
[2662,52] 1 [2663,55]
[2663,55] 1 [2664,58]
[2664,58] 1 [2665,62]
[2665,62] 1 [2666,64]
[2666,64] 1 [2667,68]
[2667,68] 1 [2668,70]
[2668,70] 1 [2669,73]
[2669,73] 1 [2670,76]
[2670,76] 1 [2671,79]
[2671,79] 1 [2672,81]
[2672,81] 1 [2673,85]
[2673,85] 1 [2674,88]
[2674,88] 1 [2675,90]
[2675,90] 1 [2676,94]
[2676,94] 1 [2677,98]
[2677,98] 1 [2678,101]
[2678,101] 1 [2679,104]
[2679,104] 1 [2680,108]
[2680,108] 1 [2681,112]
[2681,112] 1 [2682,116]
[2682,116] 1 [2683,119]
[2683,119] 1 [2684,122]
[2684,122] 0 [2685,122]
[2685,122] 1 [2686,126]
[2686,126] 1 [2687,128]
[2687,128] 1 [2688,132]
[2688,132] 1 [2689,136]
[2689,136] 1 [2690,139]
[2690,139] 1 [2691,141]
[2691,141] 1 [2692,144]
[2692,144] 1 [2693,147]
[2693,147] 1 [2694,149]
[2694,149] 1 [2695,153]
[2695,153] 1 [2696,156]
[2696,156] 1 [2697,158]
[2697,158] 1 [2698,162]
[2698,162] 1 [2699,166]
[2699,166] 1 [2700,169]
[2700,169] 1 [2701,172]
[2701,172] 1 [2702,176]
