[0,6] 1 [1,9]
[1,9] 1 [2,12]
[2,12] 1 [3,14]
[3,14] 1 [4,16]
[4,16] 1 [5,18]
[5,18] 1 [6,21]
[6,21] 1 [7,25]
[7,25] 1 [8,27]
[8,27] 1 [9,29]
[9,29] 1 [10,32]
[10,32] 1 [11,36]
[11,36] 1 [12,40]
[12,40] 1 [13,44]
[13,44] 1 [14,48]
[14,48] 1 [15,51]
[15,51] 1 [16,55]
[16,55] 1 [17,57]
[17,57] 1 [18,60]
[18,60] 1 [19,62]
[19,62] 1 [20,64]
[20,64] 1 [21,66]
[21,66] 1 [22,68]
[22,68] 1 [23,71]
[23,71] 1 [24,73]
[24,73] 1 [25,77]
[25,77] 1 [26,81]
[26,81] 1 [27,84]
[27,84] 1 [28,88]
[28,88] 1 [29,90]
[29,90] 1 [30,93]
[30,93] 1 [31,95]
[31,95] 1 [32,98]
[32,98] 1 [33,100]
[33,100] 1 [34,103]
[34,103] 1 [35,107]
[35,107] 1 [36,111]
[36,111] 1 [37,113]
[37,113] 1 [38,117]
[38,117] 1 [39,119]
[39,119] 1 [40,123]
[40,123] 1 [41,125]
[41,125] 1 [42,128]
[42,128] 1 [43,132]
[43,132] 1 [44,134]
[44,134] 1 [45,138]
[45,138] 1 [46,141]
[46,141] 1 [47,143]
[47,143] 1 [48,147]
[48,147] 1 [49,151]
[49,151] 1 [50,153]
[50,153] 1 [51,157]
[51,157] 1 [52,161]
[52,161] 1 [53,165]
[53,165] 1 [54,168]
[54,168] 1 [55,172]
[55,172] 1 [56,175]
[56,175] 1 [57,6]
[57,6] 1 [58,6]
[58,6] 1 [59,6]
[59,6] 1 [60,6]
[60,6] 1 [61,6]
[61,6] 1 [62,6]
[62,6] 1 [63,6]
[63,6] 1 [64,6]
[64,6] 1 [65,6]
[65,6] 1 [66,6]
[66,6] 1 [67,8]
[67,8] 1 [68,11]
[68,11] 2 [69,9]
[69,9] 1 [70,11]
[70,11] 2 [71,11]
[71,11] 1 [72,13]
[72,13] 2 [73,10]
[73,10] 2 [74,6]
[74,6] 1 [75,8]
[75,8] 1 [76,11]
[76,11] 0 [77,11]
[77,11] 2 [78,8]
[78,8] 1 [79,10]
[79,10] 2 [80,8]
[80,8] 1 [81,8]
[81,8] 1 [82,10]
[82,10] 0 [83,10]
[83,10] 1 [84,12]
[84,12] 2 [85,9]
[85,9] 1 [86,11]
[86,11] 2 [87,7]
[87,7] 1 [88,11]
[88,11] 1 [89,13]
[89,13] 1 [90,16]
[90,16] 1 [91,20]
[91,20] 1 [92,22]
[92,22] 1 [93,26]
[93,26] 1 [94,28]
[94,28] 1 [95,30]
[95,30] 1 [96,34]
[96,34] 1 [97,36]
[97,36] 1 [98,39]
[98,39] 1 [99,41]
[99,41] 1 [100,43]
[100,43] 1 [101,47]
[101,47] 1 [102,50]
[102,50] 1 [103,54]
[103,54] 1 [104,56]
[104,56] 1 [105,58]
[105,58] 1 [106,62]
[106,62] 1 [107,65]
[107,65] 1 [108,69]
[108,69] 1 [109,72]
[109,72] 1 [110,76]
[110,76] 1 [111,80]
[111,80] 1 [112,82]
[112,82] 1 [113,84]
[113,84] 1 [114,86]
[114,86] 1 [115,88]
[115,88] 1 [116,92]
[116,92] 1 [117,96]
[117,96] 1 [118,98]
[118,98] 1 [119,100]
[119,100] 1 [120,104]
[120,104] 1 [121,108]
[121,108] 1 [122,112]
[122,112] 1 [123,114]
[123,114] 1 [124,116]
[124,116] 1 [125,120]
[125,120] 1 [126,122]
[126,122] 1 [127,124]
[127,124] 1 [128,128]
[128,128] 1 [129,130]
[129,130] 1 [130,132]
[130,132] 1 [131,134]
[131,134] 1 [132,136]
[132,136] 1 [133,138]
[133,138] 1 [134,141]
[134,141] 1 [135,143]
[135,143] 1 [136,145]
[136,145] 1 [137,147]
[137,147] 1 [138,150]
[138,150] 1 [139,153]
[139,153] 1 [140,157]
[140,157] 1 [141,160]
[141,160] 1 [142,163]
[142,163] 1 [143,167]
[143,167] 1 [144,170]
[144,170] 1 [145,172]
[145,172] 1 [146,174]
[146,174] 1 [147,177]
[147,177] 1 [148,6]
[148,6] 1 [149,6]
[149,6] 1 [150,6]
[150,6] 1 [151,6]
[151,6] 1 [152,6]
[152,6] 1 [153,6]
[153,6] 1 [154,6]
[154,6] 1 [155,6]
[155,6] 1 [156,6]
[156,6] 1 [157,8]
[157,8] 1 [158,10]
[158,10] 1 [159,14]
[159,14] 1 [160,16]
[160,16] 1 [161,19]
[161,19] 0 [162,19]
[162,19] 1 [163,21]
[163,21] 1 [164,25]
[164,25] 1 [165,29]
[165,29] 1 [166,31]
[166,31] 1 [167,35]
[167,35] 1 [168,37]
[168,37] 1 [169,40]
[169,40] 1 [170,42]
[170,42] 1 [171,44]
[171,44] 1 [172,48]
[172,48] 1 [173,51]
[173,51] 1 [174,54]
[174,54] 1 [175,58]
[175,58] 1 [176,61]
[176,61] 1 [177,63]
[177,63] 1 [178,67]
[178,67] 1 [179,71]
[179,71] 1 [180,74]
[180,74] 1 [181,76]
[181,76] 1 [182,78]
[182,78] 1 [183,81]
[183,81] 1 [184,83]
[184,83] 1 [185,86]
[185,86] 1 [186,89]
[186,89] 1 [187,91]
[187,91] 1 [188,93]
[188,93] 1 [189,96]
[189,96] 1 [190,98]
[190,98] 1 [191,102]
[191,102] 1 [192,106]
[192,106] 1 [193,110]
[193,110] 1 [194,112]
[194,112] 1 [195,114]
[195,114] 1 [196,117]
[196,117] 1 [197,120]
[197,120] 1 [198,123]
[198,123] 1 [199,126]
[199,126] 1 [200,128]
[200,128] 1 [201,132]
[201,132] 1 [202,135]
[202,135] 1 [203,139]
[203,139] 1 [204,143]
[204,143] 1 [205,145]
[205,145] 1 [206,148]
[206,148] 1 [207,150]
[207,150] 1 [208,152]
[208,152] 1 [209,154]
[209,154] 1 [210,156]
[210,156] 1 [211,159]
[211,159] 1 [212,162]
[212,162] 1 [213,164]
[213,164] 1 [214,167]
[214,167] 1 [215,171]
[215,171] 1 [216,173]
[216,173] 1 [217,176]
[217,176] 1 [218,6]
[218,6] 1 [219,6]
[219,6] 1 [220,6]
[220,6] 1 [221,6]
[221,6] 1 [222,6]
[222,6] 1 [223,6]
[223,6] 1 [224,6]
[224,6] 1 [225,6]
[225,6] 1 [226,6]
[226,6] 0 [227,7]
[227,7] 0 [228,7]
[228,7] 1 [229,9]
[229,9] 1 [230,13]
[230,13] 2 [231,9]
[231,9] 1 [232,11]
[232,11] 2 [233,8]
[233,8] 1 [234,9]
[234,9] 1 [235,11]
[235,11] 2 [236,8]
[236,8] 1 [237,8]
[237,8] 1 [238,12]
[238,12] 2 [239,8]
[239,8] 2 [240,6]
[240,6] 1 [241,8]
[241,8] 1 [242,10]
[242,10] 1 [243,13]
[243,13] 2 [244,10]
[244,10] 1 [245,12]
[245,12] 1 [246,14]
[246,14] 1 [247,16]
[247,16] 2 [248,12]
[248,12] 1 [249,14]
[249,14] 1 [250,16]
[250,16] 1 [251,19]
[251,19] 1 [252,23]
[252,23] 1 [253,26]
[253,26] 1 [254,30]
[254,30] 1 [255,33]
[255,33] 1 [256,36]
[256,36] 1 [257,38]
[257,38] 1 [258,41]
[258,41] 1 [259,43]
[259,43] 1 [260,45]
[260,45] 1 [261,48]
[261,48] 1 [262,50]
[262,50] 1 [263,54]
[263,54] 1 [264,58]
[264,58] 1 [265,60]
[265,60] 1 [266,63]
[266,63] 1 [267,67]
[267,67] 1 [268,69]
[268,69] 1 [269,73]
[269,73] 1 [270,77]
[270,77] 1 [271,80]
[271,80] 1 [272,83]
[272,83] 1 [273,87]
[273,87] 1 [274,90]
[274,90] 1 [275,94]
[275,94] 1 [276,96]
[276,96] 1 [277,100]
[277,100] 1 [278,103]
[278,103] 1 [279,106]
[279,106] 1 [280,108]
[280,108] 1 [281,111]
[281,111] 1 [282,114]
[282,114] 1 [283,118]
[283,118] 1 [284,122]
[284,122] 1 [285,124]
[285,124] 1 [286,128]
[286,128] 1 [287,131]
[287,131] 1 [288,133]
[288,133] 1 [289,136]
[289,136] 1 [290,139]
[290,139] 1 [291,141]
[291,141] 1 [292,145]
[292,145] 1 [293,147]
[293,147] 1 [294,149]
[294,149] 1 [295,151]
[295,151] 1 [296,154]
[296,154] 1 [297,158]
[297,158] 1 [298,160]
[298,160] 1 [299,162]
[299,162] 1 [300,166]
[300,166] 1 [301,170]
[301,170] 1 [302,174]
[302,174] 1 [303,177]
[303,177] 1 [304,6]
[304,6] 1 [305,6]
[305,6] 1 [306,6]
[306,6] 1 [307,6]
[307,6] 1 [308,6]
[308,6] 1 [309,6]
[309,6] 1 [310,6]
[310,6] 1 [311,6]
[311,6] 1 [312,6]
[312,6] 1 [313,6]
[313,6] 1 [314,6]
[314,6] 0 [315,6]
[315,6] 1 [316,8]
[316,8] 1 [317,10]
[317,10] 1 [318,13]
[318,13] 1 [319,15]
[319,15] 0 [320,15]
[320,15] 2 [321,12]
[321,12] 1 [322,15]
[322,15] 2 [323,11]
[323,11] 2 [324,7]
[324,7] 1 [325,9]
[325,9] 1 [326,11]
[326,11] 1 [327,15]
[327,15] 1 [328,19]
[328,19] 1 [329,23]
[329,23] 1 [330,27]
[330,27] 2 [331,24]
[331,24] 2 [332,20]
[332,20] 1 [333,22]
[333,22] 1 [334,25]
[334,25] 1 [335,28]
[335,28] 1 [336,30]
[336,30] 1 [337,34]
[337,34] 1 [338,37]
[338,37] 1 [339,41]
[339,41] 1 [340,43]
[340,43] 1 [341,45]
[341,45] 1 [342,48]
[342,48] 1 [343,50]
[343,50] 1 [344,53]
[344,53] 1 [345,55]
[345,55] 1 [346,57]
[346,57] 1 [347,61]
[347,61] 1 [348,64]
[348,64] 1 [349,66]
[349,66] 1 [350,70]
[350,70] 1 [351,72]
[351,72] 1 [352,75]
[352,75] 1 [353,79]
[353,79] 1 [354,81]
[354,81] 1 [355,83]
[355,83] 1 [356,85]
[356,85] 1 [357,87]
[357,87] 1 [358,91]
[358,91] 1 [359,93]
[359,93] 1 [360,95]
[360,95] 1 [361,98]
[361,98] 1 [362,100]
[362,100] 1 [363,104]
[363,104] 1 [364,107]
[364,107] 1 [365,109]
[365,109] 1 [366,111]
[366,111] 1 [367,114]
[367,114] 2 [368,110]
[368,110] 1 [369,112]
[369,112] 1 [370,114]
[370,114] 2 [371,114]
[371,114] 2 [372,111]
[372,111] 1 [373,111]
[373,111] 1 [374,114]
[374,114] 1 [375,118]
[375,118] 1 [376,122]
[376,122] 1 [377,126]
[377,126] 1 [378,128]
[378,128] 1 [379,131]
[379,131] 1 [380,135]
[380,135] 1 [381,137]
[381,137] 1 [382,139]
[382,139] 1 [383,142]
[383,142] 1 [384,144]
[384,144] 1 [385,147]
[385,147] 1 [386,151]
[386,151] 1 [387,154]
[387,154] 1 [388,158]
[388,158] 1 [389,160]
[389,160] 1 [390,162]
[390,162] 1 [391,166]
[391,166] 1 [392,168]
[392,168] 1 [393,171]
[393,171] 1 [394,174]
[394,174] 1 [395,177]
[395,177] 1 [396,6]
[396,6] 1 [397,6]
[397,6] 1 [398,6]
[398,6] 1 [399,6]
[399,6] 1 [400,6]
[400,6] 1 [401,6]
[401,6] 1 [402,6]
[402,6] 1 [403,6]
[403,6] 1 [404,6]
[404,6] 1 [405,8]
[405,8] 1 [406,10]
[406,10] 0 [407,12]
[407,12] 2 [408,11]
[408,11] 2 [409,7]
[409,7] 1 [410,9]
[410,9] 1 [411,11]
[411,11] 1 [412,14]
[412,14] 1 [413,17]
[413,17] 1 [414,19]
[414,19] 2 [415,15]
[415,15] 2 [416,11]
[416,11] 0 [417,10]
[417,10] 2 [418,6]
[418,6] 1 [419,8]
[419,8] 1 [420,10]
[420,10] 1 [421,14]
[421,14] 1 [422,16]
[422,16] 2 [423,12]
[423,12] 1 [424,15]
[424,15] 1 [425,17]
[425,17] 1 [426,19]
[426,19] 1 [427,22]
[427,22] 1 [428,25]
[428,25] 1 [429,27]
[429,27] 1 [430,29]
[430,29] 1 [431,31]
[431,31] 1 [432,35]
[432,35] 1 [433,37]
[433,37] 1 [434,41]
[434,41] 1 [435,43]
[435,43] 1 [436,47]
[436,47] 1 [437,49]
[437,49] 1 [438,52]
[438,52] 1 [439,54]
[439,54] 1 [440,58]
[440,58] 1 [441,62]
[441,62] 1 [442,66]
[442,66] 1 [443,70]
[443,70] 1 [444,73]
[444,73] 1 [445,75]
[445,75] 1 [446,77]
[446,77] 1 [447,81]
[447,81] 1 [448,85]
[448,85] 1 [449,89]
[449,89] 1 [450,92]
[450,92] 1 [451,94]
[451,94] 1 [452,96]
[452,96] 1 [453,98]
[453,98] 1 [454,102]
[454,102] 1 [455,106]
[455,106] 1 [456,110]
[456,110] 2 [457,106]
[457,106] 1 [458,108]
[458,108] 2 [459,104]
[459,104] 1 [460,106]
[460,106] 1 [461,108]
[461,108] 1 [462,110]
[462,110] 1 [463,112]
[463,112] 1 [464,114]
[464,114] 1 [465,116]
[465,116] 1 [466,119]
[466,119] 1 [467,122]
[467,122] 1 [468,126]
[468,126] 1 [469,129]
[469,129] 1 [470,131]
[470,131] 1 [471,134]
[471,134] 1 [472,136]
[472,136] 1 [473,138]
[473,138] 1 [474,142]
[474,142] 1 [475,145]
[475,145] 1 [476,148]
[476,148] 1 [477,152]
[477,152] 1 [478,154]
[478,154] 1 [479,156]
[479,156] 1 [480,159]
[480,159] 1 [481,162]
[481,162] 1 [482,165]
[482,165] 1 [483,169]
[483,169] 1 [484,172]
[484,172] 1 [485,176]
[485,176] 1 [486,6]
[486,6] 1 [487,6]
[487,6] 1 [488,6]
[488,6] 1 [489,6]
[489,6] 1 [490,6]
[490,6] 1 [491,6]
[491,6] 1 [492,6]
[492,6] 1 [493,6]
[493,6] 1 [494,6]
[494,6] 1 [495,6]
[495,6] 1 [496,6]
[496,6] 0 [497,6]
[497,6] 1 [498,10]
[498,10] 1 [499,13]
[499,13] 1 [500,15]
[500,15] 2 [501,12]
[501,12] 1 [502,14]
[502,14] 1 [503,18]
[503,18] 1 [504,22]
[504,22] 1 [505,24]
[505,24] 1 [506,27]
[506,27] 2 [507,23]
[507,23] 2 [508,19]
[508,19] 1 [509,23]
[509,23] 1 [510,27]
[510,27] 1 [511,30]
[511,30] 1 [512,34]
[512,34] 1 [513,37]
[513,37] 1 [514,39]
[514,39] 1 [515,42]
[515,42] 1 [516,44]
[516,44] 1 [517,48]
[517,48] 1 [518,51]
[518,51] 1 [519,54]
[519,54] 1 [520,57]
[520,57] 1 [521,59]
[521,59] 1 [522,63]
[522,63] 1 [523,65]
[523,65] 1 [524,69]
[524,69] 1 [525,71]
[525,71] 1 [526,73]
[526,73] 1 [527,76]
[527,76] 1 [528,79]
[528,79] 1 [529,82]
[529,82] 1 [530,84]
[530,84] 1 [531,88]
[531,88] 1 [532,91]
[532,91] 1 [533,95]
[533,95] 1 [534,98]
[534,98] 1 [535,101]
[535,101] 1 [536,103]
[536,103] 1 [537,106]
[537,106] 1 [538,110]
[538,110] 1 [539,113]
[539,113] 1 [540,116]
[540,116] 1 [541,120]
[541,120] 1 [542,122]
[542,122] 1 [543,124]
[543,124] 1 [544,126]
[544,126] 1 [545,129]
[545,129] 1 [546,133]
[546,133] 1 [547,136]
[547,136] 1 [548,138]
[548,138] 1 [549,141]
[549,141] 1 [550,145]
[550,145] 1 [551,147]
[551,147] 1 [552,151]
[552,151] 1 [553,155]
[553,155] 1 [554,157]
[554,157] 1 [555,160]
[555,160] 1 [556,162]
[556,162] 1 [557,166]
[557,166] 1 [558,169]
[558,169] 1 [559,173]
[559,173] 1 [560,176]
[560,176] 1 [561,6]
[561,6] 1 [562,6]
[562,6] 1 [563,6]
[563,6] 1 [564,6]
[564,6] 1 [565,6]
[565,6] 1 [566,6]
[566,6] 1 [567,6]
[567,6] 1 [568,6]
[568,6] 1 [569,6]
[569,6] 0 [570,6]
[570,6] 1 [571,6]
[571,6] 1 [572,10]
[572,10] 1 [573,12]
[573,12] 1 [574,15]
[574,15] 1 [575,19]
[575,19] 1 [576,23]
[576,23] 1 [577,25]
[577,25] 1 [578,29]
[578,29] 1 [579,31]
[579,31] 1 [580,35]
[580,35] 1 [581,39]
[581,39] 1 [582,42]
[582,42] 1 [583,45]
[583,45] 1 [584,49]
[584,49] 1 [585,51]
[585,51] 1 [586,54]
[586,54] 1 [587,58]
[587,58] 1 [588,62]
[588,62] 1 [589,66]
[589,66] 1 [590,69]
[590,69] 1 [591,72]
[591,72] 1 [592,75]
[592,75] 1 [593,79]
[593,79] 1 [594,82]
[594,82] 1 [595,86]
[595,86] 1 [596,88]
[596,88] 1 [597,92]
[597,92] 1 [598,94]
[598,94] 1 [599,98]
[599,98] 1 [600,102]
[600,102] 1 [601,105]
[601,105] 1 [602,109]
[602,109] 1 [603,113]
[603,113] 1 [604,117]
[604,117] 1 [605,119]
[605,119] 1 [606,122]
[606,122] 1 [607,126]
[607,126] 1 [608,130]
[608,130] 1 [609,132]
[609,132] 1 [610,134]
[610,134] 1 [611,138]
[611,138] 1 [612,142]
[612,142] 1 [613,144]
[613,144] 1 [614,146]
[614,146] 1 [615,149]
[615,149] 1 [616,151]
[616,151] 1 [617,154]
[617,154] 1 [618,158]
[618,158] 1 [619,161]
[619,161] 1 [620,163]
[620,163] 1 [621,165]
[621,165] 1 [622,169]
[622,169] 1 [623,173]
[623,173] 1 [624,177]
[624,177] 1 [625,6]
[625,6] 1 [626,6]
[626,6] 1 [627,6]
[627,6] 1 [628,6]
[628,6] 1 [629,6]
[629,6] 1 [630,6]
[630,6] 1 [631,6]
[631,6] 1 [632,6]
[632,6] 1 [633,6]
[633,6] 0 [634,6]
[634,6] 1 [635,9]
[635,9] 1 [636,12]
[636,12] 1 [637,15]
[637,15] 2 [638,12]
[638,12] 2 [639,9]
[639,9] 1 [640,11]
[640,11] 2 [641,9]
[641,9] 1 [642,10]
[642,10] 1 [643,13]
[643,13] 1 [644,16]
[644,16] 1 [645,19]
[645,19] 1 [646,21]
[646,21] 1 [647,25]
[647,25] 1 [648,27]
[648,27] 1 [649,29]
[649,29] 1 [650,31]
[650,31] 1 [651,35]
[651,35] 1 [652,38]
[652,38] 1 [653,42]
[653,42] 1 [654,44]
[654,44] 1 [655,46]
[655,46] 1 [656,48]
[656,48] 1 [657,51]
[657,51] 1 [658,53]
[658,53] 1 [659,57]
[659,57] 1 [660,61]
[660,61] 1 [661,64]
[661,64] 1 [662,67]
[662,67] 1 [663,69]
[663,69] 1 [664,73]
[664,73] 1 [665,75]
[665,75] 1 [666,77]
[666,77] 1 [667,81]
[667,81] 1 [668,84]
[668,84] 1 [669,87]
[669,87] 1 [670,90]
[670,90] 1 [671,94]
[671,94] 1 [672,96]
[672,96] 1 [673,99]
[673,99] 1 [674,102]
[674,102] 1 [675,104]
[675,104] 1 [676,107]
[676,107] 1 [677,109]
[677,109] 1 [678,112]
[678,112] 1 [679,114]
[679,114] 1 [680,116]
[680,116] 1 [681,119]
[681,119] 1 [682,122]
[682,122] 1 [683,124]
[683,124] 1 [684,128]
[684,128] 1 [685,131]
[685,131] 1 [686,134]
[686,134] 1 [687,136]
[687,136] 1 [688,139]
[688,139] 1 [689,141]
[689,141] 1 [690,143]
[690,143] 1 [691,146]
[691,146] 1 [692,150]
[692,150] 1 [693,152]
[693,152] 1 [694,154]
[694,154] 1 [695,156]
[695,156] 1 [696,159]
[696,159] 1 [697,161]
[697,161] 1 [698,163]
[698,163] 1 [699,165]
[699,165] 1 [700,169]
[700,169] 1 [701,171]
[701,171] 1 [702,175]
[702,175] 1 [703,6]
[703,6] 1 [704,6]
[704,6] 1 [705,6]
[705,6] 1 [706,6]
[706,6] 1 [707,6]
[707,6] 1 [708,6]
[708,6] 1 [709,6]
[709,6] 1 [710,6]
[710,6] 1 [711,6]
[711,6] 0 [712,6]
[712,6] 1 [713,8]
[713,8] 1 [714,10]
[714,10] 1 [715,12]
[715,12] 1 [716,15]
[716,15] 1 [717,17]
[717,17] 2 [718,13]
[718,13] 1 [719,17]
[719,17] 1 [720,20]
[720,20] 1 [721,24]
[721,24] 1 [722,28]
[722,28] 1 [723,30]
[723,30] 1 [724,33]
[724,33] 1 [725,36]
[725,36] 1 [726,38]
[726,38] 1 [727,41]
[727,41] 1 [728,44]
[728,44] 1 [729,47]
[729,47] 1 [730,50]
[730,50] 1 [731,52]
[731,52] 1 [732,56]
[732,56] 1 [733,59]
[733,59] 1 [734,61]
[734,61] 1 [735,64]
[735,64] 1 [736,67]
[736,67] 1 [737,70]
[737,70] 1 [738,74]
[738,74] 1 [739,77]
[739,77] 1 [740,80]
[740,80] 1 [741,84]
[741,84] 1 [742,87]
[742,87] 1 [743,91]
[743,91] 1 [744,93]
[744,93] 1 [745,97]
[745,97] 1 [746,100]
[746,100] 1 [747,104]
[747,104] 1 [748,106]
[748,106] 1 [749,108]
[749,108] 1 [750,112]
[750,112] 1 [751,114]
[751,114] 1 [752,118]
[752,118] 1 [753,120]
[753,120] 1 [754,124]
[754,124] 1 [755,127]
[755,127] 1 [756,131]
[756,131] 1 [757,133]
[757,133] 1 [758,137]
[758,137] 1 [759,141]
[759,141] 1 [760,143]
[760,143] 1 [761,145]
[761,145] 1 [762,147]
[762,147] 1 [763,151]
[763,151] 1 [764,155]
[764,155] 1 [765,157]
[765,157] 1 [766,160]
[766,160] 1 [767,162]
[767,162] 1 [768,166]
[768,166] 1 [769,169]
[769,169] 1 [770,172]
[770,172] 1 [771,174]
[771,174] 1 [772,176]
[772,176] 1 [773,6]
[773,6] 1 [774,6]
[774,6] 1 [775,6]
[775,6] 1 [776,6]
[776,6] 1 [777,6]
[777,6] 1 [778,6]
[778,6] 1 [779,6]
[779,6] 1 [780,6]
[780,6] 1 [781,6]
[781,6] 1 [782,9]
[782,9] 1 [783,11]
[783,11] 1 [784,14]
[784,14] 1 [785,18]
[785,18] 1 [786,20]
[786,20] 1 [787,24]
[787,24] 1 [788,27]
[788,27] 1 [789,31]
[789,31] 1 [790,35]
[790,35] 1 [791,37]
[791,37] 1 [792,39]
[792,39] 1 [793,41]
[793,41] 1 [794,45]
[794,45] 1 [795,49]
[795,49] 1 [796,51]
[796,51] 1 [797,55]
[797,55] 1 [798,58]
[798,58] 1 [799,62]
[799,62] 1 [800,64]
[800,64] 1 [801,66]
[801,66] 1 [802,70]
[802,70] 1 [803,73]
[803,73] 1 [804,76]
[804,76] 1 [805,78]
[805,78] 1 [806,82]
[806,82] 1 [807,84]
[807,84] 1 [808,86]
[808,86] 1 [809,90]
[809,90] 1 [810,93]
[810,93] 1 [811,97]
[811,97] 1 [812,100]
[812,100] 1 [813,103]
[813,103] 1 [814,105]
[814,105] 1 [815,108]
[815,108] 1 [816,112]
[816,112] 1 [817,116]
[817,116] 1 [818,118]
[818,118] 1 [819,120]
[819,120] 1 [820,122]
[820,122] 1 [821,126]
[821,126] 1 [822,128]
[822,128] 1 [823,132]
[823,132] 1 [824,136]
[824,136] 1 [825,138]
[825,138] 1 [826,142]
[826,142] 1 [827,146]
[827,146] 1 [828,148]
[828,148] 1 [829,150]
[829,150] 1 [830,154]
[830,154] 1 [831,156]
[831,156] 1 [832,159]
[832,159] 1 [833,161]
[833,161] 1 [834,165]
[834,165] 1 [835,168]
[835,168] 1 [836,170]
[836,170] 1 [837,173]
[837,173] 1 [838,177]
[838,177] 1 [839,6]
[839,6] 1 [840,6]
[840,6] 1 [841,6]
[841,6] 1 [842,6]
[842,6] 1 [843,6]
[843,6] 1 [844,6]
[844,6] 1 [845,6]
[845,6] 1 [846,6]
[846,6] 1 [847,6]
[847,6] 1 [848,7]
[848,7] 1 [849,10]
[849,10] 1 [850,14]
[850,14] 1 [851,17]
[851,17] 2 [852,17]
[852,17] 2 [853,14]
[853,14] 2 [854,11]
[854,11] 1 [855,9]
[855,9] 1 [856,10]
[856,10] 1 [857,13]
[857,13] 1 [858,15]
[858,15] 1 [859,18]
[859,18] 1 [860,21]
[860,21] 1 [861,25]
[861,25] 1 [862,28]
[862,28] 1 [863,30]
[863,30] 1 [864,33]
[864,33] 1 [865,37]
[865,37] 2 [866,35]
[866,35] 0 [867,34]
[867,34] 1 [868,36]
[868,36] 1 [869,39]
[869,39] 1 [870,41]
[870,41] 1 [871,44]
[871,44] 1 [872,46]
[872,46] 1 [873,48]
[873,48] 1 [874,52]
[874,52] 1 [875,54]
[875,54] 1 [876,58]
[876,58] 1 [877,61]
[877,61] 1 [878,64]
[878,64] 1 [879,68]
[879,68] 1 [880,70]
[880,70] 1 [881,72]
[881,72] 1 [882,76]
[882,76] 1 [883,80]
[883,80] 1 [884,84]
[884,84] 1 [885,87]
[885,87] 1 [886,91]
[886,91] 1 [887,95]
[887,95] 1 [888,97]
[888,97] 1 [889,99]
[889,99] 1 [890,101]
[890,101] 1 [891,103]
[891,103] 1 [892,107]
[892,107] 1 [893,111]
[893,111] 1 [894,113]
[894,113] 1 [895,117]
[895,117] 1 [896,120]
[896,120] 1 [897,122]
[897,122] 1 [898,124]
[898,124] 1 [899,126]
[899,126] 1 [900,128]
[900,128] 1 [901,130]
[901,130] 1 [902,133]
[902,133] 1 [903,136]
[903,136] 1 [904,140]
[904,140] 1 [905,144]
[905,144] 1 [906,146]
[906,146] 1 [907,150]
[907,150] 1 [908,153]
[908,153] 1 [909,155]
[909,155] 1 [910,157]
[910,157] 1 [911,159]
[911,159] 1 [912,163]
[912,163] 1 [913,165]
[913,165] 1 [914,167]
[914,167] 1 [915,169]
[915,169] 1 [916,173]
[916,173] 1 [917,176]
[917,176] 1 [918,6]
[918,6] 1 [919,6]
[919,6] 1 [920,6]
[920,6] 1 [921,6]
[921,6] 1 [922,6]
[922,6] 1 [923,6]
[923,6] 1 [924,6]
[924,6] 1 [925,6]
[925,6] 1 [926,6]
[926,6] 1 [927,6]
[927,6] 1 [928,6]
[928,6] 1 [929,7]
[929,7] 1 [930,11]
[930,11] 2 [931,8]
[931,8] 1 [932,10]
[932,10] 1 [933,12]
[933,12] 1 [934,14]
[934,14] 1 [935,18]
[935,18] 1 [936,21]
[936,21] 1 [937,24]
[937,24] 1 [938,26]
[938,26] 1 [939,30]
[939,30] 1 [940,34]
[940,34] 1 [941,36]
[941,36] 1 [942,40]
[942,40] 1 [943,42]
[943,42] 0 [944,42]
[944,42] 1 [945,46]
[945,46] 1 [946,50]
[946,50] 1 [947,54]
[947,54] 1 [948,58]
[948,58] 1 [949,61]
[949,61] 1 [950,63]
[950,63] 1 [951,67]
[951,67] 1 [952,71]
[952,71] 1 [953,73]
[953,73] 1 [954,77]
[954,77] 1 [955,81]
[955,81] 1 [956,84]
[956,84] 1 [957,87]
[957,87] 1 [958,91]
[958,91] 1 [959,93]
[959,93] 1 [960,96]
[960,96] 1 [961,98]
[961,98] 1 [962,102]
[962,102] 1 [963,104]
[963,104] 1 [964,106]
[964,106] 1 [965,108]
[965,108] 1 [966,111]
[966,111] 1 [967,114]
[967,114] 1 [968,117]
[968,117] 1 [969,121]
[969,121] 1 [970,125]
[970,125] 1 [971,129]
[971,129] 1 [972,132]
[972,132] 1 [973,135]
[973,135] 1 [974,139]
[974,139] 1 [975,142]
[975,142] 1 [976,144]
[976,144] 1 [977,148]
[977,148] 1 [978,150]
[978,150] 1 [979,152]
[979,152] 1 [980,154]
[980,154] 1 [981,158]
[981,158] 1 [982,161]
[982,161] 1 [983,163]
[983,163] 1 [984,167]
[984,167] 1 [985,170]
[985,170] 1 [986,174]
[986,174] 1 [987,176]
[987,176] 1 [988,6]
[988,6] 1 [989,6]
[989,6] 1 [990,6]
[990,6] 1 [991,6]
[991,6] 1 [992,6]
[992,6] 1 [993,6]
[993,6] 1 [994,6]
[994,6] 1 [995,6]
[995,6] 1 [996,6]
[996,6] 1 [997,6]
[997,6] 1 [998,7]
[998,7] 0 [999,7]
[999,7] 1 [1000,10]
[1000,10] 2 [1001,6]
[1001,6] 1 [1002,8]
[1002,8] 1 [1003,10]
[1003,10] 1 [1004,12]
[1004,12] 1 [1005,15]
[1005,15] 2 [1006,12]
[1006,12] 2 [1007,8]
[1007,8] 2 [1008,6]
[1008,6] 1 [1009,8]
[1009,8] 1 [1010,11]
[1010,11] 2 [1011,8]
[1011,8] 2 [1012,6]
[1012,6] 1 [1013,8]
[1013,8] 1 [1014,11]
[1014,11] 2 [1015,8]
[1015,8] 1 [1016,10]
[1016,10] 1 [1017,12]
[1017,12] 2 [1018,10]
[1018,10] 1 [1019,12]
[1019,12] 2 [1020,12]
[1020,12] 0 [1021,11]
[1021,11] 2 [1022,8]
[1022,8] 1 [1023,6]
[1023,6] 1 [1024,9]
[1024,9] 1 [1025,12]
[1025,12] 1 [1026,15]
[1026,15] 1 [1027,18]
[1027,18] 1 [1028,22]
[1028,22] 1 [1029,24]
[1029,24] 1 [1030,26]
[1030,26] 1 [1031,28]
[1031,28] 1 [1032,31]
[1032,31] 1 [1033,35]
[1033,35] 1 [1034,38]
[1034,38] 1 [1035,41]
[1035,41] 1 [1036,45]
[1036,45] 1 [1037,49]
[1037,49] 1 [1038,53]
[1038,53] 1 [1039,57]
[1039,57] 1 [1040,59]
[1040,59] 1 [1041,61]
[1041,61] 1 [1042,63]
[1042,63] 1 [1043,66]
[1043,66] 1 [1044,69]
[1044,69] 1 [1045,73]
[1045,73] 1 [1046,76]
[1046,76] 1 [1047,78]
[1047,78] 1 [1048,82]
[1048,82] 1 [1049,84]
[1049,84] 1 [1050,87]
[1050,87] 1 [1051,91]
[1051,91] 1 [1052,95]
[1052,95] 1 [1053,99]
[1053,99] 1 [1054,102]
[1054,102] 1 [1055,106]
[1055,106] 1 [1056,109]
[1056,109] 1 [1057,112]
[1057,112] 1 [1058,116]
[1058,116] 1 [1059,119]
[1059,119] 1 [1060,122]
[1060,122] 1 [1061,126]
[1061,126] 1 [1062,128]
[1062,128] 1 [1063,130]
[1063,130] 1 [1064,133]
[1064,133] 1 [1065,135]
[1065,135] 1 [1066,138]
[1066,138] 1 [1067,140]
[1067,140] 1 [1068,143]
[1068,143] 1 [1069,146]
[1069,146] 1 [1070,148]
[1070,148] 1 [1071,152]
[1071,152] 1 [1072,156]
[1072,156] 1 [1073,158]
[1073,158] 1 [1074,161]
[1074,161] 1 [1075,163]
[1075,163] 1 [1076,167]
[1076,167] 1 [1077,170]
[1077,170] 1 [1078,173]
[1078,173] 1 [1079,175]
[1079,175] 1 [1080,6]
[1080,6] 1 [1081,6]
[1081,6] 1 [1082,6]
[1082,6] 1 [1083,6]
[1083,6] 1 [1084,6]
[1084,6] 1 [1085,6]
[1085,6] 1 [1086,6]
[1086,6] 1 [1087,6]
[1087,6] 1 [1088,6]
[1088,6] 1 [1089,6]
[1089,6] 1 [1090,8]
[1090,8] 1 [1091,10]
[1091,10] 1 [1092,13]
[1092,13] 1 [1093,15]
[1093,15] 2 [1094,11]
[1094,11] 1 [1095,13]
[1095,13] 1 [1096,16]
[1096,16] 2 [1097,13]
[1097,13] 2 [1098,9]
[1098,9] 2 [1099,7]
[1099,7] 1 [1100,7]
[1100,7] 1 [1101,11]
[1101,11] 1 [1102,15]
[1102,15] 1 [1103,17]
[1103,17] 1 [1104,19]
[1104,19] 1 [1105,22]
[1105,22] 1 [1106,25]
[1106,25] 1 [1107,28]
[1107,28] 1 [1108,31]
[1108,31] 1 [1109,35]
[1109,35] 1 [1110,37]
[1110,37] 1 [1111,41]
[1111,41] 1 [1112,44]
[1112,44] 1 [1113,48]
[1113,48] 1 [1114,50]
[1114,50] 1 [1115,53]
[1115,53] 1 [1116,57]
[1116,57] 1 [1117,61]
[1117,61] 1 [1118,64]
[1118,64] 1 [1119,67]
[1119,67] 1 [1120,70]
[1120,70] 1 [1121,73]
[1121,73] 1 [1122,75]
[1122,75] 1 [1123,79]
[1123,79] 1 [1124,82]
[1124,82] 1 [1125,85]
[1125,85] 1 [1126,87]
[1126,87] 1 [1127,90]
[1127,90] 1 [1128,92]
[1128,92] 1 [1129,96]
[1129,96] 1 [1130,99]
[1130,99] 1 [1131,102]
[1131,102] 1 [1132,104]
[1132,104] 1 [1133,106]
[1133,106] 1 [1134,109]
[1134,109] 1 [1135,113]
[1135,113] 1 [1136,116]
[1136,116] 1 [1137,119]
[1137,119] 1 [1138,122]
[1138,122] 1 [1139,124]
[1139,124] 1 [1140,127]
[1140,127] 1 [1141,130]
[1141,130] 1 [1142,133]
[1142,133] 1 [1143,136]
[1143,136] 1 [1144,140]
[1144,140] 1 [1145,142]
[1145,142] 1 [1146,145]
[1146,145] 1 [1147,148]
[1147,148] 1 [1148,151]
[1148,151] 1 [1149,154]
[1149,154] 1 [1150,157]
[1150,157] 1 [1151,159]
[1151,159] 1 [1152,162]
[1152,162] 1 [1153,165]
[1153,165] 1 [1154,167]
[1154,167] 1 [1155,170]
[1155,170] 1 [1156,173]
[1156,173] 1 [1157,175]
[1157,175] 1 [1158,6]
[1158,6] 1 [1159,6]
[1159,6] 1 [1160,6]
[1160,6] 1 [1161,6]
[1161,6] 1 [1162,6]
[1162,6] 1 [1163,6]
[1163,6] 1 [1164,6]
[1164,6] 1 [1165,6]
[1165,6] 1 [1166,6]
[1166,6] 1 [1167,6]
[1167,6] 1 [1168,6]
[1168,6] 1 [1169,6]
[1169,6] 1 [1170,8]
[1170,8] 2 [1171,7]
[1171,7] 0 [1172,7]
[1172,7] 1 [1173,8]
[1173,8] 1 [1174,11]
[1174,11] 2 [1175,9]
[1175,9] 1 [1176,11]
[1176,11] 1 [1177,15]
[1177,15] 2 [1178,11]
[1178,11] 1 [1179,9]
[1179,9] 1 [1180,11]
[1180,11] 2 [1181,7]
[1181,7] 1 [1182,9]
[1182,9] 1 [1183,13]
[1183,13] 1 [1184,17]
[1184,17] 1 [1185,20]
[1185,20] 2 [1186,16]
[1186,16] 2 [1187,12]
[1187,12] 2 [1188,8]
[1188,8] 1 [1189,10]
[1189,10] 1 [1190,14]
[1190,14] 1 [1191,17]
[1191,17] 2 [1192,13]
[1192,13] 1 [1193,14]
[1193,14] 1 [1194,18]
[1194,18] 1 [1195,20]
[1195,20] 1 [1196,22]
[1196,22] 1 [1197,25]
[1197,25] 1 [1198,28]
[1198,28] 2 [1199,24]
[1199,24] 1 [1200,26]
[1200,26] 1 [1201,28]
[1201,28] 1 [1202,30]
[1202,30] 1 [1203,33]
[1203,33] 1 [1204,37]
[1204,37] 1 [1205,40]
[1205,40] 1 [1206,43]
[1206,43] 1 [1207,46]
[1207,46] 1 [1208,49]
[1208,49] 1 [1209,52]
[1209,52] 1 [1210,55]
[1210,55] 1 [1211,59]
[1211,59] 1 [1212,61]
[1212,61] 1 [1213,64]
[1213,64] 1 [1214,66]
[1214,66] 1 [1215,68]
[1215,68] 1 [1216,72]
[1216,72] 1 [1217,74]
[1217,74] 1 [1218,77]
[1218,77] 1 [1219,79]
[1219,79] 1 [1220,83]
[1220,83] 1 [1221,85]
[1221,85] 1 [1222,88]
[1222,88] 1 [1223,91]
[1223,91] 1 [1224,93]
[1224,93] 1 [1225,97]
[1225,97] 1 [1226,101]
[1226,101] 1 [1227,103]
[1227,103] 1 [1228,105]
[1228,105] 1 [1229,108]
[1229,108] 1 [1230,110]
[1230,110] 1 [1231,112]
[1231,112] 1 [1232,116]
[1232,116] 2 [1233,112]
[1233,112] 2 [1234,108]
[1234,108] 1 [1235,111]
[1235,111] 1 [1236,113]
[1236,113] 1 [1237,116]
[1237,116] 1 [1238,120]
[1238,120] 1 [1239,124]
[1239,124] 1 [1240,128]
[1240,128] 1 [1241,131]
[1241,131] 1 [1242,133]
[1242,133] 1 [1243,137]
[1243,137] 1 [1244,141]
[1244,141] 1 [1245,144]
[1245,144] 1 [1246,148]
[1246,148] 1 [1247,150]
[1247,150] 1 [1248,152]
[1248,152] 1 [1249,156]
[1249,156] 1 [1250,159]
[1250,159] 1 [1251,161]
[1251,161] 1 [1252,164]
[1252,164] 1 [1253,168]
[1253,168] 1 [1254,171]
[1254,171] 1 [1255,173]
[1255,173] 1 [1256,176]
[1256,176] 1 [1257,6]
[1257,6] 1 [1258,6]
[1258,6] 1 [1259,6]
[1259,6] 1 [1260,6]
[1260,6] 1 [1261,6]
[1261,6] 1 [1262,6]
[1262,6] 1 [1263,6]
[1263,6] 1 [1264,6]
[1264,6] 1 [1265,6]
[1265,6] 1 [1266,9]
[1266,9] 1 [1267,13]
[1267,13] 1 [1268,15]
[1268,15] 1 [1269,19]
[1269,19] 1 [1270,21]
[1270,21] 1 [1271,25]
[1271,25] 1 [1272,29]
[1272,29] 1 [1273,31]
[1273,31] 1 [1274,34]
[1274,34] 1 [1275,36]
[1275,36] 1 [1276,40]
[1276,40] 1 [1277,43]
[1277,43] 1 [1278,47]
[1278,47] 1 [1279,49]
[1279,49] 1 [1280,51]
[1280,51] 1 [1281,54]
[1281,54] 1 [1282,56]
[1282,56] 1 [1283,60]
[1283,60] 1 [1284,64]
[1284,64] 1 [1285,68]
[1285,68] 1 [1286,71]
[1286,71] 1 [1287,75]
[1287,75] 1 [1288,78]
[1288,78] 1 [1289,81]
[1289,81] 1 [1290,84]
[1290,84] 1 [1291,88]
[1291,88] 1 [1292,92]
[1292,92] 1 [1293,96]
[1293,96] 1 [1294,98]
[1294,98] 1 [1295,101]
[1295,101] 1 [1296,105]
[1296,105] 1 [1297,109]
[1297,109] 1 [1298,113]
[1298,113] 1 [1299,116]
[1299,116] 1 [1300,120]
[1300,120] 1 [1301,122]
[1301,122] 1 [1302,125]
[1302,125] 1 [1303,129]
[1303,129] 1 [1304,131]
[1304,131] 1 [1305,135]
[1305,135] 1 [1306,138]
[1306,138] 1 [1307,140]
[1307,140] 1 [1308,143]
[1308,143] 1 [1309,147]
[1309,147] 1 [1310,150]
[1310,150] 1 [1311,152]
[1311,152] 1 [1312,154]
[1312,154] 1 [1313,158]
[1313,158] 1 [1314,162]
[1314,162] 1 [1315,165]
[1315,165] 1 [1316,167]
[1316,167] 1 [1317,170]
[1317,170] 1 [1318,172]
[1318,172] 1 [1319,175]
[1319,175] 1 [1320,177]
[1320,177] 1 [1321,6]
[1321,6] 1 [1322,6]
[1322,6] 1 [1323,6]
[1323,6] 1 [1324,6]
[1324,6] 1 [1325,6]
[1325,6] 1 [1326,6]
[1326,6] 1 [1327,6]
[1327,6] 1 [1328,6]
[1328,6] 1 [1329,6]
[1329,6] 0 [1330,6]
[1330,6] 1 [1331,9]
[1331,9] 1 [1332,11]
[1332,11] 1 [1333,13]
[1333,13] 1 [1334,15]
[1334,15] 2 [1335,11]
[1335,11] 1 [1336,15]
[1336,15] 2 [1337,12]
[1337,12] 1 [1338,14]
[1338,14] 1 [1339,17]
[1339,17] 1 [1340,19]
[1340,19] 1 [1341,22]
[1341,22] 1 [1342,25]
[1342,25] 1 [1343,28]
[1343,28] 1 [1344,31]
[1344,31] 1 [1345,33]
[1345,33] 1 [1346,37]
[1346,37] 1 [1347,41]
[1347,41] 1 [1348,43]
[1348,43] 1 [1349,45]
[1349,45] 2 [1350,43]
[1350,43] 1 [1351,46]
[1351,46] 1 [1352,50]
[1352,50] 2 [1353,46]
[1353,46] 1 [1354,46]
[1354,46] 1 [1355,48]
[1355,48] 1 [1356,50]
[1356,50] 1 [1357,52]
[1357,52] 2 [1358,50]
[1358,50] 1 [1359,52]
[1359,52] 1 [1360,54]
[1360,54] 1 [1361,58]
[1361,58] 1 [1362,62]
[1362,62] 1 [1363,64]
[1363,64] 1 [1364,67]
[1364,67] 1 [1365,69]
[1365,69] 1 [1366,72]
[1366,72] 1 [1367,76]
[1367,76] 1 [1368,79]
[1368,79] 1 [1369,82]
[1369,82] 1 [1370,85]
[1370,85] 1 [1371,88]
[1371,88] 1 [1372,92]
[1372,92] 1 [1373,94]
[1373,94] 1 [1374,96]
[1374,96] 1 [1375,100]
[1375,100] 1 [1376,102]
[1376,102] 1 [1377,104]
[1377,104] 1 [1378,107]
[1378,107] 1 [1379,110]
[1379,110] 1 [1380,112]
[1380,112] 1 [1381,116]
[1381,116] 1 [1382,118]
[1382,118] 1 [1383,121]
[1383,121] 1 [1384,124]
[1384,124] 1 [1385,127]
[1385,127] 1 [1386,130]
[1386,130] 1 [1387,133]
[1387,133] 1 [1388,135]
[1388,135] 1 [1389,137]
[1389,137] 1 [1390,140]
[1390,140] 1 [1391,144]
[1391,144] 1 [1392,146]
[1392,146] 1 [1393,150]
[1393,150] 1 [1394,153]
[1394,153] 1 [1395,156]
[1395,156] 1 [1396,159]
[1396,159] 1 [1397,162]
[1397,162] 1 [1398,166]
[1398,166] 1 [1399,170]
[1399,170] 1 [1400,172]
[1400,172] 1 [1401,176]
[1401,176] 1 [1402,6]
[1402,6] 1 [1403,6]
[1403,6] 1 [1404,6]
[1404,6] 1 [1405,6]
[1405,6] 1 [1406,6]
[1406,6] 1 [1407,6]
[1407,6] 1 [1408,6]
[1408,6] 1 [1409,6]
[1409,6] 1 [1410,6]
[1410,6] 1 [1411,6]
[1411,6] 1 [1412,6]
[1412,6] 1 [1413,9]
[1413,9] 2 [1414,7]
[1414,7] 1 [1415,11]
[1415,11] 2 [1416,8]
[1416,8] 1 [1417,10]
[1417,10] 1 [1418,12]
[1418,12] 1 [1419,14]
[1419,14] 2 [1420,11]
[1420,11] 2 [1421,7]
[1421,7] 1 [1422,9]
[1422,9] 1 [1423,13]
[1423,13] 2 [1424,12]
[1424,12] 2 [1425,9]
[1425,9] 1 [1426,12]
[1426,12] 2 [1427,8]
[1427,8] 2 [1428,6]
[1428,6] 1 [1429,10]
[1429,10] 1 [1430,12]
[1430,12] 2 [1431,8]
[1431,8] 1 [1432,8]
[1432,8] 2 [1433,8]
[1433,8] 0 [1434,7]
[1434,7] 1 [1435,7]
[1435,7] 0 [1436,7]
[1436,7] 1 [1437,11]
[1437,11] 2 [1438,7]
[1438,7] 1 [1439,11]
[1439,11] 1 [1440,15]
[1440,15] 1 [1441,17]
[1441,17] 1 [1442,19]
[1442,19] 1 [1443,23]
[1443,23] 1 [1444,27]
[1444,27] 1 [1445,30]
[1445,30] 1 [1446,32]
[1446,32] 1 [1447,34]
[1447,34] 1 [1448,36]
[1448,36] 1 [1449,39]
[1449,39] 1 [1450,42]
[1450,42] 1 [1451,45]
[1451,45] 1 [1452,47]
[1452,47] 1 [1453,50]
[1453,50] 1 [1454,54]
[1454,54] 1 [1455,58]
[1455,58] 1 [1456,60]
[1456,60] 1 [1457,62]
[1457,62] 1 [1458,64]
[1458,64] 1 [1459,67]
[1459,67] 1 [1460,69]
[1460,69] 1 [1461,73]
[1461,73] 1 [1462,76]
[1462,76] 1 [1463,80]
[1463,80] 1 [1464,83]
[1464,83] 1 [1465,85]
[1465,85] 1 [1466,89]
[1466,89] 1 [1467,92]
[1467,92] 1 [1468,94]
[1468,94] 1 [1469,98]
[1469,98] 1 [1470,100]
[1470,100] 1 [1471,104]
[1471,104] 1 [1472,107]
[1472,107] 1 [1473,110]
[1473,110] 1 [1474,113]
[1474,113] 1 [1475,117]
[1475,117] 1 [1476,120]
[1476,120] 1 [1477,122]
[1477,122] 1 [1478,126]
[1478,126] 1 [1479,129]
[1479,129] 1 [1480,131]
[1480,131] 1 [1481,135]
[1481,135] 1 [1482,138]
[1482,138] 1 [1483,142]
[1483,142] 1 [1484,144]
[1484,144] 1 [1485,147]
[1485,147] 1 [1486,149]
[1486,149] 1 [1487,152]
[1487,152] 1 [1488,154]
[1488,154] 1 [1489,158]
[1489,158] 1 [1490,160]
[1490,160] 1 [1491,164]
[1491,164] 1 [1492,166]
[1492,166] 1 [1493,169]
[1493,169] 1 [1494,171]
[1494,171] 1 [1495,175]
[1495,175] 1 [1496,6]
[1496,6] 1 [1497,6]
[1497,6] 1 [1498,6]
[1498,6] 1 [1499,6]
[1499,6] 1 [1500,6]
[1500,6] 1 [1501,6]
[1501,6] 1 [1502,6]
[1502,6] 1 [1503,6]
[1503,6] 1 [1504,6]
[1504,6] 1 [1505,6]
[1505,6] 1 [1506,7]
[1506,7] 0 [1507,7]
[1507,7] 1 [1508,10]
[1508,10] 1 [1509,12]
[1509,12] 1 [1510,15]
[1510,15] 1 [1511,19]
[1511,19] 1 [1512,23]
[1512,23] 1 [1513,25]
[1513,25] 1 [1514,29]
[1514,29] 1 [1515,31]
[1515,31] 1 [1516,34]
[1516,34] 1 [1517,37]
[1517,37] 1 [1518,40]
[1518,40] 1 [1519,42]
[1519,42] 1 [1520,45]
[1520,45] 1 [1521,48]
[1521,48] 1 [1522,50]
[1522,50] 1 [1523,53]
[1523,53] 1 [1524,57]
[1524,57] 1 [1525,60]
[1525,60] 1 [1526,63]
[1526,63] 1 [1527,67]
[1527,67] 1 [1528,70]
[1528,70] 1 [1529,72]
[1529,72] 1 [1530,76]
[1530,76] 1 [1531,80]
[1531,80] 1 [1532,82]
[1532,82] 1 [1533,86]
[1533,86] 1 [1534,88]
[1534,88] 1 [1535,91]
[1535,91] 1 [1536,95]
[1536,95] 1 [1537,98]
[1537,98] 1 [1538,101]
[1538,101] 1 [1539,104]
[1539,104] 1 [1540,108]
[1540,108] 1 [1541,112]
[1541,112] 1 [1542,116]
[1542,116] 1 [1543,120]
[1543,120] 1 [1544,122]
[1544,122] 1 [1545,125]
[1545,125] 1 [1546,127]
[1546,127] 1 [1547,129]
[1547,129] 1 [1548,132]
[1548,132] 1 [1549,134]
[1549,134] 1 [1550,138]
[1550,138] 1 [1551,142]
[1551,142] 1 [1552,144]
[1552,144] 1 [1553,148]
[1553,148] 1 [1554,151]
[1554,151] 1 [1555,153]
[1555,153] 1 [1556,157]
[1556,157] 1 [1557,159]
[1557,159] 1 [1558,162]
[1558,162] 1 [1559,165]
[1559,165] 1 [1560,168]
[1560,168] 1 [1561,172]
[1561,172] 1 [1562,174]
[1562,174] 1 [1563,177]
[1563,177] 1 [1564,6]
[1564,6] 1 [1565,6]
[1565,6] 1 [1566,6]
[1566,6] 1 [1567,6]
[1567,6] 1 [1568,6]
[1568,6] 1 [1569,6]
[1569,6] 1 [1570,6]
[1570,6] 1 [1571,6]
[1571,6] 1 [1572,6]
[1572,6] 1 [1573,6]
[1573,6] 1 [1574,8]
[1574,8] 0 [1575,8]
[1575,8] 1 [1576,10]
[1576,10] 2 [1577,9]
[1577,9] 1 [1578,10]
[1578,10] 1 [1579,13]
[1579,13] 1 [1580,15]
[1580,15] 1 [1581,17]
[1581,17] 1 [1582,20]
[1582,20] 1 [1583,22]
[1583,22] 1 [1584,24]
[1584,24] 1 [1585,28]
[1585,28] 1 [1586,32]
[1586,32] 1 [1587,34]
[1587,34] 1 [1588,38]
[1588,38] 1 [1589,41]
[1589,41] 1 [1590,43]
[1590,43] 1 [1591,46]
[1591,46] 1 [1592,50]
[1592,50] 1 [1593,52]
[1593,52] 1 [1594,56]
[1594,56] 1 [1595,60]
[1595,60] 1 [1596,62]
[1596,62] 1 [1597,65]
[1597,65] 1 [1598,68]
[1598,68] 1 [1599,71]
[1599,71] 1 [1600,74]
[1600,74] 1 [1601,76]
[1601,76] 1 [1602,78]
[1602,78] 1 [1603,82]
[1603,82] 1 [1604,85]
[1604,85] 1 [1605,88]
[1605,88] 1 [1606,92]
[1606,92] 1 [1607,94]
[1607,94] 1 [1608,98]
[1608,98] 1 [1609,102]
[1609,102] 1 [1610,104]
[1610,104] 1 [1611,107]
[1611,107] 1 [1612,110]
[1612,110] 1 [1613,113]
[1613,113] 1 [1614,116]
[1614,116] 1 [1615,120]
[1615,120] 1 [1616,123]
[1616,123] 1 [1617,127]
[1617,127] 1 [1618,131]
[1618,131] 1 [1619,134]
[1619,134] 1 [1620,138]
[1620,138] 1 [1621,140]
[1621,140] 1 [1622,143]
[1622,143] 1 [1623,145]
[1623,145] 1 [1624,148]
[1624,148] 1 [1625,152]
[1625,152] 1 [1626,156]
[1626,156] 1 [1627,160]
[1627,160] 1 [1628,164]
[1628,164] 1 [1629,166]
[1629,166] 1 [1630,170]
[1630,170] 1 [1631,174]
[1631,174] 1 [1632,177]
[1632,177] 1 [1633,6]
[1633,6] 1 [1634,6]
[1634,6] 1 [1635,6]
[1635,6] 1 [1636,6]
[1636,6] 1 [1637,6]
[1637,6] 1 [1638,6]
[1638,6] 1 [1639,6]
[1639,6] 1 [1640,6]
[1640,6] 1 [1641,6]
[1641,6] 1 [1642,7]
[1642,7] 2 [1643,6]
[1643,6] 1 [1644,8]
[1644,8] 1 [1645,12]
[1645,12] 2 [1646,8]
[1646,8] 1 [1647,10]
[1647,10] 1 [1648,12]
[1648,12] 1 [1649,14]
[1649,14] 1 [1650,17]
[1650,17] 1 [1651,19]
[1651,19] 1 [1652,22]
[1652,22] 2 [1653,18]
[1653,18] 1 [1654,20]
[1654,20] 1 [1655,23]
[1655,23] 2 [1656,19]
[1656,19] 2 [1657,16]
[1657,16] 1 [1658,19]
[1658,19] 2 [1659,15]
[1659,15] 2 [1660,11]
[1660,11] 2 [1661,7]
[1661,7] 1 [1662,10]
[1662,10] 1 [1663,12]
[1663,12] 1 [1664,14]
[1664,14] 1 [1665,18]
[1665,18] 1 [1666,22]
[1666,22] 1 [1667,26]
[1667,26] 2 [1668,22]
[1668,22] 1 [1669,22]
[1669,22] 1 [1670,24]
[1670,24] 1 [1671,27]
[1671,27] 1 [1672,31]
[1672,31] 1 [1673,35]
[1673,35] 1 [1674,39]
[1674,39] 1 [1675,42]
[1675,42] 1 [1676,44]
[1676,44] 1 [1677,46]
[1677,46] 1 [1678,48]
[1678,48] 1 [1679,52]
[1679,52] 1 [1680,55]
[1680,55] 1 [1681,58]
[1681,58] 1 [1682,60]
[1682,60] 1 [1683,63]
[1683,63] 1 [1684,66]
[1684,66] 1 [1685,68]
[1685,68] 1 [1686,72]
[1686,72] 1 [1687,74]
[1687,74] 1 [1688,76]
[1688,76] 1 [1689,79]
[1689,79] 1 [1690,81]
[1690,81] 1 [1691,85]
[1691,85] 1 [1692,88]
[1692,88] 1 [1693,91]
[1693,91] 1 [1694,95]
[1694,95] 1 [1695,99]
[1695,99] 1 [1696,103]
[1696,103] 1 [1697,106]
[1697,106] 1 [1698,109]
[1698,109] 1 [1699,112]
[1699,112] 1 [1700,114]
[1700,114] 1 [1701,116]
[1701,116] 1 [1702,118]
[1702,118] 1 [1703,122]
[1703,122] 1 [1704,126]
[1704,126] 1 [1705,128]
[1705,128] 1 [1706,131]
[1706,131] 1 [1707,134]
[1707,134] 1 [1708,136]
[1708,136] 1 [1709,139]
[1709,139] 1 [1710,143]
[1710,143] 1 [1711,146]
[1711,146] 1 [1712,150]
[1712,150] 1 [1713,152]
[1713,152] 1 [1714,156]
[1714,156] 1 [1715,160]
[1715,160] 1 [1716,164]
[1716,164] 1 [1717,168]
[1717,168] 1 [1718,172]
[1718,172] 1 [1719,176]
[1719,176] 1 [1720,6]
[1720,6] 1 [1721,6]
[1721,6] 1 [1722,6]
[1722,6] 1 [1723,6]
[1723,6] 1 [1724,6]
[1724,6] 1 [1725,6]
[1725,6] 1 [1726,6]
[1726,6] 1 [1727,6]
[1727,6] 1 [1728,6]
[1728,6] 1 [1729,6]
[1729,6] 1 [1730,6]
[1730,6] 1 [1731,6]
[1731,6] 0 [1732,7]
[1732,7] 1 [1733,8]
[1733,8] 1 [1734,12]
[1734,12] 2 [1735,8]
[1735,8] 2 [1736,6]
[1736,6] 1 [1737,6]
[1737,6] 1 [1738,8]
[1738,8] 1 [1739,12]
[1739,12] 2 [1740,8]
[1740,8] 1 [1741,9]
[1741,9] 1 [1742,13]
[1742,13] 1 [1743,16]
[1743,16] 1 [1744,18]
[1744,18] 1 [1745,22]
[1745,22] 1 [1746,25]
[1746,25] 1 [1747,27]
[1747,27] 1 [1748,29]
[1748,29] 1 [1749,31]
[1749,31] 1 [1750,35]
[1750,35] 1 [1751,38]
[1751,38] 1 [1752,41]
[1752,41] 1 [1753,45]
[1753,45] 1 [1754,49]
[1754,49] 1 [1755,52]
[1755,52] 1 [1756,56]
[1756,56] 1 [1757,60]
[1757,60] 1 [1758,64]
[1758,64] 1 [1759,66]
[1759,66] 1 [1760,68]
[1760,68] 1 [1761,71]
[1761,71] 1 [1762,73]
[1762,73] 1 [1763,76]
[1763,76] 1 [1764,79]
[1764,79] 1 [1765,81]
[1765,81] 1 [1766,85]
[1766,85] 1 [1767,87]
[1767,87] 1 [1768,91]
[1768,91] 1 [1769,93]
[1769,93] 1 [1770,96]
[1770,96] 1 [1771,98]
[1771,98] 1 [1772,101]
[1772,101] 1 [1773,105]
[1773,105] 1 [1774,109]
[1774,109] 1 [1775,112]
[1775,112] 1 [1776,116]
[1776,116] 1 [1777,120]
[1777,120] 1 [1778,124]
[1778,124] 1 [1779,126]
[1779,126] 1 [1780,130]
[1780,130] 1 [1781,134]
[1781,134] 1 [1782,136]
[1782,136] 1 [1783,139]
[1783,139] 1 [1784,142]
[1784,142] 1 [1785,145]
[1785,145] 1 [1786,149]
[1786,149] 1 [1787,151]
[1787,151] 1 [1788,154]
[1788,154] 1 [1789,157]
[1789,157] 1 [1790,161]
[1790,161] 1 [1791,163]
[1791,163] 1 [1792,167]
[1792,167] 1 [1793,169]
[1793,169] 1 [1794,171]
[1794,171] 1 [1795,174]
[1795,174] 1 [1796,177]
[1796,177] 1 [1797,6]
[1797,6] 1 [1798,6]
[1798,6] 1 [1799,6]
[1799,6] 1 [1800,6]
[1800,6] 1 [1801,6]
[1801,6] 1 [1802,6]
[1802,6] 1 [1803,6]
[1803,6] 1 [1804,6]
[1804,6] 1 [1805,9]
[1805,9] 0 [1806,9]
[1806,9] 1 [1807,10]
[1807,10] 1 [1808,13]
[1808,13] 1 [1809,16]
[1809,16] 1 [1810,19]
[1810,19] 2 [1811,15]
[1811,15] 2 [1812,11]
[1812,11] 2 [1813,7]
[1813,7] 1 [1814,9]
[1814,9] 1 [1815,12]
[1815,12] 2 [1816,9]
[1816,9] 1 [1817,11]
[1817,11] 2 [1818,8]
[1818,8] 1 [1819,8]
[1819,8] 1 [1820,11]
[1820,11] 2 [1821,11]
[1821,11] 2 [1822,8]
[1822,8] 1 [1823,11]
[1823,11] 2 [1824,8]
[1824,8] 1 [1825,11]
[1825,11] 2 [1826,7]
[1826,7] 1 [1827,9]
[1827,9] 1 [1828,11]
[1828,11] 1 [1829,15]
[1829,15] 1 [1830,17]
[1830,17] 1 [1831,21]
[1831,21] 1 [1832,25]
[1832,25] 1 [1833,28]
[1833,28] 1 [1834,30]
[1834,30] 1 [1835,34]
[1835,34] 1 [1836,36]
[1836,36] 1 [1837,38]
[1837,38] 1 [1838,40]
[1838,40] 1 [1839,43]
[1839,43] 1 [1840,45]
[1840,45] 1 [1841,48]
[1841,48] 1 [1842,50]
[1842,50] 1 [1843,54]
[1843,54] 1 [1844,58]
[1844,58] 1 [1845,62]
[1845,62] 1 [1846,66]
[1846,66] 1 [1847,68]
[1847,68] 1 [1848,70]
[1848,70] 1 [1849,73]
[1849,73] 1 [1850,75]
[1850,75] 1 [1851,78]
[1851,78] 1 [1852,81]
[1852,81] 1 [1853,83]
[1853,83] 1 [1854,85]
[1854,85] 1 [1855,87]
[1855,87] 1 [1856,90]
[1856,90] 1 [1857,94]
[1857,94] 1 [1858,98]
[1858,98] 1 [1859,101]
[1859,101] 1 [1860,105]
[1860,105] 1 [1861,107]
[1861,107] 1 [1862,110]
[1862,110] 1 [1863,112]
[1863,112] 1 [1864,114]
[1864,114] 1 [1865,116]
[1865,116] 2 [1866,112]
[1866,112] 1 [1867,114]
[1867,114] 1 [1868,116]
[1868,116] 2 [1869,112]
[1869,112] 1 [1870,114]
[1870,114] 1 [1871,116]
[1871,116] 1 [1872,119]
[1872,119] 2 [1873,115]
[1873,115] 1 [1874,117]
[1874,117] 1 [1875,120]
[1875,120] 1 [1876,123]
[1876,123] 1 [1877,125]
[1877,125] 1 [1878,127]
[1878,127] 1 [1879,131]
[1879,131] 1 [1880,135]
[1880,135] 1 [1881,139]
[1881,139] 1 [1882,143]
[1882,143] 1 [1883,145]
[1883,145] 1 [1884,148]
[1884,148] 1 [1885,151]
[1885,151] 1 [1886,154]
[1886,154] 1 [1887,157]
[1887,157] 1 [1888,161]
[1888,161] 1 [1889,164]
[1889,164] 1 [1890,168]
[1890,168] 1 [1891,171]
[1891,171] 1 [1892,173]
[1892,173] 1 [1893,177]
[1893,177] 1 [1894,6]
[1894,6] 1 [1895,6]
[1895,6] 1 [1896,6]
[1896,6] 1 [1897,6]
[1897,6] 1 [1898,6]
[1898,6] 1 [1899,6]
[1899,6] 1 [1900,6]
[1900,6] 1 [1901,6]
[1901,6] 1 [1902,6]
[1902,6] 1 [1903,8]
[1903,8] 1 [1904,12]
[1904,12] 1 [1905,15]
[1905,15] 1 [1906,18]
[1906,18] 1 [1907,22]
[1907,22] 1 [1908,25]
[1908,25] 1 [1909,27]
[1909,27] 1 [1910,30]
[1910,30] 1 [1911,34]
[1911,34] 1 [1912,38]
[1912,38] 1 [1913,42]
[1913,42] 1 [1914,45]
[1914,45] 1 [1915,47]
[1915,47] 1 [1916,49]
[1916,49] 1 [1917,53]
[1917,53] 1 [1918,57]
[1918,57] 1 [1919,61]
[1919,61] 1 [1920,63]
[1920,63] 1 [1921,67]
[1921,67] 1 [1922,70]
[1922,70] 1 [1923,73]
[1923,73] 1 [1924,76]
[1924,76] 1 [1925,78]
[1925,78] 1 [1926,82]
[1926,82] 1 [1927,84]
[1927,84] 1 [1928,88]
[1928,88] 1 [1929,92]
[1929,92] 1 [1930,96]
[1930,96] 1 [1931,98]
[1931,98] 1 [1932,100]
[1932,100] 1 [1933,102]
[1933,102] 1 [1934,106]
[1934,106] 1 [1935,110]
[1935,110] 1 [1936,113]
[1936,113] 1 [1937,116]
[1937,116] 1 [1938,119]
[1938,119] 1 [1939,122]
[1939,122] 1 [1940,125]
[1940,125] 1 [1941,129]
[1941,129] 1 [1942,132]
[1942,132] 1 [1943,134]
[1943,134] 1 [1944,137]
[1944,137] 1 [1945,141]
[1945,141] 1 [1946,144]
[1946,144] 1 [1947,146]
[1947,146] 1 [1948,150]
[1948,150] 1 [1949,154]
[1949,154] 1 [1950,156]
[1950,156] 1 [1951,158]
[1951,158] 1 [1952,162]
[1952,162] 1 [1953,165]
[1953,165] 1 [1954,167]
[1954,167] 1 [1955,169]
[1955,169] 1 [1956,171]
[1956,171] 1 [1957,175]
[1957,175] 1 [1958,6]
[1958,6] 1 [1959,6]
[1959,6] 1 [1960,6]
[1960,6] 1 [1961,6]
[1961,6] 1 [1962,6]
[1962,6] 1 [1963,6]
[1963,6] 1 [1964,6]
[1964,6] 1 [1965,6]
[1965,6] 1 [1966,6]
[1966,6] 1 [1967,6]
[1967,6] 0 [1968,6]
[1968,6] 1 [1969,9]
[1969,9] 1 [1970,12]
[1970,12] 0 [1971,13]
[1971,13] 1 [1972,15]
[1972,15] 2 [1973,11]
[1973,11] 1 [1974,13]
[1974,13] 1 [1975,17]
[1975,17] 1 [1976,20]
[1976,20] 1 [1977,22]
[1977,22] 1 [1978,24]
[1978,24] 1 [1979,28]
[1979,28] 1 [1980,32]
[1980,32] 1 [1981,35]
[1981,35] 1 [1982,39]
[1982,39] 1 [1983,42]
[1983,42] 1 [1984,45]
[1984,45] 2 [1985,43]
[1985,43] 1 [1986,45]
[1986,45] 1 [1987,48]
[1987,48] 1 [1988,51]
[1988,51] 1 [1989,54]
[1989,54] 2 [1990,51]
[1990,51] 2 [1991,47]
[1991,47] 1 [1992,47]
[1992,47] 1 [1993,50]
[1993,50] 1 [1994,53]
[1994,53] 1 [1995,57]
[1995,57] 1 [1996,59]
[1996,59] 1 [1997,62]
[1997,62] 1 [1998,66]
[1998,66] 1 [1999,68]
[1999,68] 1 [2000,72]
[2000,72] 1 [2001,74]
[2001,74] 1 [2002,76]
[2002,76] 1 [2003,80]
[2003,80] 1 [2004,84]
[2004,84] 1 [2005,87]
[2005,87] 1 [2006,89]
[2006,89] 1 [2007,92]
[2007,92] 1 [2008,95]
[2008,95] 1 [2009,99]
[2009,99] 1 [2010,102]
[2010,102] 1 [2011,105]
[2011,105] 1 [2012,107]
[2012,107] 1 [2013,109]
[2013,109] 1 [2014,111]
[2014,111] 1 [2015,114]
[2015,114] 1 [2016,118]
[2016,118] 1 [2017,121]
[2017,121] 1 [2018,124]
[2018,124] 1 [2019,126]
[2019,126] 1 [2020,128]
[2020,128] 1 [2021,132]
[2021,132] 1 [2022,134]
[2022,134] 1 [2023,136]
[2023,136] 1 [2024,139]
[2024,139] 1 [2025,141]
[2025,141] 1 [2026,144]
[2026,144] 1 [2027,146]
[2027,146] 1 [2028,149]
[2028,149] 1 [2029,152]
[2029,152] 1 [2030,156]
[2030,156] 1 [2031,158]
[2031,158] 1 [2032,162]
[2032,162] 1 [2033,165]
[2033,165] 1 [2034,168]
[2034,168] 1 [2035,172]
[2035,172] 1 [2036,174]
[2036,174] 1 [2037,176]
[2037,176] 1 [2038,6]
[2038,6] 1 [2039,6]
[2039,6] 1 [2040,6]
[2040,6] 1 [2041,6]
[2041,6] 1 [2042,6]
[2042,6] 1 [2043,6]
[2043,6] 1 [2044,6]
[2044,6] 1 [2045,6]
[2045,6] 1 [2046,6]
[2046,6] 1 [2047,6]
[2047,6] 1 [2048,7]
[2048,7] 1 [2049,9]
[2049,9] 2 [2050,7]
[2050,7] 1 [2051,11]
[2051,11] 1 [2052,15]
[2052,15] 0 [2053,15]
[2053,15] 2 [2054,12]
[2054,12] 1 [2055,14]
[2055,14] 1 [2056,16]
[2056,16] 1 [2057,18]
[2057,18] 1 [2058,21]
[2058,21] 2 [2059,17]
[2059,17] 1 [2060,19]
[2060,19] 2 [2061,15]
[2061,15] 1 [2062,18]
[2062,18] 1 [2063,20]
[2063,20] 1 [2064,22]
[2064,22] 1 [2065,24]
[2065,24] 1 [2066,27]
[2066,27] 1 [2067,30]
[2067,30] 1 [2068,33]
[2068,33] 1 [2069,35]
[2069,35] 1 [2070,38]
[2070,38] 1 [2071,41]
[2071,41] 1 [2072,44]
[2072,44] 1 [2073,47]
[2073,47] 1 [2074,49]
[2074,49] 1 [2075,53]
[2075,53] 1 [2076,56]
[2076,56] 1 [2077,58]
[2077,58] 1 [2078,60]
[2078,60] 1 [2079,62]
[2079,62] 1 [2080,64]
[2080,64] 1 [2081,67]
[2081,67] 1 [2082,71]
[2082,71] 1 [2083,74]
[2083,74] 1 [2084,76]
[2084,76] 1 [2085,80]
[2085,80] 1 [2086,82]
[2086,82] 1 [2087,86]
[2087,86] 1 [2088,88]
[2088,88] 1 [2089,92]
[2089,92] 1 [2090,94]
[2090,94] 1 [2091,98]
[2091,98] 1 [2092,102]
[2092,102] 1 [2093,105]
[2093,105] 1 [2094,107]
[2094,107] 1 [2095,111]
[2095,111] 1 [2096,115]
[2096,115] 1 [2097,117]
[2097,117] 1 [2098,119]
[2098,119] 1 [2099,122]
[2099,122] 1 [2100,125]
[2100,125] 1 [2101,127]
[2101,127] 1 [2102,130]
[2102,130] 1 [2103,132]
[2103,132] 1 [2104,135]
[2104,135] 1 [2105,138]
[2105,138] 1 [2106,141]
[2106,141] 1 [2107,145]
[2107,145] 1 [2108,149]
[2108,149] 1 [2109,152]
[2109,152] 1 [2110,154]
[2110,154] 1 [2111,157]
[2111,157] 1 [2112,161]
[2112,161] 1 [2113,165]
[2113,165] 1 [2114,169]
[2114,169] 1 [2115,173]
[2115,173] 1 [2116,176]
[2116,176] 1 [2117,6]
[2117,6] 1 [2118,6]
[2118,6] 1 [2119,6]
[2119,6] 1 [2120,6]
[2120,6] 1 [2121,6]
[2121,6] 1 [2122,6]
[2122,6] 1 [2123,6]
[2123,6] 1 [2124,6]
[2124,6] 1 [2125,6]
[2125,6] 1 [2126,6]
[2126,6] 1 [2127,6]
[2127,6] 0 [2128,6]
[2128,6] 1 [2129,7]
[2129,7] 1 [2130,11]
[2130,11] 2 [2131,8]
[2131,8] 1 [2132,11]
[2132,11] 2 [2133,8]
[2133,8] 1 [2134,6]
[2134,6] 1 [2135,9]
[2135,9] 1 [2136,11]
[2136,11] 1 [2137,13]
[2137,13] 1 [2138,16]
[2138,16] 2 [2139,13]
[2139,13] 2 [2140,10]
[2140,10] 1 [2141,12]
[2141,12] 1 [2142,15]
[2142,15] 2 [2143,12]
[2143,12] 1 [2144,11]
[2144,11] 2 [2145,8]
[2145,8] 1 [2146,8]
[2146,8] 1 [2147,10]
[2147,10] 1 [2148,14]
[2148,14] 1 [2149,16]
[2149,16] 1 [2150,19]
[2150,19] 1 [2151,21]
[2151,21] 1 [2152,24]
[2152,24] 1 [2153,28]
[2153,28] 1 [2154,32]
[2154,32] 1 [2155,35]
[2155,35] 1 [2156,37]
[2156,37] 1 [2157,40]
[2157,40] 1 [2158,42]
[2158,42] 1 [2159,44]
[2159,44] 1 [2160,46]
[2160,46] 1 [2161,48]
[2161,48] 1 [2162,50]
[2162,50] 1 [2163,54]
[2163,54] 1 [2164,58]
[2164,58] 1 [2165,60]
[2165,60] 1 [2166,63]
[2166,63] 1 [2167,66]
[2167,66] 1 [2168,69]
[2168,69] 1 [2169,73]
[2169,73] 1 [2170,75]
[2170,75] 1 [2171,78]
[2171,78] 1 [2172,80]
[2172,80] 1 [2173,83]
[2173,83] 1 [2174,87]
[2174,87] 1 [2175,89]
[2175,89] 1 [2176,93]
[2176,93] 1 [2177,97]
[2177,97] 1 [2178,101]
[2178,101] 1 [2179,103]
[2179,103] 1 [2180,106]
[2180,106] 1 [2181,108]
[2181,108] 1 [2182,112]
[2182,112] 1 [2183,116]
[2183,116] 1 [2184,118]
[2184,118] 1 [2185,120]
[2185,120] 1 [2186,124]
[2186,124] 1 [2187,126]
[2187,126] 1 [2188,128]
[2188,128] 1 [2189,132]
[2189,132] 1 [2190,134]
[2190,134] 1 [2191,138]
[2191,138] 1 [2192,141]
[2192,141] 1 [2193,143]
[2193,143] 1 [2194,146]
[2194,146] 1 [2195,149]
[2195,149] 1 [2196,151]
[2196,151] 1 [2197,154]
[2197,154] 1 [2198,157]
[2198,157] 1 [2199,161]
[2199,161] 1 [2200,163]
[2200,163] 1 [2201,166]
[2201,166] 1 [2202,168]
[2202,168] 1 [2203,171]
[2203,171] 1 [2204,173]
[2204,173] 1 [2205,177]
[2205,177] 1 [2206,6]
[2206,6] 1 [2207,6]
[2207,6] 1 [2208,6]
[2208,6] 1 [2209,6]
[2209,6] 1 [2210,6]
[2210,6] 1 [2211,6]
[2211,6] 1 [2212,6]
[2212,6] 1 [2213,6]
[2213,6] 1 [2214,6]
[2214,6] 1 [2215,6]
[2215,6] 0 [2216,6]
[2216,6] 1 [2217,8]
[2217,8] 0 [2218,8]
[2218,8] 1 [2219,12]
[2219,12] 2 [2220,8]
[2220,8] 1 [2221,10]
[2221,10] 2 [2222,6]
[2222,6] 1 [2223,8]
[2223,8] 1 [2224,10]
[2224,10] 2 [2225,6]
[2225,6] 1 [2226,8]
[2226,8] 1 [2227,10]
[2227,10] 1 [2228,13]
[2228,13] 2 [2229,9]
[2229,9] 1 [2230,11]
[2230,11] 2 [2231,9]
[2231,9] 2 [2232,6]
[2232,6] 1 [2233,8]
[2233,8] 1 [2234,10]
[2234,10] 1 [2235,13]
[2235,13] 2 [2236,9]
[2236,9] 1 [2237,11]
[2237,11] 2 [2238,7]
[2238,7] 1 [2239,7]
[2239,7] 0 [2240,7]
[2240,7] 1 [2241,8]
[2241,8] 1 [2242,10]
[2242,10] 0 [2243,11]
[2243,11] 1 [2244,14]
[2244,14] 1 [2245,18]
[2245,18] 1 [2246,21]
[2246,21] 1 [2247,25]
[2247,25] 1 [2248,28]
[2248,28] 1 [2249,31]
[2249,31] 1 [2250,34]
[2250,34] 1 [2251,36]
[2251,36] 1 [2252,40]
[2252,40] 1 [2253,43]
[2253,43] 1 [2254,45]
[2254,45] 1 [2255,48]
[2255,48] 1 [2256,51]
[2256,51] 1 [2257,55]
[2257,55] 1 [2258,57]
[2258,57] 1 [2259,61]
[2259,61] 1 [2260,63]
[2260,63] 1 [2261,65]
[2261,65] 1 [2262,69]
[2262,69] 1 [2263,72]
[2263,72] 1 [2264,75]
[2264,75] 1 [2265,77]
[2265,77] 1 [2266,81]
[2266,81] 1 [2267,85]
[2267,85] 1 [2268,88]
[2268,88] 1 [2269,92]
[2269,92] 1 [2270,96]
[2270,96] 1 [2271,99]
[2271,99] 1 [2272,101]
[2272,101] 1 [2273,105]
[2273,105] 1 [2274,107]
[2274,107] 1 [2275,111]
[2275,111] 1 [2276,115]
[2276,115] 1 [2277,119]
[2277,119] 1 [2278,123]
[2278,123] 1 [2279,125]
[2279,125] 1 [2280,127]
[2280,127] 1 [2281,131]
[2281,131] 1 [2282,135]
[2282,135] 1 [2283,138]
[2283,138] 1 [2284,141]
[2284,141] 1 [2285,144]
[2285,144] 1 [2286,148]
[2286,148] 1 [2287,150]
[2287,150] 1 [2288,153]
[2288,153] 1 [2289,156]
[2289,156] 1 [2290,158]
[2290,158] 1 [2291,161]
[2291,161] 1 [2292,165]
[2292,165] 1 [2293,168]
[2293,168] 1 [2294,170]
[2294,170] 1 [2295,173]
[2295,173] 1 [2296,176]
[2296,176] 1 [2297,6]
[2297,6] 1 [2298,6]
[2298,6] 1 [2299,6]
[2299,6] 1 [2300,6]
[2300,6] 1 [2301,6]
[2301,6] 1 [2302,6]
[2302,6] 1 [2303,6]
[2303,6] 1 [2304,6]
[2304,6] 1 [2305,6]
[2305,6] 1 [2306,8]
[2306,8] 0 [2307,8]
[2307,8] 1 [2308,12]
[2308,12] 1 [2309,16]
[2309,16] 1 [2310,20]
[2310,20] 1 [2311,23]
[2311,23] 1 [2312,26]
[2312,26] 1 [2313,28]
[2313,28] 1 [2314,31]
[2314,31] 1 [2315,33]
[2315,33] 1 [2316,36]
[2316,36] 1 [2317,39]
[2317,39] 1 [2318,42]
[2318,42] 1 [2319,45]
[2319,45] 1 [2320,47]
[2320,47] 1 [2321,50]
[2321,50] 1 [2322,53]
[2322,53] 1 [2323,55]
[2323,55] 1 [2324,58]
[2324,58] 1 [2325,60]
[2325,60] 1 [2326,63]
[2326,63] 1 [2327,65]
[2327,65] 1 [2328,69]
[2328,69] 1 [2329,72]
[2329,72] 1 [2330,76]
[2330,76] 1 [2331,79]
[2331,79] 1 [2332,82]
[2332,82] 1 [2333,86]
[2333,86] 1 [2334,90]
[2334,90] 1 [2335,92]
[2335,92] 1 [2336,96]
[2336,96] 1 [2337,100]
[2337,100] 1 [2338,102]
[2338,102] 1 [2339,104]
[2339,104] 1 [2340,108]
[2340,108] 1 [2341,110]
[2341,110] 1 [2342,114]
[2342,114] 1 [2343,118]
[2343,118] 1 [2344,122]
[2344,122] 1 [2345,124]
[2345,124] 1 [2346,127]
[2346,127] 1 [2347,129]
[2347,129] 1 [2348,133]
[2348,133] 1 [2349,137]
[2349,137] 1 [2350,140]
[2350,140] 1 [2351,142]
[2351,142] 1 [2352,145]
[2352,145] 1 [2353,147]
[2353,147] 1 [2354,151]
[2354,151] 1 [2355,155]
[2355,155] 1 [2356,158]
[2356,158] 1 [2357,162]
[2357,162] 1 [2358,165]
[2358,165] 1 [2359,169]
[2359,169] 1 [2360,172]
[2360,172] 1 [2361,174]
[2361,174] 1 [2362,177]
[2362,177] 1 [2363,6]
[2363,6] 1 [2364,6]
[2364,6] 1 [2365,6]
[2365,6] 1 [2366,6]
[2366,6] 1 [2367,6]
[2367,6] 1 [2368,6]
[2368,6] 1 [2369,6]
[2369,6] 1 [2370,6]
[2370,6] 1 [2371,6]
[2371,6] 1 [2372,6]
[2372,6] 1 [2373,10]
[2373,10] 1 [2374,12]
[2374,12] 1 [2375,14]
[2375,14] 1 [2376,17]
[2376,17] 1 [2377,19]
[2377,19] 2 [2378,15]
[2378,15] 2 [2379,11]
[2379,11] 1 [2380,13]
[2380,13] 1 [2381,16]
[2381,16] 1 [2382,20]
[2382,20] 1 [2383,23]
[2383,23] 2 [2384,19]
[2384,19] 1 [2385,20]
[2385,20] 1 [2386,24]
[2386,24] 1 [2387,27]
[2387,27] 1 [2388,31]
[2388,31] 1 [2389,34]
[2389,34] 1 [2390,38]
[2390,38] 1 [2391,42]
[2391,42] 1 [2392,45]
[2392,45] 1 [2393,48]
[2393,48] 1 [2394,51]
[2394,51] 1 [2395,54]
[2395,54] 1 [2396,57]
[2396,57] 1 [2397,60]
[2397,60] 1 [2398,63]
[2398,63] 1 [2399,65]
[2399,65] 1 [2400,68]
[2400,68] 1 [2401,71]
[2401,71] 1 [2402,73]
[2402,73] 1 [2403,76]
[2403,76] 1 [2404,78]
[2404,78] 1 [2405,82]
[2405,82] 1 [2406,85]
[2406,85] 1 [2407,89]
[2407,89] 1 [2408,91]
[2408,91] 1 [2409,94]
[2409,94] 1 [2410,98]
[2410,98] 1 [2411,100]
[2411,100] 1 [2412,102]
[2412,102] 1 [2413,105]
[2413,105] 1 [2414,108]
[2414,108] 1 [2415,112]
[2415,112] 1 [2416,116]
[2416,116] 1 [2417,118]
[2417,118] 1 [2418,122]
[2418,122] 1 [2419,124]
[2419,124] 1 [2420,126]
[2420,126] 1 [2421,128]
[2421,128] 1 [2422,130]
[2422,130] 1 [2423,132]
[2423,132] 1 [2424,134]
[2424,134] 1 [2425,138]
[2425,138] 1 [2426,140]
[2426,140] 1 [2427,144]
[2427,144] 1 [2428,147]
[2428,147] 1 [2429,151]
[2429,151] 1 [2430,153]
[2430,153] 1 [2431,155]
[2431,155] 1 [2432,157]
[2432,157] 1 [2433,159]
[2433,159] 1 [2434,162]
[2434,162] 1 [2435,166]
[2435,166] 1 [2436,168]
[2436,168] 1 [2437,172]
[2437,172] 1 [2438,174]
[2438,174] 1 [2439,176]
[2439,176] 1 [2440,6]
[2440,6] 1 [2441,6]
[2441,6] 1 [2442,6]
[2442,6] 1 [2443,6]
[2443,6] 1 [2444,6]
[2444,6] 1 [2445,6]
[2445,6] 1 [2446,6]
[2446,6] 1 [2447,6]
[2447,6] 1 [2448,6]
[2448,6] 1 [2449,6]
[2449,6] 1 [2450,6]
[2450,6] 0 [2451,6]
[2451,6] 1 [2452,10]
[2452,10] 1 [2453,12]
[2453,12] 1 [2454,15]
[2454,15] 2 [2455,12]
[2455,12] 1 [2456,16]
[2456,16] 2 [2457,12]
[2457,12] 1 [2458,12]
[2458,12] 1 [2459,15]
[2459,15] 1 [2460,19]
[2460,19] 2 [2461,16]
[2461,16] 1 [2462,14]
[2462,14] 1 [2463,17]
[2463,17] 2 [2464,14]
[2464,14] 2 [2465,10]
[2465,10] 1 [2466,7]
[2466,7] 1 [2467,8]
[2467,8] 1 [2468,12]
[2468,12] 1 [2469,16]
[2469,16] 1 [2470,19]
[2470,19] 2 [2471,16]
[2471,16] 1 [2472,19]
[2472,19] 1 [2473,22]
[2473,22] 2 [2474,19]
[2474,19] 2 [2475,17]
[2475,17] 2 [2476,13]
[2476,13] 1 [2477,15]
[2477,15] 1 [2478,18]
[2478,18] 1 [2479,21]
[2479,21] 1 [2480,25]
[2480,25] 1 [2481,28]
[2481,28] 1 [2482,32]
[2482,32] 1 [2483,35]
[2483,35] 1 [2484,37]
[2484,37] 1 [2485,41]
[2485,41] 1 [2486,45]
[2486,45] 1 [2487,48]
[2487,48] 1 [2488,52]
[2488,52] 1 [2489,55]
[2489,55] 1 [2490,57]
[2490,57] 1 [2491,61]
[2491,61] 1 [2492,65]
[2492,65] 1 [2493,68]
[2493,68] 1 [2494,71]
[2494,71] 1 [2495,75]
[2495,75] 1 [2496,79]
[2496,79] 1 [2497,82]
[2497,82] 1 [2498,86]
[2498,86] 1 [2499,90]
[2499,90] 1 [2500,92]
[2500,92] 1 [2501,94]
[2501,94] 1 [2502,97]
[2502,97] 1 [2503,99]
[2503,99] 1 [2504,101]
[2504,101] 1 [2505,105]
[2505,105] 1 [2506,109]
[2506,109] 1 [2507,113]
[2507,113] 1 [2508,116]
[2508,116] 1 [2509,118]
[2509,118] 2 [2510,117]
[2510,117] 2 [2511,114]
[2511,114] 1 [2512,116]
[2512,116] 1 [2513,118]
[2513,118] 1 [2514,120]
[2514,120] 2 [2515,116]
[2515,116] 1 [2516,118]
[2516,118] 1 [2517,122]
[2517,122] 1 [2518,125]
[2518,125] 1 [2519,127]
[2519,127] 1 [2520,130]
[2520,130] 1 [2521,132]
[2521,132] 1 [2522,136]
[2522,136] 1 [2523,140]
[2523,140] 1 [2524,144]
[2524,144] 1 [2525,146]
[2525,146] 1 [2526,149]
[2526,149] 1 [2527,153]
[2527,153] 1 [2528,155]
[2528,155] 1 [2529,157]
[2529,157] 1 [2530,160]
[2530,160] 1 [2531,163]
[2531,163] 1 [2532,165]
[2532,165] 1 [2533,167]
[2533,167] 1 [2534,170]
[2534,170] 1 [2535,174]
[2535,174] 1 [2536,176]
[2536,176] 1 [2537,6]
[2537,6] 1 [2538,6]
[2538,6] 1 [2539,6]
[2539,6] 1 [2540,6]
[2540,6] 1 [2541,6]
[2541,6] 1 [2542,6]
[2542,6] 1 [2543,6]
[2543,6] 1 [2544,6]
[2544,6] 1 [2545,8]
[2545,8] 1 [2546,10]
[2546,10] 1 [2547,14]
[2547,14] 1 [2548,18]
[2548,18] 0 [2549,18]
[2549,18] 2 [2550,14]
[2550,14] 1 [2551,16]
[2551,16] 1 [2552,19]
[2552,19] 2 [2553,15]
[2553,15] 2 [2554,11]
[2554,11] 2 [2555,9]
[2555,9] 1 [2556,11]
[2556,11] 1 [2557,14]
[2557,14] 1 [2558,16]
[2558,16] 1 [2559,19]
[2559,19] 2 [2560,17]
[2560,17] 2 [2561,13]
[2561,13] 1 [2562,13]
[2562,13] 1 [2563,16]
[2563,16] 1 [2564,18]
[2564,18] 1 [2565,20]
[2565,20] 1 [2566,23]
[2566,23] 1 [2567,27]
[2567,27] 2 [2568,23]
[2568,23] 1 [2569,26]
[2569,26] 1 [2570,28]
[2570,28] 1 [2571,31]
[2571,31] 1 [2572,35]
[2572,35] 1 [2573,37]
[2573,37] 1 [2574,39]
[2574,39] 1 [2575,43]
[2575,43] 1 [2576,46]
[2576,46] 1 [2577,50]
[2577,50] 1 [2578,52]
[2578,52] 1 [2579,54]
[2579,54] 1 [2580,57]
[2580,57] 1 [2581,61]
[2581,61] 1 [2582,63]
[2582,63] 1 [2583,65]
[2583,65] 1 [2584,68]
[2584,68] 1 [2585,71]
[2585,71] 1 [2586,75]
[2586,75] 1 [2587,79]
[2587,79] 1 [2588,81]
[2588,81] 1 [2589,84]
[2589,84] 1 [2590,87]
[2590,87] 1 [2591,90]
[2591,90] 1 [2592,92]
[2592,92] 1 [2593,95]
[2593,95] 1 [2594,99]
[2594,99] 1 [2595,102]
[2595,102] 2 [2596,98]
[2596,98] 1 [2597,98]
[2597,98] 1 [2598,101]
[2598,101] 1 [2599,105]
[2599,105] 1 [2600,109]
[2600,109] 1 [2601,111]
[2601,111] 1 [2602,113]
[2602,113] 1 [2603,116]
[2603,116] 1 [2604,120]
[2604,120] 1 [2605,122]
[2605,122] 1 [2606,125]
[2606,125] 1 [2607,129]
[2607,129] 1 [2608,131]
[2608,131] 1 [2609,133]
[2609,133] 1 [2610,136]
[2610,136] 1 [2611,139]
[2611,139] 1 [2612,141]
[2612,141] 1 [2613,144]
[2613,144] 1 [2614,148]
[2614,148] 1 [2615,151]
[2615,151] 1 [2616,155]
[2616,155] 1 [2617,158]
[2617,158] 1 [2618,162]
[2618,162] 1 [2619,164]
[2619,164] 1 [2620,168]
[2620,168] 1 [2621,171]
[2621,171] 1 [2622,175]
[2622,175] 1 [2623,6]
[2623,6] 1 [2624,6]
[2624,6] 1 [2625,6]
[2625,6] 1 [2626,6]
[2626,6] 1 [2627,6]
[2627,6] 1 [2628,6]
[2628,6] 1 [2629,6]
[2629,6] 1 [2630,6]
[2630,6] 1 [2631,6]
[2631,6] 1 [2632,6]
[2632,6] 1 [2633,6]
[2633,6] 1 [2634,6]
[2634,6] 1 [2635,9]
[2635,9] 0 [2636,9]
[2636,9] 1 [2637,11]
[2637,11] 2 [2638,9]
[2638,9] 2 [2639,6]
[2639,6] 1 [2640,8]
[2640,8] 1 [2641,10]
[2641,10] 1 [2642,12]
[2642,12] 2 [2643,8]
[2643,8] 1 [2644,9]
[2644,9] 1 [2645,12]
[2645,12] 1 [2646,16]
[2646,16] 1 [2647,19]
[2647,19] 1 [2648,23]
[2648,23] 1 [2649,26]
[2649,26] 1 [2650,28]
[2650,28] 1 [2651,32]
[2651,32] 1 [2652,35]
[2652,35] 1 [2653,39]
[2653,39] 1 [2654,41]
[2654,41] 1 [2655,44]
[2655,44] 1 [2656,48]
[2656,48] 1 [2657,50]
[2657,50] 1 [2658,54]
[2658,54] 1 [2659,56]
[2659,56] 1 [2660,58]
[2660,58] 1 [2661,60]
[2661,60] 1 [2662,64]
[2662,64] 1 [2663,68]
[2663,68] 1 [2664,70]
[2664,70] 1 [2665,73]
[2665,73] 1 [2666,75]
[2666,75] 1 [2667,77]
[2667,77] 1 [2668,79]
[2668,79] 1 [2669,81]
[2669,81] 1 [2670,83]
[2670,83] 1 [2671,86]
[2671,86] 1 [2672,90]
[2672,90] 1 [2673,94]
[2673,94] 1 [2674,97]
[2674,97] 1 [2675,99]
[2675,99] 1 [2676,103]
[2676,103] 1 [2677,105]
[2677,105] 1 [2678,108]
[2678,108] 1 [2679,110]
[2679,110] 1 [2680,112]
[2680,112] 1 [2681,116]
[2681,116] 1 [2682,118]
[2682,118] 1 [2683,121]
[2683,121] 1 [2684,124]
[2684,124] 1 [2685,126]
[2685,126] 1 [2686,128]
[2686,128] 1 [2687,131]
[2687,131] 1 [2688,134]
[2688,134] 1 [2689,138]
[2689,138] 1 [2690,142]
[2690,142] 1 [2691,144]
[2691,144] 1 [2692,146]
[2692,146] 1 [2693,148]
[2693,148] 1 [2694,150]
[2694,150] 1 [2695,153]
[2695,153] 1 [2696,156]
[2696,156] 1 [2697,158]
[2697,158] 1 [2698,160]
[2698,160] 1 [2699,162]
[2699,162] 1 [2700,166]
[2700,166] 1 [2701,170]
[2701,170] 1 [2702,174]
[2702,174] 1 [2703,176]
