[0,6] 1 [1,9]
[1,9] 1 [2,12]
[2,12] 1 [3,14]
[3,14] 1 [4,16]
[4,16] 1 [5,19]
[5,19] 1 [6,21]
[6,21] 1 [7,23]
[7,23] 1 [8,27]
[8,27] 1 [9,29]
[9,29] 1 [10,31]
[10,31] 1 [11,34]
[11,34] 1 [12,38]
[12,38] 1 [13,40]
[13,40] 1 [14,43]
[14,43] 1 [15,46]
[15,46] 1 [16,48]
[16,48] 1 [17,52]
[17,52] 1 [18,55]
[18,55] 1 [19,58]
[19,58] 1 [20,62]
[20,62] 1 [21,64]
[21,64] 1 [22,68]
[22,68] 1 [23,70]
[23,70] 1 [24,72]
[24,72] 1 [25,75]
[25,75] 1 [26,78]
[26,78] 1 [27,81]
[27,81] 1 [28,85]
[28,85] 1 [29,88]
[29,88] 1 [30,90]
[30,90] 1 [31,92]
[31,92] 1 [32,94]
[32,94] 1 [33,96]
[33,96] 1 [34,100]
[34,100] 1 [35,102]
[35,102] 1 [36,104]
[36,104] 1 [37,108]
[37,108] 1 [38,111]
[38,111] 1 [39,114]
[39,114] 1 [40,118]
[40,118] 1 [41,121]
[41,121] 1 [42,124]
[42,124] 1 [43,128]
[43,128] 1 [44,130]
[44,130] 1 [45,132]
[45,132] 1 [46,136]
[46,136] 1 [47,140]
[47,140] 1 [48,144]
[48,144] 1 [49,147]
[49,147] 1 [50,151]
[50,151] 1 [51,154]
[51,154] 1 [52,157]
[52,157] 1 [53,161]
[53,161] 1 [54,165]
[54,165] 1 [55,168]
[55,168] 1 [56,171]
[56,171] 1 [57,173]
[57,173] 1 [58,175]
[58,175] 1 [59,177]
[59,177] 1 [60,6]
[60,6] 1 [61,6]
[61,6] 1 [62,6]
[62,6] 1 [63,6]
[63,6] 1 [64,6]
[64,6] 1 [65,6]
[65,6] 1 [66,6]
[66,6] 1 [67,6]
[67,6] 1 [68,6]
[68,6] 1 [69,7]
[69,7] 1 [70,11]
[70,11] 2 [71,7]
[71,7] 1 [72,9]
[72,9] 1 [73,12]
[73,12] 2 [74,9]
[74,9] 2 [75,6]
[75,6] 1 [76,8]
[76,8] 1 [77,11]
[77,11] 0 [78,11]
[78,11] 2 [79,9]
[79,9] 1 [80,11]
[80,11] 2 [81,8]
[81,8] 1 [82,9]
[82,9] 0 [83,9]
[83,9] 1 [84,9]
[84,9] 0 [85,9]
[85,9] 1 [86,12]
[86,12] 2 [87,8]
[87,8] 1 [88,11]
[88,11] 1 [89,15]
[89,15] 1 [90,17]
[90,17] 1 [91,21]
[91,21] 1 [92,25]
[92,25] 1 [93,29]
[93,29] 1 [94,33]
[94,33] 1 [95,35]
[95,35] 1 [96,38]
[96,38] 1 [97,41]
[97,41] 1 [98,43]
[98,43] 1 [99,47]
[99,47] 1 [100,51]
[100,51] 1 [101,54]
[101,54] 1 [102,58]
[102,58] 1 [103,60]
[103,60] 1 [104,63]
[104,63] 1 [105,66]
[105,66] 1 [106,68]
[106,68] 1 [107,70]
[107,70] 1 [108,73]
[108,73] 1 [109,75]
[109,75] 1 [110,79]
[110,79] 1 [111,81]
[111,81] 1 [112,85]
[112,85] 1 [113,87]
[113,87] 1 [114,89]
[114,89] 1 [115,92]
[115,92] 1 [116,96]
[116,96] 1 [117,99]
[117,99] 1 [118,102]
[118,102] 1 [119,106]
[119,106] 1 [120,110]
[120,110] 1 [121,114]
[121,114] 1 [122,117]
[122,117] 1 [123,119]
[123,119] 1 [124,121]
[124,121] 1 [125,124]
[125,124] 1 [126,126]
[126,126] 1 [127,129]
[127,129] 1 [128,131]
[128,131] 1 [129,134]
[129,134] 1 [130,138]
[130,138] 1 [131,141]
[131,141] 1 [132,144]
[132,144] 1 [133,146]
[133,146] 1 [134,148]
[134,148] 1 [135,151]
[135,151] 1 [136,153]
[136,153] 1 [137,157]
[137,157] 1 [138,161]
[138,161] 1 [139,163]
[139,163] 1 [140,166]
[140,166] 1 [141,169]
[141,169] 1 [142,171]
[142,171] 1 [143,173]
[143,173] 1 [144,177]
[144,177] 1 [145,6]
[145,6] 1 [146,6]
[146,6] 1 [147,6]
[147,6] 1 [148,6]
[148,6] 1 [149,6]
[149,6] 1 [150,6]
[150,6] 1 [151,6]
[151,6] 1 [152,6]
[152,6] 1 [153,6]
[153,6] 1 [154,6]
[154,6] 0 [155,6]
[155,6] 1 [156,9]
[156,9] 1 [157,12]
[157,12] 1 [158,16]
[158,16] 1 [159,18]
[159,18] 1 [160,20]
[160,20] 1 [161,24]
[161,24] 1 [162,27]
[162,27] 1 [163,30]
[163,30] 1 [164,33]
[164,33] 1 [165,36]
[165,36] 1 [166,38]
[166,38] 1 [167,40]
[167,40] 1 [168,44]
[168,44] 1 [169,46]
[169,46] 1 [170,48]
[170,48] 1 [171,50]
[171,50] 1 [172,53]
[172,53] 1 [173,56]
[173,56] 1 [174,60]
[174,60] 1 [175,64]
[175,64] 1 [176,68]
[176,68] 1 [177,70]
[177,70] 1 [178,74]
[178,74] 1 [179,76]
[179,76] 1 [180,79]
[180,79] 1 [181,83]
[181,83] 1 [182,85]
[182,85] 1 [183,89]
[183,89] 1 [184,92]
[184,92] 1 [185,94]
[185,94] 1 [186,98]
[186,98] 1 [187,100]
[187,100] 1 [188,102]
[188,102] 1 [189,104]
[189,104] 1 [190,108]
[190,108] 1 [191,111]
[191,111] 1 [192,113]
[192,113] 1 [193,117]
[193,117] 1 [194,120]
[194,120] 1 [195,124]
[195,124] 1 [196,127]
[196,127] 1 [197,129]
[197,129] 1 [198,133]
[198,133] 1 [199,136]
[199,136] 1 [200,140]
[200,140] 1 [201,144]
[201,144] 1 [202,148]
[202,148] 1 [203,152]
[203,152] 1 [204,154]
[204,154] 1 [205,157]
[205,157] 1 [206,159]
[206,159] 1 [207,162]
[207,162] 1 [208,164]
[208,164] 1 [209,168]
[209,168] 1 [210,170]
[210,170] 1 [211,173]
[211,173] 1 [212,176]
[212,176] 1 [213,6]
[213,6] 1 [214,6]
[214,6] 1 [215,6]
[215,6] 1 [216,6]
[216,6] 1 [217,6]
[217,6] 1 [218,6]
[218,6] 1 [219,6]
[219,6] 1 [220,6]
[220,6] 1 [221,6]
[221,6] 1 [222,6]
[222,6] 1 [223,6]
[223,6] 1 [224,8]
[224,8] 1 [225,10]
[225,10] 1 [226,12]
[226,12] 2 [227,9]
[227,9] 1 [228,13]
[228,13] 2 [229,9]
[229,9] 2 [230,6]
[230,6] 1 [231,8]
[231,8] 1 [232,11]
[232,11] 1 [233,13]
[233,13] 1 [234,15]
[234,15] 1 [235,18]
[235,18] 2 [236,14]
[236,14] 2 [237,10]
[237,10] 1 [238,12]
[238,12] 1 [239,15]
[239,15] 2 [240,12]
[240,12] 2 [241,8]
[241,8] 1 [242,10]
[242,10] 1 [243,13]
[243,13] 2 [244,9]
[244,9] 1 [245,11]
[245,11] 1 [246,14]
[246,14] 1 [247,16]
[247,16] 1 [248,18]
[248,18] 1 [249,21]
[249,21] 1 [250,23]
[250,23] 1 [251,25]
[251,25] 1 [252,28]
[252,28] 1 [253,32]
[253,32] 1 [254,36]
[254,36] 1 [255,39]
[255,39] 1 [256,43]
[256,43] 1 [257,46]
[257,46] 1 [258,49]
[258,49] 1 [259,53]
[259,53] 1 [260,56]
[260,56] 1 [261,59]
[261,59] 1 [262,63]
[262,63] 1 [263,65]
[263,65] 1 [264,68]
[264,68] 1 [265,71]
[265,71] 1 [266,74]
[266,74] 1 [267,76]
[267,76] 1 [268,80]
[268,80] 1 [269,84]
[269,84] 1 [270,86]
[270,86] 1 [271,89]
[271,89] 1 [272,91]
[272,91] 1 [273,95]
[273,95] 1 [274,98]
[274,98] 1 [275,101]
[275,101] 1 [276,105]
[276,105] 1 [277,108]
[277,108] 1 [278,112]
[278,112] 1 [279,114]
[279,114] 1 [280,118]
[280,118] 1 [281,121]
[281,121] 1 [282,124]
[282,124] 1 [283,128]
[283,128] 1 [284,130]
[284,130] 1 [285,134]
[285,134] 1 [286,138]
[286,138] 1 [287,141]
[287,141] 1 [288,143]
[288,143] 1 [289,147]
[289,147] 1 [290,150]
[290,150] 1 [291,153]
[291,153] 1 [292,155]
[292,155] 1 [293,159]
[293,159] 1 [294,161]
[294,161] 1 [295,163]
[295,163] 1 [296,167]
[296,167] 1 [297,169]
[297,169] 1 [298,171]
[298,171] 1 [299,175]
[299,175] 1 [300,177]
[300,177] 1 [301,6]
[301,6] 1 [302,6]
[302,6] 1 [303,6]
[303,6] 1 [304,6]
[304,6] 1 [305,6]
[305,6] 1 [306,6]
[306,6] 1 [307,6]
[307,6] 1 [308,6]
[308,6] 1 [309,6]
[309,6] 1 [310,8]
[310,8] 0 [311,9]
[311,9] 1 [312,12]
[312,12] 1 [313,15]
[313,15] 2 [314,11]
[314,11] 1 [315,13]
[315,13] 1 [316,15]
[316,15] 2 [317,12]
[317,12] 2 [318,9]
[318,9] 2 [319,6]
[319,6] 1 [320,8]
[320,8] 1 [321,10]
[321,10] 2 [322,6]
[322,6] 1 [323,8]
[323,8] 1 [324,12]
[324,12] 1 [325,14]
[325,14] 1 [326,16]
[326,16] 1 [327,19]
[327,19] 1 [328,23]
[328,23] 1 [329,27]
[329,27] 1 [330,30]
[330,30] 1 [331,32]
[331,32] 1 [332,36]
[332,36] 1 [333,40]
[333,40] 2 [334,36]
[334,36] 1 [335,38]
[335,38] 1 [336,41]
[336,41] 1 [337,43]
[337,43] 1 [338,46]
[338,46] 1 [339,50]
[339,50] 1 [340,52]
[340,52] 1 [341,54]
[341,54] 1 [342,57]
[342,57] 1 [343,59]
[343,59] 1 [344,62]
[344,62] 1 [345,66]
[345,66] 1 [346,70]
[346,70] 1 [347,72]
[347,72] 1 [348,74]
[348,74] 1 [349,77]
[349,77] 1 [350,80]
[350,80] 1 [351,84]
[351,84] 1 [352,86]
[352,86] 1 [353,90]
[353,90] 1 [354,94]
[354,94] 1 [355,96]
[355,96] 1 [356,98]
[356,98] 1 [357,102]
[357,102] 1 [358,105]
[358,105] 1 [359,108]
[359,108] 1 [360,110]
[360,110] 1 [361,114]
[361,114] 1 [362,116]
[362,116] 2 [363,112]
[363,112] 1 [364,113]
[364,113] 1 [365,115]
[365,115] 1 [366,118]
[366,118] 1 [367,120]
[367,120] 2 [368,116]
[368,116] 1 [369,118]
[369,118] 1 [370,120]
[370,120] 1 [371,124]
[371,124] 1 [372,128]
[372,128] 1 [373,132]
[373,132] 1 [374,134]
[374,134] 1 [375,136]
[375,136] 1 [376,138]
[376,138] 1 [377,141]
[377,141] 1 [378,143]
[378,143] 1 [379,146]
[379,146] 1 [380,150]
[380,150] 1 [381,152]
[381,152] 1 [382,155]
[382,155] 1 [383,157]
[383,157] 1 [384,161]
[384,161] 1 [385,165]
[385,165] 1 [386,167]
[386,167] 1 [387,171]
[387,171] 1 [388,175]
[388,175] 1 [389,6]
[389,6] 1 [390,6]
[390,6] 1 [391,6]
[391,6] 1 [392,6]
[392,6] 1 [393,6]
[393,6] 1 [394,6]
[394,6] 1 [395,6]
[395,6] 1 [396,6]
[396,6] 1 [397,6]
[397,6] 1 [398,6]
[398,6] 1 [399,6]
[399,6] 1 [400,8]
[400,8] 2 [401,8]
[401,8] 0 [402,6]
[402,6] 1 [403,7]
[403,7] 1 [404,11]
[404,11] 2 [405,7]
[405,7] 1 [406,8]
[406,8] 1 [407,12]
[407,12] 1 [408,16]
[408,16] 2 [409,13]
[409,13] 1 [410,15]
[410,15] 2 [411,11]
[411,11] 1 [412,13]
[412,13] 1 [413,16]
[413,16] 2 [414,13]
[414,13] 1 [415,15]
[415,15] 2 [416,12]
[416,12] 2 [417,8]
[417,8] 1 [418,10]
[418,10] 1 [419,14]
[419,14] 1 [420,17]
[420,17] 1 [421,20]
[421,20] 1 [422,22]
[422,22] 1 [423,24]
[423,24] 1 [424,26]
[424,26] 1 [425,28]
[425,28] 1 [426,30]
[426,30] 1 [427,34]
[427,34] 1 [428,38]
[428,38] 1 [429,40]
[429,40] 1 [430,43]
[430,43] 1 [431,47]
[431,47] 1 [432,51]
[432,51] 1 [433,53]
[433,53] 1 [434,56]
[434,56] 1 [435,59]
[435,59] 1 [436,62]
[436,62] 1 [437,66]
[437,66] 1 [438,70]
[438,70] 1 [439,74]
[439,74] 1 [440,78]
[440,78] 1 [441,81]
[441,81] 1 [442,85]
[442,85] 1 [443,87]
[443,87] 1 [444,90]
[444,90] 1 [445,94]
[445,94] 1 [446,98]
[446,98] 2 [447,96]
[447,96] 1 [448,96]
[448,96] 1 [449,98]
[449,98] 1 [450,101]
[450,101] 1 [451,103]
[451,103] 1 [452,107]
[452,107] 2 [453,104]
[453,104] 1 [454,106]
[454,106] 1 [455,110]
[455,110] 1 [456,112]
[456,112] 1 [457,115]
[457,115] 1 [458,118]
[458,118] 1 [459,121]
[459,121] 1 [460,123]
[460,123] 1 [461,127]
[461,127] 1 [462,130]
[462,130] 1 [463,132]
[463,132] 1 [464,134]
[464,134] 1 [465,137]
[465,137] 1 [466,140]
[466,140] 1 [467,144]
[467,144] 1 [468,147]
[468,147] 1 [469,149]
[469,149] 1 [470,153]
[470,153] 1 [471,156]
[471,156] 1 [472,158]
[472,158] 1 [473,161]
[473,161] 1 [474,164]
[474,164] 1 [475,168]
[475,168] 1 [476,172]
[476,172] 1 [477,176]
[477,176] 1 [478,6]
[478,6] 1 [479,6]
[479,6] 1 [480,6]
[480,6] 1 [481,6]
[481,6] 1 [482,6]
[482,6] 1 [483,6]
[483,6] 1 [484,6]
[484,6] 1 [485,6]
[485,6] 1 [486,6]
[486,6] 1 [487,6]
[487,6] 1 [488,10]
[488,10] 1 [489,14]
[489,14] 1 [490,18]
[490,18] 0 [491,18]
[491,18] 2 [492,16]
[492,16] 2 [493,12]
[493,12] 0 [494,12]
[494,12] 2 [495,10]
[495,10] 1 [496,12]
[496,12] 1 [497,14]
[497,14] 1 [498,17]
[498,17] 1 [499,21]
[499,21] 1 [500,25]
[500,25] 1 [501,28]
[501,28] 1 [502,32]
[502,32] 1 [503,35]
[503,35] 1 [504,37]
[504,37] 1 [505,41]
[505,41] 1 [506,43]
[506,43] 1 [507,47]
[507,47] 1 [508,50]
[508,50] 1 [509,53]
[509,53] 1 [510,56]
[510,56] 1 [511,59]
[511,59] 1 [512,61]
[512,61] 1 [513,63]
[513,63] 1 [514,66]
[514,66] 1 [515,70]
[515,70] 1 [516,73]
[516,73] 1 [517,75]
[517,75] 1 [518,77]
[518,77] 1 [519,81]
[519,81] 1 [520,84]
[520,84] 1 [521,88]
[521,88] 1 [522,91]
[522,91] 1 [523,94]
[523,94] 1 [524,96]
[524,96] 1 [525,98]
[525,98] 1 [526,101]
[526,101] 1 [527,105]
[527,105] 1 [528,109]
[528,109] 1 [529,111]
[529,111] 1 [530,114]
[530,114] 1 [531,116]
[531,116] 1 [532,120]
[532,120] 1 [533,123]
[533,123] 1 [534,125]
[534,125] 1 [535,129]
[535,129] 1 [536,133]
[536,133] 1 [537,137]
[537,137] 1 [538,140]
[538,140] 1 [539,144]
[539,144] 1 [540,148]
[540,148] 1 [541,152]
[541,152] 1 [542,156]
[542,156] 1 [543,159]
[543,159] 1 [544,163]
[544,163] 1 [545,165]
[545,165] 1 [546,169]
[546,169] 1 [547,171]
[547,171] 1 [548,173]
[548,173] 1 [549,175]
[549,175] 1 [550,6]
[550,6] 1 [551,6]
[551,6] 1 [552,6]
[552,6] 1 [553,6]
[553,6] 1 [554,6]
[554,6] 1 [555,6]
[555,6] 1 [556,6]
[556,6] 1 [557,6]
[557,6] 1 [558,6]
[558,6] 1 [559,6]
[559,6] 1 [560,7]
[560,7] 1 [561,11]
[561,11] 2 [562,7]
[562,7] 1 [563,9]
[563,9] 1 [564,11]
[564,11] 1 [565,15]
[565,15] 1 [566,19]
[566,19] 1 [567,21]
[567,21] 1 [568,25]
[568,25] 1 [569,29]
[569,29] 1 [570,31]
[570,31] 1 [571,35]
[571,35] 1 [572,39]
[572,39] 1 [573,43]
[573,43] 1 [574,45]
[574,45] 1 [575,49]
[575,49] 1 [576,52]
[576,52] 1 [577,54]
[577,54] 1 [578,58]
[578,58] 1 [579,60]
[579,60] 1 [580,63]
[580,63] 1 [581,67]
[581,67] 1 [582,69]
[582,69] 1 [583,71]
[583,71] 1 [584,73]
[584,73] 1 [585,76]
[585,76] 1 [586,78]
[586,78] 1 [587,81]
[587,81] 1 [588,84]
[588,84] 1 [589,88]
[589,88] 1 [590,90]
[590,90] 1 [591,92]
[591,92] 1 [592,96]
[592,96] 1 [593,98]
[593,98] 1 [594,101]
[594,101] 1 [595,105]
[595,105] 1 [596,107]
[596,107] 1 [597,109]
[597,109] 1 [598,111]
[598,111] 1 [599,114]
[599,114] 1 [600,118]
[600,118] 1 [601,120]
[601,120] 1 [602,123]
[602,123] 1 [603,126]
[603,126] 1 [604,130]
[604,130] 1 [605,132]
[605,132] 1 [606,136]
[606,136] 1 [607,140]
[607,140] 1 [608,143]
[608,143] 1 [609,146]
[609,146] 1 [610,148]
[610,148] 1 [611,150]
[611,150] 1 [612,153]
[612,153] 1 [613,157]
[613,157] 1 [614,160]
[614,160] 1 [615,162]
[615,162] 1 [616,166]
[616,166] 1 [617,169]
[617,169] 1 [618,171]
[618,171] 1 [619,173]
[619,173] 1 [620,176]
[620,176] 1 [621,6]
[621,6] 1 [622,6]
[622,6] 1 [623,6]
[623,6] 1 [624,6]
[624,6] 1 [625,6]
[625,6] 1 [626,6]
[626,6] 1 [627,6]
[627,6] 1 [628,6]
[628,6] 1 [629,6]
[629,6] 1 [630,6]
[630,6] 1 [631,6]
[631,6] 1 [632,8]
[632,8] 1 [633,10]
[633,10] 1 [634,14]
[634,14] 1 [635,17]
[635,17] 0 [636,18]
[636,18] 2 [637,16]
[637,16] 2 [638,13]
[638,13] 1 [639,15]
[639,15] 1 [640,17]
[640,17] 1 [641,21]
[641,21] 1 [642,25]
[642,25] 1 [643,27]
[643,27] 1 [644,30]
[644,30] 1 [645,32]
[645,32] 1 [646,36]
[646,36] 1 [647,39]
[647,39] 2 [648,35]
[648,35] 1 [649,38]
[649,38] 1 [650,40]
[650,40] 1 [651,44]
[651,44] 1 [652,48]
[652,48] 1 [653,52]
[653,52] 1 [654,55]
[654,55] 1 [655,57]
[655,57] 1 [656,60]
[656,60] 1 [657,64]
[657,64] 1 [658,66]
[658,66] 1 [659,69]
[659,69] 1 [660,71]
[660,71] 1 [661,73]
[661,73] 1 [662,75]
[662,75] 1 [663,78]
[663,78] 1 [664,82]
[664,82] 1 [665,84]
[665,84] 1 [666,88]
[666,88] 1 [667,92]
[667,92] 1 [668,94]
[668,94] 1 [669,97]
[669,97] 1 [670,99]
[670,99] 1 [671,101]
[671,101] 1 [672,105]
[672,105] 1 [673,109]
[673,109] 1 [674,112]
[674,112] 1 [675,115]
[675,115] 0 [676,116]
[676,116] 1 [677,119]
[677,119] 1 [678,122]
[678,122] 1 [679,126]
[679,126] 1 [680,128]
[680,128] 1 [681,132]
[681,132] 1 [682,136]
[682,136] 1 [683,140]
[683,140] 1 [684,143]
[684,143] 1 [685,147]
[685,147] 1 [686,151]
[686,151] 1 [687,153]
[687,153] 1 [688,155]
[688,155] 1 [689,159]
[689,159] 1 [690,162]
[690,162] 1 [691,166]
[691,166] 1 [692,168]
[692,168] 1 [693,171]
[693,171] 1 [694,173]
[694,173] 1 [695,177]
[695,177] 1 [696,6]
[696,6] 1 [697,6]
[697,6] 1 [698,6]
[698,6] 1 [699,6]
[699,6] 1 [700,6]
[700,6] 1 [701,6]
[701,6] 1 [702,6]
[702,6] 1 [703,6]
[703,6] 1 [704,6]
[704,6] 1 [705,6]
[705,6] 1 [706,7]
[706,7] 2 [707,6]
[707,6] 1 [708,9]
[708,9] 1 [709,11]
[709,11] 2 [710,8]
[710,8] 1 [711,8]
[711,8] 1 [712,11]
[712,11] 1 [713,14]
[713,14] 1 [714,18]
[714,18] 1 [715,22]
[715,22] 1 [716,25]
[716,25] 1 [717,28]
[717,28] 1 [718,32]
[718,32] 1 [719,35]
[719,35] 1 [720,39]
[720,39] 1 [721,42]
[721,42] 1 [722,45]
[722,45] 1 [723,49]
[723,49] 1 [724,52]
[724,52] 1 [725,54]
[725,54] 1 [726,58]
[726,58] 1 [727,61]
[727,61] 1 [728,63]
[728,63] 1 [729,65]
[729,65] 1 [730,67]
[730,67] 1 [731,69]
[731,69] 1 [732,71]
[732,71] 1 [733,73]
[733,73] 1 [734,75]
[734,75] 1 [735,79]
[735,79] 1 [736,81]
[736,81] 1 [737,84]
[737,84] 1 [738,88]
[738,88] 1 [739,91]
[739,91] 1 [740,95]
[740,95] 1 [741,99]
[741,99] 1 [742,103]
[742,103] 1 [743,107]
[743,107] 1 [744,109]
[744,109] 1 [745,111]
[745,111] 1 [746,115]
[746,115] 1 [747,119]
[747,119] 1 [748,123]
[748,123] 1 [749,127]
[749,127] 1 [750,131]
[750,131] 1 [751,133]
[751,133] 1 [752,137]
[752,137] 1 [753,139]
[753,139] 1 [754,141]
[754,141] 1 [755,143]
[755,143] 1 [756,146]
[756,146] 1 [757,150]
[757,150] 1 [758,154]
[758,154] 1 [759,157]
[759,157] 1 [760,159]
[760,159] 1 [761,162]
[761,162] 1 [762,166]
[762,166] 1 [763,169]
[763,169] 1 [764,172]
[764,172] 1 [765,175]
[765,175] 1 [766,177]
[766,177] 1 [767,6]
[767,6] 1 [768,6]
[768,6] 1 [769,6]
[769,6] 1 [770,6]
[770,6] 1 [771,6]
[771,6] 1 [772,6]
[772,6] 1 [773,6]
[773,6] 1 [774,6]
[774,6] 1 [775,6]
[775,6] 1 [776,6]
[776,6] 1 [777,6]
[777,6] 1 [778,7]
[778,7] 1 [779,11]
[779,11] 1 [780,15]
[780,15] 1 [781,17]
[781,17] 1 [782,20]
[782,20] 1 [783,22]
[783,22] 1 [784,25]
[784,25] 1 [785,27]
[785,27] 1 [786,30]
[786,30] 1 [787,32]
[787,32] 1 [788,36]
[788,36] 1 [789,39]
[789,39] 1 [790,42]
[790,42] 1 [791,44]
[791,44] 1 [792,48]
[792,48] 1 [793,51]
[793,51] 1 [794,53]
[794,53] 1 [795,55]
[795,55] 1 [796,57]
[796,57] 1 [797,59]
[797,59] 1 [798,62]
[798,62] 1 [799,64]
[799,64] 1 [800,68]
[800,68] 1 [801,72]
[801,72] 1 [802,75]
[802,75] 1 [803,77]
[803,77] 1 [804,81]
[804,81] 1 [805,83]
[805,83] 1 [806,87]
[806,87] 1 [807,90]
[807,90] 1 [808,93]
[808,93] 1 [809,97]
[809,97] 1 [810,101]
[810,101] 1 [811,103]
[811,103] 1 [812,107]
[812,107] 1 [813,109]
[813,109] 1 [814,111]
[814,111] 1 [815,114]
[815,114] 1 [816,117]
[816,117] 1 [817,121]
[817,121] 1 [818,124]
[818,124] 1 [819,128]
[819,128] 1 [820,132]
[820,132] 1 [821,136]
[821,136] 1 [822,139]
[822,139] 1 [823,141]
[823,141] 1 [824,145]
[824,145] 1 [825,147]
[825,147] 1 [826,150]
[826,150] 1 [827,152]
[827,152] 1 [828,156]
[828,156] 1 [829,160]
[829,160] 1 [830,164]
[830,164] 1 [831,167]
[831,167] 1 [832,169]
[832,169] 1 [833,172]
[833,172] 1 [834,176]
[834,176] 1 [835,6]
[835,6] 1 [836,6]
[836,6] 1 [837,6]
[837,6] 1 [838,6]
[838,6] 1 [839,6]
[839,6] 1 [840,6]
[840,6] 1 [841,6]
[841,6] 1 [842,6]
[842,6] 1 [843,6]
[843,6] 1 [844,6]
[844,6] 1 [845,6]
[845,6] 1 [846,10]
[846,10] 1 [847,13]
[847,13] 0 [848,15]
[848,15] 2 [849,11]
[849,11] 1 [850,11]
[850,11] 1 [851,13]
[851,13] 1 [852,16]
[852,16] 1 [853,19]
[853,19] 1 [854,23]
[854,23] 2 [855,19]
[855,19] 2 [856,15]
[856,15] 1 [857,17]
[857,17] 1 [858,20]
[858,20] 1 [859,24]
[859,24] 1 [860,26]
[860,26] 1 [861,30]
[861,30] 1 [862,32]
[862,32] 1 [863,36]
[863,36] 1 [864,39]
[864,39] 1 [865,42]
[865,42] 1 [866,46]
[866,46] 1 [867,48]
[867,48] 1 [868,52]
[868,52] 1 [869,55]
[869,55] 1 [870,59]
[870,59] 1 [871,61]
[871,61] 1 [872,63]
[872,63] 1 [873,66]
[873,66] 1 [874,70]
[874,70] 1 [875,72]
[875,72] 1 [876,74]
[876,74] 1 [877,76]
[877,76] 1 [878,78]
[878,78] 1 [879,82]
[879,82] 1 [880,85]
[880,85] 1 [881,87]
[881,87] 1 [882,90]
[882,90] 1 [883,93]
[883,93] 1 [884,97]
[884,97] 1 [885,100]
[885,100] 1 [886,102]
[886,102] 1 [887,104]
[887,104] 1 [888,107]
[888,107] 1 [889,109]
[889,109] 1 [890,111]
[890,111] 1 [891,115]
[891,115] 1 [892,118]
[892,118] 1 [893,122]
[893,122] 1 [894,124]
[894,124] 1 [895,126]
[895,126] 1 [896,128]
[896,128] 1 [897,131]
[897,131] 1 [898,134]
[898,134] 1 [899,138]
[899,138] 1 [900,142]
[900,142] 1 [901,146]
[901,146] 1 [902,149]
[902,149] 1 [903,151]
[903,151] 1 [904,154]
[904,154] 1 [905,156]
[905,156] 1 [906,159]
[906,159] 1 [907,161]
[907,161] 1 [908,164]
[908,164] 1 [909,168]
[909,168] 1 [910,170]
[910,170] 1 [911,173]
[911,173] 1 [912,175]
[912,175] 1 [913,6]
[913,6] 1 [914,6]
[914,6] 1 [915,6]
[915,6] 1 [916,6]
[916,6] 1 [917,6]
[917,6] 1 [918,6]
[918,6] 1 [919,6]
[919,6] 1 [920,6]
[920,6] 1 [921,6]
[921,6] 1 [922,6]
[922,6] 1 [923,10]
[923,10] 1 [924,14]
[924,14] 1 [925,18]
[925,18] 1 [926,20]
[926,20] 1 [927,24]
[927,24] 1 [928,26]
[928,26] 1 [929,28]
[929,28] 0 [930,28]
[930,28] 1 [931,28]
[931,28] 2 [932,26]
[932,26] 1 [933,30]
[933,30] 1 [934,32]
[934,32] 1 [935,35]
[935,35] 1 [936,38]
[936,38] 1 [937,41]
[937,41] 1 [938,45]
[938,45] 1 [939,49]
[939,49] 1 [940,53]
[940,53] 1 [941,55]
[941,55] 1 [942,57]
[942,57] 1 [943,59]
[943,59] 1 [944,62]
[944,62] 1 [945,64]
[945,64] 1 [946,68]
[946,68] 1 [947,71]
[947,71] 1 [948,74]
[948,74] 1 [949,78]
[949,78] 1 [950,82]
[950,82] 1 [951,86]
[951,86] 1 [952,88]
[952,88] 1 [953,91]
[953,91] 1 [954,95]
[954,95] 1 [955,98]
[955,98] 1 [956,102]
[956,102] 1 [957,106]
[957,106] 1 [958,110]
[958,110] 1 [959,112]
[959,112] 1 [960,115]
[960,115] 1 [961,117]
[961,117] 1 [962,120]
[962,120] 1 [963,122]
[963,122] 1 [964,124]
[964,124] 1 [965,127]
[965,127] 1 [966,130]
[966,130] 1 [967,132]
[967,132] 1 [968,134]
[968,134] 1 [969,137]
[969,137] 1 [970,141]
[970,141] 1 [971,144]
[971,144] 1 [972,148]
[972,148] 1 [973,150]
[973,150] 1 [974,152]
[974,152] 1 [975,156]
[975,156] 1 [976,158]
[976,158] 1 [977,161]
[977,161] 1 [978,164]
[978,164] 1 [979,167]
[979,167] 1 [980,169]
[980,169] 1 [981,173]
[981,173] 1 [982,175]
[982,175] 1 [983,6]
[983,6] 1 [984,6]
[984,6] 1 [985,6]
[985,6] 1 [986,6]
[986,6] 1 [987,6]
[987,6] 1 [988,6]
[988,6] 1 [989,6]
[989,6] 1 [990,6]
[990,6] 1 [991,6]
[991,6] 1 [992,6]
[992,6] 1 [993,6]
[993,6] 1 [994,6]
[994,6] 1 [995,10]
[995,10] 1 [996,14]
[996,14] 0 [997,14]
[997,14] 2 [998,13]
[998,13] 1 [999,15]
[999,15] 2 [1000,11]
[1000,11] 1 [1001,13]
[1001,13] 1 [1002,16]
[1002,16] 2 [1003,12]
[1003,12] 1 [1004,12]
[1004,12] 1 [1005,16]
[1005,16] 1 [1006,20]
[1006,20] 2 [1007,16]
[1007,16] 1 [1008,19]
[1008,19] 2 [1009,16]
[1009,16] 2 [1010,13]
[1010,13] 2 [1011,9]
[1011,9] 2 [1012,6]
[1012,6] 1 [1013,8]
[1013,8] 1 [1014,11]
[1014,11] 1 [1015,14]
[1015,14] 1 [1016,17]
[1016,17] 1 [1017,20]
[1017,20] 1 [1018,24]
[1018,24] 1 [1019,28]
[1019,28] 1 [1020,31]
[1020,31] 2 [1021,27]
[1021,27] 1 [1022,29]
[1022,29] 1 [1023,33]
[1023,33] 1 [1024,36]
[1024,36] 1 [1025,39]
[1025,39] 1 [1026,41]
[1026,41] 1 [1027,44]
[1027,44] 1 [1028,47]
[1028,47] 1 [1029,51]
[1029,51] 1 [1030,53]
[1030,53] 1 [1031,56]
[1031,56] 1 [1032,60]
[1032,60] 1 [1033,63]
[1033,63] 1 [1034,66]
[1034,66] 1 [1035,70]
[1035,70] 1 [1036,74]
[1036,74] 1 [1037,78]
[1037,78] 1 [1038,82]
[1038,82] 1 [1039,86]
[1039,86] 1 [1040,90]
[1040,90] 1 [1041,93]
[1041,93] 1 [1042,96]
[1042,96] 1 [1043,100]
[1043,100] 1 [1044,104]
[1044,104] 1 [1045,108]
[1045,108] 1 [1046,112]
[1046,112] 1 [1047,115]
[1047,115] 1 [1048,118]
[1048,118] 1 [1049,120]
[1049,120] 1 [1050,123]
[1050,123] 1 [1051,127]
[1051,127] 1 [1052,131]
[1052,131] 1 [1053,135]
[1053,135] 1 [1054,138]
[1054,138] 1 [1055,140]
[1055,140] 1 [1056,144]
[1056,144] 1 [1057,148]
[1057,148] 1 [1058,150]
[1058,150] 1 [1059,154]
[1059,154] 1 [1060,158]
[1060,158] 1 [1061,162]
[1061,162] 1 [1062,165]
[1062,165] 1 [1063,167]
[1063,167] 1 [1064,169]
[1064,169] 1 [1065,171]
[1065,171] 1 [1066,174]
[1066,174] 1 [1067,176]
[1067,176] 1 [1068,6]
[1068,6] 1 [1069,6]
[1069,6] 1 [1070,6]
[1070,6] 1 [1071,6]
[1071,6] 1 [1072,6]
[1072,6] 1 [1073,6]
[1073,6] 1 [1074,6]
[1074,6] 1 [1075,6]
[1075,6] 1 [1076,6]
[1076,6] 1 [1077,7]
[1077,7] 1 [1078,9]
[1078,9] 2 [1079,6]
[1079,6] 1 [1080,8]
[1080,8] 1 [1081,12]
[1081,12] 1 [1082,15]
[1082,15] 2 [1083,11]
[1083,11] 1 [1084,13]
[1084,13] 2 [1085,9]
[1085,9] 1 [1086,9]
[1086,9] 1 [1087,11]
[1087,11] 1 [1088,15]
[1088,15] 1 [1089,19]
[1089,19] 1 [1090,21]
[1090,21] 1 [1091,25]
[1091,25] 1 [1092,28]
[1092,28] 1 [1093,32]
[1093,32] 1 [1094,35]
[1094,35] 1 [1095,37]
[1095,37] 1 [1096,41]
[1096,41] 1 [1097,43]
[1097,43] 1 [1098,46]
[1098,46] 1 [1099,49]
[1099,49] 1 [1100,52]
[1100,52] 1 [1101,55]
[1101,55] 1 [1102,59]
[1102,59] 1 [1103,62]
[1103,62] 1 [1104,66]
[1104,66] 1 [1105,68]
[1105,68] 1 [1106,71]
[1106,71] 1 [1107,74]
[1107,74] 1 [1108,78]
[1108,78] 1 [1109,80]
[1109,80] 1 [1110,82]
[1110,82] 1 [1111,84]
[1111,84] 1 [1112,86]
[1112,86] 1 [1113,90]
[1113,90] 1 [1114,94]
[1114,94] 1 [1115,97]
[1115,97] 1 [1116,99]
[1116,99] 1 [1117,101]
[1117,101] 1 [1118,105]
[1118,105] 1 [1119,109]
[1119,109] 1 [1120,113]
[1120,113] 1 [1121,117]
[1121,117] 1 [1122,119]
[1122,119] 1 [1123,121]
[1123,121] 1 [1124,123]
[1124,123] 1 [1125,125]
[1125,125] 1 [1126,129]
[1126,129] 1 [1127,132]
[1127,132] 1 [1128,134]
[1128,134] 1 [1129,137]
[1129,137] 1 [1130,140]
[1130,140] 1 [1131,142]
[1131,142] 1 [1132,146]
[1132,146] 1 [1133,148]
[1133,148] 1 [1134,151]
[1134,151] 1 [1135,153]
[1135,153] 1 [1136,157]
[1136,157] 1 [1137,161]
[1137,161] 1 [1138,163]
[1138,163] 1 [1139,166]
[1139,166] 1 [1140,170]
[1140,170] 1 [1141,173]
[1141,173] 1 [1142,175]
[1142,175] 1 [1143,177]
[1143,177] 1 [1144,6]
[1144,6] 1 [1145,6]
[1145,6] 1 [1146,6]
[1146,6] 1 [1147,6]
[1147,6] 1 [1148,6]
[1148,6] 1 [1149,6]
[1149,6] 1 [1150,6]
[1150,6] 1 [1151,6]
[1151,6] 1 [1152,6]
[1152,6] 1 [1153,6]
[1153,6] 1 [1154,6]
[1154,6] 1 [1155,9]
[1155,9] 1 [1156,11]
[1156,11] 2 [1157,12]
[1157,12] 0 [1158,11]
[1158,11] 2 [1159,8]
[1159,8] 1 [1160,10]
[1160,10] 2 [1161,6]
[1161,6] 1 [1162,8]
[1162,8] 1 [1163,10]
[1163,10] 1 [1164,12]
[1164,12] 2 [1165,8]
[1165,8] 1 [1166,11]
[1166,11] 2 [1167,8]
[1167,8] 1 [1168,10]
[1168,10] 1 [1169,14]
[1169,14] 1 [1170,17]
[1170,17] 2 [1171,16]
[1171,16] 2 [1172,12]
[1172,12] 1 [1173,13]
[1173,13] 1 [1174,17]
[1174,17] 2 [1175,13]
[1175,13] 2 [1176,9]
[1176,9] 1 [1177,11]
[1177,11] 2 [1178,10]
[1178,10] 1 [1179,12]
[1179,12] 2 [1180,10]
[1180,10] 1 [1181,10]
[1181,10] 1 [1182,12]
[1182,12] 1 [1183,14]
[1183,14] 1 [1184,18]
[1184,18] 1 [1185,21]
[1185,21] 1 [1186,25]
[1186,25] 1 [1187,27]
[1187,27] 1 [1188,29]
[1188,29] 1 [1189,31]
[1189,31] 1 [1190,35]
[1190,35] 1 [1191,38]
[1191,38] 1 [1192,41]
[1192,41] 1 [1193,44]
[1193,44] 1 [1194,47]
[1194,47] 1 [1195,51]
[1195,51] 1 [1196,55]
[1196,55] 1 [1197,58]
[1197,58] 1 [1198,62]
[1198,62] 1 [1199,66]
[1199,66] 1 [1200,69]
[1200,69] 1 [1201,72]
[1201,72] 1 [1202,74]
[1202,74] 1 [1203,77]
[1203,77] 1 [1204,81]
[1204,81] 1 [1205,84]
[1205,84] 1 [1206,86]
[1206,86] 1 [1207,89]
[1207,89] 1 [1208,91]
[1208,91] 1 [1209,94]
[1209,94] 1 [1210,98]
[1210,98] 1 [1211,100]
[1211,100] 1 [1212,104]
[1212,104] 1 [1213,106]
[1213,106] 1 [1214,110]
[1214,110] 1 [1215,113]
[1215,113] 1 [1216,115]
[1216,115] 1 [1217,119]
[1217,119] 2 [1218,115]
[1218,115] 1 [1219,118]
[1219,118] 1 [1220,121]
[1220,121] 1 [1221,125]
[1221,125] 1 [1222,129]
[1222,129] 2 [1223,125]
[1223,125] 1 [1224,127]
[1224,127] 1 [1225,130]
[1225,130] 1 [1226,133]
[1226,133] 1 [1227,137]
[1227,137] 1 [1228,141]
[1228,141] 1 [1229,144]
[1229,144] 1 [1230,146]
[1230,146] 1 [1231,149]
[1231,149] 1 [1232,153]
[1232,153] 1 [1233,155]
[1233,155] 1 [1234,157]
[1234,157] 1 [1235,160]
[1235,160] 1 [1236,162]
[1236,162] 1 [1237,164]
[1237,164] 1 [1238,167]
[1238,167] 1 [1239,170]
[1239,170] 1 [1240,174]
[1240,174] 1 [1241,176]
[1241,176] 1 [1242,6]
[1242,6] 1 [1243,6]
[1243,6] 1 [1244,6]
[1244,6] 1 [1245,6]
[1245,6] 1 [1246,6]
[1246,6] 1 [1247,6]
[1247,6] 1 [1248,6]
[1248,6] 1 [1249,6]
[1249,6] 1 [1250,6]
[1250,6] 1 [1251,6]
[1251,6] 1 [1252,8]
[1252,8] 1 [1253,10]
[1253,10] 1 [1254,14]
[1254,14] 1 [1255,17]
[1255,17] 1 [1256,20]
[1256,20] 1 [1257,24]
[1257,24] 1 [1258,27]
[1258,27] 1 [1259,29]
[1259,29] 1 [1260,32]
[1260,32] 1 [1261,34]
[1261,34] 1 [1262,36]
[1262,36] 1 [1263,38]
[1263,38] 1 [1264,42]
[1264,42] 1 [1265,45]
[1265,45] 1 [1266,47]
[1266,47] 1 [1267,51]
[1267,51] 1 [1268,55]
[1268,55] 1 [1269,58]
[1269,58] 1 [1270,60]
[1270,60] 1 [1271,63]
[1271,63] 1 [1272,66]
[1272,66] 1 [1273,70]
[1273,70] 1 [1274,74]
[1274,74] 1 [1275,77]
[1275,77] 1 [1276,81]
[1276,81] 1 [1277,85]
[1277,85] 1 [1278,88]
[1278,88] 1 [1279,92]
[1279,92] 1 [1280,94]
[1280,94] 1 [1281,98]
[1281,98] 1 [1282,101]
[1282,101] 1 [1283,104]
[1283,104] 1 [1284,108]
[1284,108] 1 [1285,111]
[1285,111] 1 [1286,113]
[1286,113] 1 [1287,117]
[1287,117] 1 [1288,121]
[1288,121] 1 [1289,125]
[1289,125] 1 [1290,128]
[1290,128] 1 [1291,130]
[1291,130] 1 [1292,132]
[1292,132] 1 [1293,134]
[1293,134] 1 [1294,136]
[1294,136] 1 [1295,139]
[1295,139] 1 [1296,143]
[1296,143] 1 [1297,147]
[1297,147] 1 [1298,151]
[1298,151] 1 [1299,154]
[1299,154] 1 [1300,158]
[1300,158] 1 [1301,160]
[1301,160] 1 [1302,162]
[1302,162] 1 [1303,164]
[1303,164] 1 [1304,166]
[1304,166] 1 [1305,170]
[1305,170] 1 [1306,173]
[1306,173] 1 [1307,176]
[1307,176] 1 [1308,6]
[1308,6] 1 [1309,6]
[1309,6] 1 [1310,6]
[1310,6] 1 [1311,6]
[1311,6] 1 [1312,6]
[1312,6] 1 [1313,6]
[1313,6] 1 [1314,6]
[1314,6] 1 [1315,6]
[1315,6] 1 [1316,6]
[1316,6] 1 [1317,7]
[1317,7] 1 [1318,9]
[1318,9] 2 [1319,6]
[1319,6] 1 [1320,7]
[1320,7] 1 [1321,11]
[1321,11] 1 [1322,13]
[1322,13] 1 [1323,16]
[1323,16] 1 [1324,19]
[1324,19] 1 [1325,23]
[1325,23] 2 [1326,19]
[1326,19] 1 [1327,21]
[1327,21] 1 [1328,23]
[1328,23] 1 [1329,26]
[1329,26] 1 [1330,28]
[1330,28] 1 [1331,30]
[1331,30] 1 [1332,32]
[1332,32] 1 [1333,34]
[1333,34] 1 [1334,37]
[1334,37] 1 [1335,39]
[1335,39] 1 [1336,43]
[1336,43] 2 [1337,42]
[1337,42] 1 [1338,44]
[1338,44] 1 [1339,48]
[1339,48] 1 [1340,50]
[1340,50] 1 [1341,54]
[1341,54] 1 [1342,58]
[1342,58] 1 [1343,62]
[1343,62] 1 [1344,65]
[1344,65] 1 [1345,68]
[1345,68] 1 [1346,70]
[1346,70] 1 [1347,73]
[1347,73] 1 [1348,77]
[1348,77] 1 [1349,79]
[1349,79] 1 [1350,81]
[1350,81] 2 [1351,77]
[1351,77] 2 [1352,75]
[1352,75] 2 [1353,73]
[1353,73] 1 [1354,75]
[1354,75] 1 [1355,79]
[1355,79] 1 [1356,83]
[1356,83] 1 [1357,87]
[1357,87] 1 [1358,89]
[1358,89] 1 [1359,91]
[1359,91] 1 [1360,93]
[1360,93] 1 [1361,95]
[1361,95] 1 [1362,99]
[1362,99] 1 [1363,103]
[1363,103] 1 [1364,107]
[1364,107] 1 [1365,109]
[1365,109] 1 [1366,111]
[1366,111] 1 [1367,113]
[1367,113] 1 [1368,115]
[1368,115] 1 [1369,118]
[1369,118] 1 [1370,122]
[1370,122] 1 [1371,126]
[1371,126] 1 [1372,130]
[1372,130] 1 [1373,134]
[1373,134] 1 [1374,136]
[1374,136] 1 [1375,138]
[1375,138] 1 [1376,140]
[1376,140] 1 [1377,142]
[1377,142] 1 [1378,145]
[1378,145] 1 [1379,148]
[1379,148] 1 [1380,150]
[1380,150] 1 [1381,154]
[1381,154] 1 [1382,156]
[1382,156] 1 [1383,160]
[1383,160] 1 [1384,164]
[1384,164] 1 [1385,167]
[1385,167] 1 [1386,171]
[1386,171] 1 [1387,175]
[1387,175] 1 [1388,177]
[1388,177] 1 [1389,6]
[1389,6] 1 [1390,6]
[1390,6] 1 [1391,6]
[1391,6] 1 [1392,6]
[1392,6] 1 [1393,6]
[1393,6] 1 [1394,6]
[1394,6] 1 [1395,6]
[1395,6] 1 [1396,6]
[1396,6] 1 [1397,7]
[1397,7] 0 [1398,7]
[1398,7] 2 [1399,6]
[1399,6] 1 [1400,8]
[1400,8] 1 [1401,11]
[1401,11] 1 [1402,13]
[1402,13] 2 [1403,9]
[1403,9] 1 [1404,11]
[1404,11] 2 [1405,11]
[1405,11] 2 [1406,9]
[1406,9] 2 [1407,6]
[1407,6] 1 [1408,8]
[1408,8] 1 [1409,11]
[1409,11] 1 [1410,13]
[1410,13] 2 [1411,9]
[1411,9] 1 [1412,11]
[1412,11] 2 [1413,9]
[1413,9] 0 [1414,7]
[1414,7] 2 [1415,6]
[1415,6] 1 [1416,7]
[1416,7] 1 [1417,9]
[1417,9] 2 [1418,11]
[1418,11] 2 [1419,8]
[1419,8] 1 [1420,11]
[1420,11] 2 [1421,8]
[1421,8] 1 [1422,10]
[1422,10] 1 [1423,12]
[1423,12] 2 [1424,9]
[1424,9] 1 [1425,12]
[1425,12] 1 [1426,16]
[1426,16] 1 [1427,19]
[1427,19] 1 [1428,22]
[1428,22] 1 [1429,24]
[1429,24] 1 [1430,27]
[1430,27] 1 [1431,30]
[1431,30] 1 [1432,34]
[1432,34] 1 [1433,38]
[1433,38] 1 [1434,41]
[1434,41] 1 [1435,43]
[1435,43] 1 [1436,46]
[1436,46] 1 [1437,49]
[1437,49] 1 [1438,52]
[1438,52] 1 [1439,55]
[1439,55] 1 [1440,59]
[1440,59] 1 [1441,62]
[1441,62] 1 [1442,65]
[1442,65] 1 [1443,68]
[1443,68] 1 [1444,72]
[1444,72] 1 [1445,74]
[1445,74] 1 [1446,76]
[1446,76] 1 [1447,78]
[1447,78] 1 [1448,81]
[1448,81] 1 [1449,84]
[1449,84] 1 [1450,87]
[1450,87] 1 [1451,89]
[1451,89] 1 [1452,93]
[1452,93] 1 [1453,97]
[1453,97] 1 [1454,101]
[1454,101] 1 [1455,105]
[1455,105] 1 [1456,108]
[1456,108] 1 [1457,112]
[1457,112] 1 [1458,115]
[1458,115] 1 [1459,117]
[1459,117] 1 [1460,121]
[1460,121] 1 [1461,125]
[1461,125] 1 [1462,129]
[1462,129] 1 [1463,133]
[1463,133] 1 [1464,136]
[1464,136] 1 [1465,138]
[1465,138] 1 [1466,141]
[1466,141] 1 [1467,145]
[1467,145] 1 [1468,149]
[1468,149] 1 [1469,151]
[1469,151] 1 [1470,153]
[1470,153] 1 [1471,156]
[1471,156] 1 [1472,158]
[1472,158] 1 [1473,162]
[1473,162] 1 [1474,165]
[1474,165] 1 [1475,169]
[1475,169] 1 [1476,171]
[1476,171] 1 [1477,174]
[1477,174] 1 [1478,176]
[1478,176] 1 [1479,6]
[1479,6] 1 [1480,6]
[1480,6] 1 [1481,6]
[1481,6] 1 [1482,6]
[1482,6] 1 [1483,6]
[1483,6] 1 [1484,6]
[1484,6] 1 [1485,6]
[1485,6] 1 [1486,6]
[1486,6] 1 [1487,6]
[1487,6] 1 [1488,6]
[1488,6] 1 [1489,6]
[1489,6] 0 [1490,7]
[1490,7] 1 [1491,9]
[1491,9] 1 [1492,13]
[1492,13] 1 [1493,16]
[1493,16] 1 [1494,20]
[1494,20] 1 [1495,24]
[1495,24] 1 [1496,27]
[1496,27] 1 [1497,30]
[1497,30] 1 [1498,33]
[1498,33] 1 [1499,36]
[1499,36] 1 [1500,40]
[1500,40] 1 [1501,44]
[1501,44] 1 [1502,46]
[1502,46] 1 [1503,48]
[1503,48] 1 [1504,52]
[1504,52] 1 [1505,56]
[1505,56] 1 [1506,58]
[1506,58] 1 [1507,60]
[1507,60] 1 [1508,62]
[1508,62] 1 [1509,64]
[1509,64] 1 [1510,66]
[1510,66] 1 [1511,68]
[1511,68] 1 [1512,71]
[1512,71] 1 [1513,74]
[1513,74] 1 [1514,78]
[1514,78] 1 [1515,80]
[1515,80] 1 [1516,83]
[1516,83] 1 [1517,86]
[1517,86] 1 [1518,89]
[1518,89] 1 [1519,92]
[1519,92] 1 [1520,95]
[1520,95] 1 [1521,98]
[1521,98] 1 [1522,100]
[1522,100] 1 [1523,104]
[1523,104] 1 [1524,106]
[1524,106] 1 [1525,109]
[1525,109] 1 [1526,111]
[1526,111] 1 [1527,114]
[1527,114] 1 [1528,117]
[1528,117] 1 [1529,119]
[1529,119] 1 [1530,121]
[1530,121] 1 [1531,124]
[1531,124] 1 [1532,128]
[1532,128] 1 [1533,131]
[1533,131] 1 [1534,134]
[1534,134] 1 [1535,136]
[1535,136] 1 [1536,139]
[1536,139] 1 [1537,143]
[1537,143] 1 [1538,147]
[1538,147] 1 [1539,149]
[1539,149] 1 [1540,153]
[1540,153] 1 [1541,155]
[1541,155] 1 [1542,158]
[1542,158] 1 [1543,161]
[1543,161] 1 [1544,163]
[1544,163] 1 [1545,167]
[1545,167] 1 [1546,170]
[1546,170] 1 [1547,174]
[1547,174] 1 [1548,176]
[1548,176] 1 [1549,6]
[1549,6] 1 [1550,6]
[1550,6] 1 [1551,6]
[1551,6] 1 [1552,6]
[1552,6] 1 [1553,6]
[1553,6] 1 [1554,6]
[1554,6] 1 [1555,6]
[1555,6] 1 [1556,6]
[1556,6] 1 [1557,6]
[1557,6] 1 [1558,7]
[1558,7] 1 [1559,10]
[1559,10] 0 [1560,11]
[1560,11] 1 [1561,14]
[1561,14] 1 [1562,16]
[1562,16] 1 [1563,18]
[1563,18] 1 [1564,21]
[1564,21] 1 [1565,23]
[1565,23] 0 [1566,23]
[1566,23] 1 [1567,27]
[1567,27] 1 [1568,29]
[1568,29] 1 [1569,33]
[1569,33] 1 [1570,36]
[1570,36] 1 [1571,40]
[1571,40] 1 [1572,43]
[1572,43] 1 [1573,45]
[1573,45] 0 [1574,45]
[1574,45] 1 [1575,47]
[1575,47] 1 [1576,49]
[1576,49] 1 [1577,52]
[1577,52] 1 [1578,54]
[1578,54] 1 [1579,56]
[1579,56] 1 [1580,58]
[1580,58] 1 [1581,61]
[1581,61] 1 [1582,65]
[1582,65] 1 [1583,69]
[1583,69] 1 [1584,72]
[1584,72] 1 [1585,76]
[1585,76] 1 [1586,78]
[1586,78] 1 [1587,82]
[1587,82] 1 [1588,86]
[1588,86] 1 [1589,88]
[1589,88] 1 [1590,92]
[1590,92] 1 [1591,94]
[1591,94] 1 [1592,97]
[1592,97] 1 [1593,99]
[1593,99] 1 [1594,101]
[1594,101] 1 [1595,104]
[1595,104] 1 [1596,107]
[1596,107] 1 [1597,110]
[1597,110] 1 [1598,113]
[1598,113] 1 [1599,116]
[1599,116] 1 [1600,120]
[1600,120] 1 [1601,122]
[1601,122] 1 [1602,126]
[1602,126] 1 [1603,130]
[1603,130] 1 [1604,133]
[1604,133] 1 [1605,135]
[1605,135] 1 [1606,138]
[1606,138] 1 [1607,142]
[1607,142] 1 [1608,144]
[1608,144] 1 [1609,146]
[1609,146] 1 [1610,150]
[1610,150] 1 [1611,152]
[1611,152] 1 [1612,156]
[1612,156] 1 [1613,158]
[1613,158] 1 [1614,162]
[1614,162] 1 [1615,164]
[1615,164] 1 [1616,167]
[1616,167] 1 [1617,170]
[1617,170] 1 [1618,174]
[1618,174] 1 [1619,176]
[1619,176] 1 [1620,6]
[1620,6] 1 [1621,6]
[1621,6] 1 [1622,6]
[1622,6] 1 [1623,6]
[1623,6] 1 [1624,6]
[1624,6] 1 [1625,6]
[1625,6] 1 [1626,6]
[1626,6] 1 [1627,6]
[1627,6] 1 [1628,6]
[1628,6] 1 [1629,6]
[1629,6] 1 [1630,10]
[1630,10] 1 [1631,12]
[1631,12] 1 [1632,15]
[1632,15] 1 [1633,19]
[1633,19] 2 [1634,16]
[1634,16] 2 [1635,13]
[1635,13] 2 [1636,9]
[1636,9] 1 [1637,11]
[1637,11] 2 [1638,7]
[1638,7] 1 [1639,9]
[1639,9] 2 [1640,7]
[1640,7] 1 [1641,8]
[1641,8] 2 [1642,6]
[1642,6] 1 [1643,8]
[1643,8] 1 [1644,10]
[1644,10] 1 [1645,12]
[1645,12] 2 [1646,10]
[1646,10] 2 [1647,6]
[1647,6] 1 [1648,8]
[1648,8] 1 [1649,10]
[1649,10] 2 [1650,6]
[1650,6] 1 [1651,8]
[1651,8] 1 [1652,10]
[1652,10] 1 [1653,12]
[1653,12] 2 [1654,8]
[1654,8] 1 [1655,8]
[1655,8] 1 [1656,12]
[1656,12] 1 [1657,14]
[1657,14] 1 [1658,17]
[1658,17] 1 [1659,20]
[1659,20] 1 [1660,24]
[1660,24] 1 [1661,26]
[1661,26] 1 [1662,29]
[1662,29] 1 [1663,33]
[1663,33] 1 [1664,36]
[1664,36] 1 [1665,38]
[1665,38] 1 [1666,40]
[1666,40] 1 [1667,43]
[1667,43] 1 [1668,47]
[1668,47] 1 [1669,51]
[1669,51] 1 [1670,53]
[1670,53] 1 [1671,55]
[1671,55] 1 [1672,58]
[1672,58] 1 [1673,62]
[1673,62] 1 [1674,66]
[1674,66] 1 [1675,70]
[1675,70] 1 [1676,74]
[1676,74] 1 [1677,77]
[1677,77] 1 [1678,81]
[1678,81] 1 [1679,83]
[1679,83] 1 [1680,87]
[1680,87] 1 [1681,91]
[1681,91] 1 [1682,95]
[1682,95] 1 [1683,97]
[1683,97] 1 [1684,99]
[1684,99] 1 [1685,102]
[1685,102] 1 [1686,106]
[1686,106] 1 [1687,110]
[1687,110] 1 [1688,113]
[1688,113] 1 [1689,115]
[1689,115] 1 [1690,119]
[1690,119] 1 [1691,121]
[1691,121] 1 [1692,124]
[1692,124] 1 [1693,128]
[1693,128] 1 [1694,130]
[1694,130] 1 [1695,133]
[1695,133] 1 [1696,137]
[1696,137] 1 [1697,140]
[1697,140] 1 [1698,142]
[1698,142] 1 [1699,145]
[1699,145] 1 [1700,149]
[1700,149] 1 [1701,151]
[1701,151] 1 [1702,155]
[1702,155] 1 [1703,157]
[1703,157] 1 [1704,159]
[1704,159] 1 [1705,161]
[1705,161] 1 [1706,164]
[1706,164] 1 [1707,167]
[1707,167] 1 [1708,171]
[1708,171] 1 [1709,173]
[1709,173] 1 [1710,177]
[1710,177] 1 [1711,6]
[1711,6] 1 [1712,6]
[1712,6] 1 [1713,6]
[1713,6] 1 [1714,6]
[1714,6] 1 [1715,6]
[1715,6] 1 [1716,6]
[1716,6] 1 [1717,6]
[1717,6] 1 [1718,6]
[1718,6] 0 [1719,6]
[1719,6] 1 [1720,7]
[1720,7] 1 [1721,9]
[1721,9] 1 [1722,11]
[1722,11] 1 [1723,13]
[1723,13] 1 [1724,16]
[1724,16] 2 [1725,12]
[1725,12] 1 [1726,14]
[1726,14] 1 [1727,17]
[1727,17] 2 [1728,13]
[1728,13] 1 [1729,14]
[1729,14] 1 [1730,17]
[1730,17] 1 [1731,19]
[1731,19] 2 [1732,15]
[1732,15] 1 [1733,17]
[1733,17] 1 [1734,21]
[1734,21] 1 [1735,23]
[1735,23] 1 [1736,27]
[1736,27] 1 [1737,30]
[1737,30] 1 [1738,32]
[1738,32] 1 [1739,35]
[1739,35] 1 [1740,39]
[1740,39] 1 [1741,43]
[1741,43] 1 [1742,45]
[1742,45] 1 [1743,49]
[1743,49] 1 [1744,51]
[1744,51] 1 [1745,55]
[1745,55] 1 [1746,59]
[1746,59] 1 [1747,63]
[1747,63] 1 [1748,67]
[1748,67] 1 [1749,69]
[1749,69] 1 [1750,73]
[1750,73] 1 [1751,76]
[1751,76] 1 [1752,79]
[1752,79] 1 [1753,81]
[1753,81] 1 [1754,84]
[1754,84] 1 [1755,86]
[1755,86] 1 [1756,90]
[1756,90] 1 [1757,94]
[1757,94] 1 [1758,98]
[1758,98] 1 [1759,101]
[1759,101] 1 [1760,104]
[1760,104] 1 [1761,107]
[1761,107] 1 [1762,110]
[1762,110] 1 [1763,113]
[1763,113] 1 [1764,117]
[1764,117] 1 [1765,121]
[1765,121] 1 [1766,125]
[1766,125] 1 [1767,127]
[1767,127] 1 [1768,129]
[1768,129] 1 [1769,132]
[1769,132] 1 [1770,134]
[1770,134] 1 [1771,136]
[1771,136] 1 [1772,140]
[1772,140] 1 [1773,144]
[1773,144] 1 [1774,148]
[1774,148] 1 [1775,152]
[1775,152] 1 [1776,154]
[1776,154] 1 [1777,156]
[1777,156] 1 [1778,159]
[1778,159] 1 [1779,161]
[1779,161] 1 [1780,164]
[1780,164] 1 [1781,167]
[1781,167] 1 [1782,169]
[1782,169] 1 [1783,172]
[1783,172] 1 [1784,175]
[1784,175] 1 [1785,177]
[1785,177] 1 [1786,6]
[1786,6] 1 [1787,6]
[1787,6] 1 [1788,6]
[1788,6] 1 [1789,6]
[1789,6] 1 [1790,6]
[1790,6] 1 [1791,6]
[1791,6] 1 [1792,6]
[1792,6] 1 [1793,6]
[1793,6] 1 [1794,6]
[1794,6] 1 [1795,6]
[1795,6] 1 [1796,6]
[1796,6] 1 [1797,8]
[1797,8] 1 [1798,12]
[1798,12] 1 [1799,15]
[1799,15] 0 [1800,16]
[1800,16] 2 [1801,13]
[1801,13] 1 [1802,15]
[1802,15] 2 [1803,12]
[1803,12] 1 [1804,12]
[1804,12] 2 [1805,8]
[1805,8] 1 [1806,10]
[1806,10] 1 [1807,13]
[1807,13] 1 [1808,15]
[1808,15] 2 [1809,11]
[1809,11] 1 [1810,14]
[1810,14] 1 [1811,17]
[1811,17] 2 [1812,13]
[1812,13] 2 [1813,9]
[1813,9] 1 [1814,9]
[1814,9] 2 [1815,7]
[1815,7] 1 [1816,8]
[1816,8] 1 [1817,11]
[1817,11] 1 [1818,14]
[1818,14] 1 [1819,18]
[1819,18] 1 [1820,22]
[1820,22] 1 [1821,25]
[1821,25] 1 [1822,28]
[1822,28] 2 [1823,24]
[1823,24] 2 [1824,20]
[1824,20] 1 [1825,23]
[1825,23] 1 [1826,26]
[1826,26] 1 [1827,29]
[1827,29] 1 [1828,33]
[1828,33] 1 [1829,37]
[1829,37] 1 [1830,41]
[1830,41] 1 [1831,43]
[1831,43] 1 [1832,46]
[1832,46] 1 [1833,50]
[1833,50] 1 [1834,52]
[1834,52] 1 [1835,56]
[1835,56] 1 [1836,60]
[1836,60] 1 [1837,63]
[1837,63] 1 [1838,67]
[1838,67] 1 [1839,70]
[1839,70] 1 [1840,74]
[1840,74] 1 [1841,78]
[1841,78] 1 [1842,81]
[1842,81] 1 [1843,83]
[1843,83] 1 [1844,85]
[1844,85] 1 [1845,87]
[1845,87] 1 [1846,91]
[1846,91] 1 [1847,93]
[1847,93] 1 [1848,97]
[1848,97] 1 [1849,101]
[1849,101] 1 [1850,104]
[1850,104] 1 [1851,107]
[1851,107] 1 [1852,111]
[1852,111] 2 [1853,110]
[1853,110] 1 [1854,112]
[1854,112] 2 [1855,110]
[1855,110] 2 [1856,106]
[1856,106] 1 [1857,108]
[1857,108] 1 [1858,110]
[1858,110] 1 [1859,114]
[1859,114] 1 [1860,116]
[1860,116] 1 [1861,119]
[1861,119] 1 [1862,121]
[1862,121] 1 [1863,125]
[1863,125] 1 [1864,127]
[1864,127] 1 [1865,129]
[1865,129] 1 [1866,132]
[1866,132] 1 [1867,135]
[1867,135] 1 [1868,139]
[1868,139] 1 [1869,142]
[1869,142] 1 [1870,144]
[1870,144] 1 [1871,148]
[1871,148] 1 [1872,152]
[1872,152] 1 [1873,154]
[1873,154] 1 [1874,157]
[1874,157] 1 [1875,161]
[1875,161] 1 [1876,163]
[1876,163] 1 [1877,167]
[1877,167] 1 [1878,170]
[1878,170] 1 [1879,173]
[1879,173] 1 [1880,176]
[1880,176] 1 [1881,6]
[1881,6] 1 [1882,6]
[1882,6] 1 [1883,6]
[1883,6] 1 [1884,6]
[1884,6] 1 [1885,6]
[1885,6] 1 [1886,6]
[1886,6] 1 [1887,6]
[1887,6] 1 [1888,6]
[1888,6] 1 [1889,6]
[1889,6] 1 [1890,6]
[1890,6] 1 [1891,6]
[1891,6] 0 [1892,6]
[1892,6] 1 [1893,9]
[1893,9] 1 [1894,11]
[1894,11] 1 [1895,14]
[1895,14] 1 [1896,18]
[1896,18] 1 [1897,22]
[1897,22] 1 [1898,26]
[1898,26] 1 [1899,29]
[1899,29] 1 [1900,31]
[1900,31] 1 [1901,35]
[1901,35] 1 [1902,39]
[1902,39] 1 [1903,43]
[1903,43] 1 [1904,46]
[1904,46] 1 [1905,50]
[1905,50] 1 [1906,52]
[1906,52] 1 [1907,54]
[1907,54] 1 [1908,56]
[1908,56] 1 [1909,59]
[1909,59] 1 [1910,61]
[1910,61] 1 [1911,64]
[1911,64] 1 [1912,68]
[1912,68] 1 [1913,72]
[1913,72] 1 [1914,75]
[1914,75] 1 [1915,79]
[1915,79] 1 [1916,82]
[1916,82] 1 [1917,86]
[1917,86] 1 [1918,89]
[1918,89] 1 [1919,91]
[1919,91] 1 [1920,94]
[1920,94] 1 [1921,98]
[1921,98] 1 [1922,101]
[1922,101] 1 [1923,104]
[1923,104] 1 [1924,107]
[1924,107] 1 [1925,110]
[1925,110] 1 [1926,112]
[1926,112] 1 [1927,114]
[1927,114] 1 [1928,117]
[1928,117] 1 [1929,120]
[1929,120] 1 [1930,124]
[1930,124] 1 [1931,128]
[1931,128] 1 [1932,130]
[1932,130] 1 [1933,134]
[1933,134] 1 [1934,137]
[1934,137] 1 [1935,140]
[1935,140] 1 [1936,143]
[1936,143] 1 [1937,147]
[1937,147] 1 [1938,150]
[1938,150] 1 [1939,153]
[1939,153] 1 [1940,157]
[1940,157] 1 [1941,161]
[1941,161] 1 [1942,163]
[1942,163] 1 [1943,167]
[1943,167] 1 [1944,169]
[1944,169] 1 [1945,171]
[1945,171] 1 [1946,175]
[1946,175] 1 [1947,6]
[1947,6] 1 [1948,6]
[1948,6] 1 [1949,6]
[1949,6] 1 [1950,6]
[1950,6] 1 [1951,6]
[1951,6] 1 [1952,6]
[1952,6] 1 [1953,6]
[1953,6] 1 [1954,6]
[1954,6] 1 [1955,6]
[1955,6] 1 [1956,7]
[1956,7] 1 [1957,9]
[1957,9] 1 [1958,12]
[1958,12] 1 [1959,16]
[1959,16] 1 [1960,20]
[1960,20] 2 [1961,16]
[1961,16] 1 [1962,19]
[1962,19] 1 [1963,22]
[1963,22] 1 [1964,26]
[1964,26] 1 [1965,28]
[1965,28] 1 [1966,31]
[1966,31] 2 [1967,28]
[1967,28] 1 [1968,30]
[1968,30] 1 [1969,34]
[1969,34] 1 [1970,36]
[1970,36] 1 [1971,40]
[1971,40] 1 [1972,42]
[1972,42] 1 [1973,44]
[1973,44] 1 [1974,46]
[1974,46] 1 [1975,49]
[1975,49] 2 [1976,46]
[1976,46] 1 [1977,48]
[1977,48] 1 [1978,51]
[1978,51] 2 [1979,47]
[1979,47] 1 [1980,48]
[1980,48] 1 [1981,51]
[1981,51] 1 [1982,55]
[1982,55] 2 [1983,52]
[1983,52] 1 [1984,54]
[1984,54] 1 [1985,56]
[1985,56] 1 [1986,58]
[1986,58] 1 [1987,61]
[1987,61] 1 [1988,65]
[1988,65] 1 [1989,68]
[1989,68] 1 [1990,72]
[1990,72] 1 [1991,75]
[1991,75] 1 [1992,77]
[1992,77] 1 [1993,80]
[1993,80] 1 [1994,84]
[1994,84] 1 [1995,86]
[1995,86] 1 [1996,90]
[1996,90] 1 [1997,93]
[1997,93] 1 [1998,97]
[1998,97] 1 [1999,99]
[1999,99] 1 [2000,102]
[2000,102] 1 [2001,105]
[2001,105] 1 [2002,107]
[2002,107] 1 [2003,110]
[2003,110] 1 [2004,114]
[2004,114] 1 [2005,116]
[2005,116] 1 [2006,120]
[2006,120] 1 [2007,124]
[2007,124] 1 [2008,126]
[2008,126] 1 [2009,129]
[2009,129] 1 [2010,132]
[2010,132] 1 [2011,135]
[2011,135] 1 [2012,138]
[2012,138] 1 [2013,140]
[2013,140] 1 [2014,144]
[2014,144] 1 [2015,148]
[2015,148] 1 [2016,151]
[2016,151] 1 [2017,154]
[2017,154] 1 [2018,156]
[2018,156] 1 [2019,159]
[2019,159] 1 [2020,161]
[2020,161] 1 [2021,165]
[2021,165] 1 [2022,168]
[2022,168] 1 [2023,172]
[2023,172] 1 [2024,176]
[2024,176] 1 [2025,6]
[2025,6] 1 [2026,6]
[2026,6] 1 [2027,6]
[2027,6] 1 [2028,6]
[2028,6] 1 [2029,6]
[2029,6] 1 [2030,6]
[2030,6] 1 [2031,6]
[2031,6] 1 [2032,6]
[2032,6] 1 [2033,6]
[2033,6] 1 [2034,6]
[2034,6] 1 [2035,7]
[2035,7] 1 [2036,11]
[2036,11] 2 [2037,7]
[2037,7] 1 [2038,9]
[2038,9] 1 [2039,13]
[2039,13] 1 [2040,17]
[2040,17] 2 [2041,13]
[2041,13] 1 [2042,15]
[2042,15] 1 [2043,18]
[2043,18] 1 [2044,22]
[2044,22] 1 [2045,26]
[2045,26] 1 [2046,30]
[2046,30] 1 [2047,34]
[2047,34] 1 [2048,38]
[2048,38] 1 [2049,42]
[2049,42] 1 [2050,44]
[2050,44] 2 [2051,40]
[2051,40] 1 [2052,40]
[2052,40] 1 [2053,43]
[2053,43] 1 [2054,45]
[2054,45] 1 [2055,47]
[2055,47] 1 [2056,51]
[2056,51] 1 [2057,54]
[2057,54] 1 [2058,57]
[2058,57] 1 [2059,60]
[2059,60] 1 [2060,64]
[2060,64] 1 [2061,68]
[2061,68] 1 [2062,71]
[2062,71] 1 [2063,74]
[2063,74] 1 [2064,78]
[2064,78] 1 [2065,80]
[2065,80] 1 [2066,84]
[2066,84] 1 [2067,87]
[2067,87] 1 [2068,89]
[2068,89] 1 [2069,91]
[2069,91] 1 [2070,94]
[2070,94] 1 [2071,96]
[2071,96] 1 [2072,99]
[2072,99] 1 [2073,102]
[2073,102] 1 [2074,105]
[2074,105] 1 [2075,108]
[2075,108] 1 [2076,112]
[2076,112] 1 [2077,116]
[2077,116] 1 [2078,118]
[2078,118] 1 [2079,120]
[2079,120] 1 [2080,124]
[2080,124] 1 [2081,127]
[2081,127] 1 [2082,129]
[2082,129] 1 [2083,131]
[2083,131] 1 [2084,133]
[2084,133] 1 [2085,137]
[2085,137] 1 [2086,140]
[2086,140] 1 [2087,142]
[2087,142] 1 [2088,145]
[2088,145] 1 [2089,149]
[2089,149] 1 [2090,151]
[2090,151] 1 [2091,154]
[2091,154] 1 [2092,156]
[2092,156] 1 [2093,160]
[2093,160] 1 [2094,164]
[2094,164] 1 [2095,166]
[2095,166] 1 [2096,169]
[2096,169] 1 [2097,171]
[2097,171] 1 [2098,173]
[2098,173] 1 [2099,176]
[2099,176] 1 [2100,6]
[2100,6] 1 [2101,6]
[2101,6] 1 [2102,6]
[2102,6] 1 [2103,6]
[2103,6] 1 [2104,6]
[2104,6] 1 [2105,6]
[2105,6] 1 [2106,6]
[2106,6] 1 [2107,6]
[2107,6] 1 [2108,6]
[2108,6] 0 [2109,6]
[2109,6] 1 [2110,8]
[2110,8] 2 [2111,6]
[2111,6] 1 [2112,10]
[2112,10] 2 [2113,6]
[2113,6] 1 [2114,8]
[2114,8] 1 [2115,10]
[2115,10] 1 [2116,12]
[2116,12] 2 [2117,8]
[2117,8] 1 [2118,10]
[2118,10] 1 [2119,13]
[2119,13] 1 [2120,16]
[2120,16] 1 [2121,20]
[2121,20] 2 [2122,18]
[2122,18] 2 [2123,14]
[2123,14] 2 [2124,10]
[2124,10] 1 [2125,8]
[2125,8] 1 [2126,11]
[2126,11] 1 [2127,15]
[2127,15] 1 [2128,18]
[2128,18] 1 [2129,22]
[2129,22] 1 [2130,25]
[2130,25] 1 [2131,29]
[2131,29] 1 [2132,33]
[2132,33] 1 [2133,35]
[2133,35] 1 [2134,38]
[2134,38] 1 [2135,41]
[2135,41] 1 [2136,43]
[2136,43] 1 [2137,45]
[2137,45] 1 [2138,48]
[2138,48] 1 [2139,51]
[2139,51] 1 [2140,55]
[2140,55] 1 [2141,58]
[2141,58] 1 [2142,61]
[2142,61] 1 [2143,65]
[2143,65] 1 [2144,67]
[2144,67] 1 [2145,71]
[2145,71] 1 [2146,73]
[2146,73] 1 [2147,76]
[2147,76] 1 [2148,79]
[2148,79] 1 [2149,82]
[2149,82] 1 [2150,85]
[2150,85] 1 [2151,89]
[2151,89] 1 [2152,92]
[2152,92] 1 [2153,94]
[2153,94] 1 [2154,98]
[2154,98] 1 [2155,100]
[2155,100] 1 [2156,103]
[2156,103] 1 [2157,105]
[2157,105] 1 [2158,108]
[2158,108] 1 [2159,111]
[2159,111] 1 [2160,115]
[2160,115] 1 [2161,118]
[2161,118] 1 [2162,120]
[2162,120] 1 [2163,123]
[2163,123] 1 [2164,125]
[2164,125] 1 [2165,127]
[2165,127] 1 [2166,130]
[2166,130] 1 [2167,133]
[2167,133] 1 [2168,135]
[2168,135] 1 [2169,139]
[2169,139] 1 [2170,142]
[2170,142] 1 [2171,144]
[2171,144] 1 [2172,148]
[2172,148] 1 [2173,150]
[2173,150] 1 [2174,152]
[2174,152] 1 [2175,155]
[2175,155] 1 [2176,158]
[2176,158] 1 [2177,160]
[2177,160] 1 [2178,163]
[2178,163] 1 [2179,165]
[2179,165] 1 [2180,169]
[2180,169] 1 [2181,171]
[2181,171] 1 [2182,173]
[2182,173] 1 [2183,176]
[2183,176] 1 [2184,6]
[2184,6] 1 [2185,6]
[2185,6] 1 [2186,6]
[2186,6] 1 [2187,6]
[2187,6] 1 [2188,6]
[2188,6] 1 [2189,6]
[2189,6] 1 [2190,6]
[2190,6] 1 [2191,6]
[2191,6] 1 [2192,6]
[2192,6] 1 [2193,6]
[2193,6] 1 [2194,7]
[2194,7] 1 [2195,9]
[2195,9] 2 [2196,7]
[2196,7] 1 [2197,9]
[2197,9] 1 [2198,11]
[2198,11] 2 [2199,9]
[2199,9] 1 [2200,9]
[2200,9] 1 [2201,11]
[2201,11] 1 [2202,14]
[2202,14] 2 [2203,10]
[2203,10] 1 [2204,14]
[2204,14] 2 [2205,10]
[2205,10] 1 [2206,7]
[2206,7] 1 [2207,11]
[2207,11] 2 [2208,8]
[2208,8] 0 [2209,8]
[2209,8] 1 [2210,10]
[2210,10] 2 [2211,6]
[2211,6] 1 [2212,7]
[2212,7] 1 [2213,9]
[2213,9] 2 [2214,6]
[2214,6] 1 [2215,8]
[2215,8] 1 [2216,11]
[2216,11] 2 [2217,8]
[2217,8] 1 [2218,9]
[2218,9] 1 [2219,11]
[2219,11] 1 [2220,13]
[2220,13] 2 [2221,9]
[2221,9] 1 [2222,13]
[2222,13] 1 [2223,16]
[2223,16] 1 [2224,20]
[2224,20] 1 [2225,22]
[2225,22] 1 [2226,26]
[2226,26] 1 [2227,29]
[2227,29] 1 [2228,32]
[2228,32] 1 [2229,34]
[2229,34] 1 [2230,36]
[2230,36] 1 [2231,40]
[2231,40] 1 [2232,44]
[2232,44] 1 [2233,46]
[2233,46] 1 [2234,48]
[2234,48] 1 [2235,52]
[2235,52] 1 [2236,54]
[2236,54] 1 [2237,58]
[2237,58] 1 [2238,60]
[2238,60] 1 [2239,63]
[2239,63] 1 [2240,67]
[2240,67] 1 [2241,70]
[2241,70] 1 [2242,74]
[2242,74] 1 [2243,78]
[2243,78] 1 [2244,80]
[2244,80] 1 [2245,84]
[2245,84] 1 [2246,88]
[2246,88] 1 [2247,90]
[2247,90] 1 [2248,92]
[2248,92] 1 [2249,95]
[2249,95] 1 [2250,97]
[2250,97] 1 [2251,100]
[2251,100] 1 [2252,102]
[2252,102] 1 [2253,106]
[2253,106] 1 [2254,109]
[2254,109] 1 [2255,111]
[2255,111] 1 [2256,113]
[2256,113] 1 [2257,115]
[2257,115] 1 [2258,117]
[2258,117] 1 [2259,120]
[2259,120] 1 [2260,122]
[2260,122] 1 [2261,124]
[2261,124] 1 [2262,127]
[2262,127] 1 [2263,130]
[2263,130] 1 [2264,134]
[2264,134] 1 [2265,138]
[2265,138] 1 [2266,140]
[2266,140] 1 [2267,143]
[2267,143] 1 [2268,147]
[2268,147] 1 [2269,149]
[2269,149] 1 [2270,153]
[2270,153] 1 [2271,155]
[2271,155] 1 [2272,158]
[2272,158] 1 [2273,161]
[2273,161] 1 [2274,163]
[2274,163] 1 [2275,165]
[2275,165] 1 [2276,167]
[2276,167] 1 [2277,170]
[2277,170] 1 [2278,174]
[2278,174] 1 [2279,177]
[2279,177] 1 [2280,6]
[2280,6] 1 [2281,6]
[2281,6] 1 [2282,6]
[2282,6] 1 [2283,6]
[2283,6] 1 [2284,6]
[2284,6] 1 [2285,6]
[2285,6] 1 [2286,6]
[2286,6] 1 [2287,6]
[2287,6] 1 [2288,6]
[2288,6] 1 [2289,6]
[2289,6] 1 [2290,8]
[2290,8] 1 [2291,12]
[2291,12] 1 [2292,16]
[2292,16] 0 [2293,16]
[2293,16] 1 [2294,19]
[2294,19] 1 [2295,21]
[2295,21] 1 [2296,24]
[2296,24] 1 [2297,27]
[2297,27] 1 [2298,29]
[2298,29] 1 [2299,33]
[2299,33] 1 [2300,35]
[2300,35] 1 [2301,38]
[2301,38] 1 [2302,40]
[2302,40] 1 [2303,44]
[2303,44] 1 [2304,48]
[2304,48] 1 [2305,52]
[2305,52] 1 [2306,54]
[2306,54] 1 [2307,57]
[2307,57] 1 [2308,59]
[2308,59] 1 [2309,62]
[2309,62] 1 [2310,65]
[2310,65] 1 [2311,68]
[2311,68] 1 [2312,72]
[2312,72] 1 [2313,74]
[2313,74] 1 [2314,76]
[2314,76] 1 [2315,80]
[2315,80] 1 [2316,82]
[2316,82] 1 [2317,85]
[2317,85] 1 [2318,87]
[2318,87] 1 [2319,89]
[2319,89] 1 [2320,92]
[2320,92] 1 [2321,96]
[2321,96] 1 [2322,100]
[2322,100] 1 [2323,103]
[2323,103] 1 [2324,106]
[2324,106] 1 [2325,108]
[2325,108] 1 [2326,112]
[2326,112] 1 [2327,114]
[2327,114] 1 [2328,116]
[2328,116] 1 [2329,120]
[2329,120] 1 [2330,124]
[2330,124] 1 [2331,126]
[2331,126] 1 [2332,128]
[2332,128] 1 [2333,132]
[2333,132] 1 [2334,134]
[2334,134] 1 [2335,138]
[2335,138] 1 [2336,142]
[2336,142] 1 [2337,146]
[2337,146] 1 [2338,149]
[2338,149] 1 [2339,153]
[2339,153] 1 [2340,157]
[2340,157] 1 [2341,159]
[2341,159] 1 [2342,162]
[2342,162] 1 [2343,166]
[2343,166] 1 [2344,168]
[2344,168] 1 [2345,172]
[2345,172] 1 [2346,174]
[2346,174] 1 [2347,177]
[2347,177] 1 [2348,6]
[2348,6] 1 [2349,6]
[2349,6] 1 [2350,6]
[2350,6] 1 [2351,6]
[2351,6] 1 [2352,6]
[2352,6] 1 [2353,6]
[2353,6] 1 [2354,6]
[2354,6] 1 [2355,6]
[2355,6] 1 [2356,6]
[2356,6] 1 [2357,6]
[2357,6] 1 [2358,9]
[2358,9] 0 [2359,9]
[2359,9] 1 [2360,12]
[2360,12] 1 [2361,15]
[2361,15] 2 [2362,11]
[2362,11] 1 [2363,13]
[2363,13] 1 [2364,15]
[2364,15] 2 [2365,12]
[2365,12] 2 [2366,9]
[2366,9] 1 [2367,11]
[2367,11] 2 [2368,8]
[2368,8] 1 [2369,10]
[2369,10] 1 [2370,13]
[2370,13] 1 [2371,16]
[2371,16] 1 [2372,19]
[2372,19] 1 [2373,21]
[2373,21] 1 [2374,23]
[2374,23] 1 [2375,25]
[2375,25] 1 [2376,28]
[2376,28] 1 [2377,32]
[2377,32] 1 [2378,36]
[2378,36] 1 [2379,39]
[2379,39] 1 [2380,42]
[2380,42] 1 [2381,44]
[2381,44] 1 [2382,48]
[2382,48] 1 [2383,50]
[2383,50] 1 [2384,52]
[2384,52] 1 [2385,56]
[2385,56] 1 [2386,59]
[2386,59] 1 [2387,62]
[2387,62] 1 [2388,66]
[2388,66] 1 [2389,69]
[2389,69] 1 [2390,72]
[2390,72] 1 [2391,74]
[2391,74] 1 [2392,76]
[2392,76] 1 [2393,79]
[2393,79] 1 [2394,81]
[2394,81] 1 [2395,83]
[2395,83] 1 [2396,85]
[2396,85] 1 [2397,88]
[2397,88] 1 [2398,91]
[2398,91] 1 [2399,94]
[2399,94] 1 [2400,98]
[2400,98] 1 [2401,101]
[2401,101] 1 [2402,105]
[2402,105] 1 [2403,108]
[2403,108] 1 [2404,112]
[2404,112] 1 [2405,115]
[2405,115] 1 [2406,119]
[2406,119] 1 [2407,123]
[2407,123] 1 [2408,125]
[2408,125] 1 [2409,127]
[2409,127] 1 [2410,129]
[2410,129] 1 [2411,131]
[2411,131] 1 [2412,135]
[2412,135] 1 [2413,139]
[2413,139] 1 [2414,141]
[2414,141] 1 [2415,144]
[2415,144] 1 [2416,147]
[2416,147] 1 [2417,150]
[2417,150] 1 [2418,153]
[2418,153] 1 [2419,156]
[2419,156] 1 [2420,160]
[2420,160] 1 [2421,162]
[2421,162] 1 [2422,165]
[2422,165] 1 [2423,167]
[2423,167] 1 [2424,169]
[2424,169] 1 [2425,173]
[2425,173] 1 [2426,177]
[2426,177] 1 [2427,6]
[2427,6] 1 [2428,6]
[2428,6] 1 [2429,6]
[2429,6] 1 [2430,6]
[2430,6] 1 [2431,6]
[2431,6] 1 [2432,6]
[2432,6] 1 [2433,6]
[2433,6] 1 [2434,6]
[2434,6] 1 [2435,7]
[2435,7] 0 [2436,7]
[2436,7] 2 [2437,6]
[2437,6] 1 [2438,10]
[2438,10] 1 [2439,13]
[2439,13] 2 [2440,10]
[2440,10] 1 [2441,12]
[2441,12] 2 [2442,8]
[2442,8] 1 [2443,10]
[2443,10] 1 [2444,12]
[2444,12] 2 [2445,9]
[2445,9] 1 [2446,9]
[2446,9] 1 [2447,12]
[2447,12] 2 [2448,9]
[2448,9] 1 [2449,8]
[2449,8] 1 [2450,11]
[2450,11] 2 [2451,8]
[2451,8] 1 [2452,11]
[2452,11] 2 [2453,8]
[2453,8] 1 [2454,8]
[2454,8] 1 [2455,10]
[2455,10] 1 [2456,14]
[2456,14] 2 [2457,10]
[2457,10] 1 [2458,12]
[2458,12] 2 [2459,8]
[2459,8] 1 [2460,10]
[2460,10] 1 [2461,12]
[2461,12] 1 [2462,15]
[2462,15] 1 [2463,18]
[2463,18] 1 [2464,20]
[2464,20] 1 [2465,23]
[2465,23] 1 [2466,25]
[2466,25] 1 [2467,29]
[2467,29] 1 [2468,31]
[2468,31] 1 [2469,33]
[2469,33] 1 [2470,35]
[2470,35] 1 [2471,39]
[2471,39] 1 [2472,41]
[2472,41] 1 [2473,45]
[2473,45] 1 [2474,47]
[2474,47] 1 [2475,49]
[2475,49] 1 [2476,53]
[2476,53] 1 [2477,57]
[2477,57] 1 [2478,60]
[2478,60] 1 [2479,62]
[2479,62] 1 [2480,64]
[2480,64] 1 [2481,68]
[2481,68] 1 [2482,71]
[2482,71] 1 [2483,75]
[2483,75] 1 [2484,78]
[2484,78] 1 [2485,81]
[2485,81] 1 [2486,84]
[2486,84] 1 [2487,86]
[2487,86] 1 [2488,88]
[2488,88] 1 [2489,90]
[2489,90] 1 [2490,94]
[2490,94] 1 [2491,96]
[2491,96] 1 [2492,100]
[2492,100] 1 [2493,102]
[2493,102] 1 [2494,104]
[2494,104] 1 [2495,108]
[2495,108] 1 [2496,112]
[2496,112] 1 [2497,114]
[2497,114] 1 [2498,116]
[2498,116] 2 [2499,112]
[2499,112] 2 [2500,109]
[2500,109] 1 [2501,111]
[2501,111] 1 [2502,113]
[2502,113] 1 [2503,116]
[2503,116] 2 [2504,112]
[2504,112] 1 [2505,114]
[2505,114] 1 [2506,116]
[2506,116] 1 [2507,118]
[2507,118] 1 [2508,122]
[2508,122] 1 [2509,125]
[2509,125] 1 [2510,127]
[2510,127] 1 [2511,129]
[2511,129] 1 [2512,133]
[2512,133] 1 [2513,136]
[2513,136] 1 [2514,140]
[2514,140] 1 [2515,143]
[2515,143] 1 [2516,145]
[2516,145] 1 [2517,147]
[2517,147] 1 [2518,149]
[2518,149] 1 [2519,153]
[2519,153] 1 [2520,156]
[2520,156] 1 [2521,159]
[2521,159] 1 [2522,163]
[2522,163] 1 [2523,165]
[2523,165] 1 [2524,168]
[2524,168] 1 [2525,172]
[2525,172] 1 [2526,175]
[2526,175] 1 [2527,6]
[2527,6] 1 [2528,6]
[2528,6] 1 [2529,6]
[2529,6] 1 [2530,6]
[2530,6] 1 [2531,6]
[2531,6] 1 [2532,6]
[2532,6] 1 [2533,6]
[2533,6] 1 [2534,6]
[2534,6] 1 [2535,6]
[2535,6] 1 [2536,6]
[2536,6] 1 [2537,7]
[2537,7] 0 [2538,7]
[2538,7] 1 [2539,10]
[2539,10] 1 [2540,13]
[2540,13] 1 [2541,16]
[2541,16] 1 [2542,18]
[2542,18] 1 [2543,20]
[2543,20] 2 [2544,16]
[2544,16] 1 [2545,19]
[2545,19] 2 [2546,15]
[2546,15] 2 [2547,11]
[2547,11] 1 [2548,11]
[2548,11] 2 [2549,7]
[2549,7] 1 [2550,7]
[2550,7] 1 [2551,11]
[2551,11] 1 [2552,13]
[2552,13] 2 [2553,9]
[2553,9] 1 [2554,9]
[2554,9] 1 [2555,13]
[2555,13] 1 [2556,15]
[2556,15] 1 [2557,17]
[2557,17] 1 [2558,19]
[2558,19] 1 [2559,22]
[2559,22] 1 [2560,24]
[2560,24] 1 [2561,27]
[2561,27] 1 [2562,30]
[2562,30] 1 [2563,34]
[2563,34] 1 [2564,36]
[2564,36] 1 [2565,38]
[2565,38] 1 [2566,41]
[2566,41] 1 [2567,45]
[2567,45] 1 [2568,48]
[2568,48] 1 [2569,50]
[2569,50] 1 [2570,53]
[2570,53] 1 [2571,56]
[2571,56] 1 [2572,59]
[2572,59] 1 [2573,61]
[2573,61] 1 [2574,65]
[2574,65] 1 [2575,68]
[2575,68] 1 [2576,72]
[2576,72] 1 [2577,76]
[2577,76] 1 [2578,79]
[2578,79] 1 [2579,81]
[2579,81] 1 [2580,83]
[2580,83] 1 [2581,85]
[2581,85] 1 [2582,88]
[2582,88] 1 [2583,91]
[2583,91] 1 [2584,93]
[2584,93] 1 [2585,95]
[2585,95] 1 [2586,97]
[2586,97] 1 [2587,100]
[2587,100] 2 [2588,97]
[2588,97] 1 [2589,99]
[2589,99] 2 [2590,97]
[2590,97] 1 [2591,98]
[2591,98] 1 [2592,101]
[2592,101] 1 [2593,103]
[2593,103] 1 [2594,106]
[2594,106] 1 [2595,110]
[2595,110] 1 [2596,113]
[2596,113] 1 [2597,117]
[2597,117] 1 [2598,119]
[2598,119] 1 [2599,123]
[2599,123] 1 [2600,125]
[2600,125] 1 [2601,129]
[2601,129] 1 [2602,133]
[2602,133] 1 [2603,137]
[2603,137] 1 [2604,140]
[2604,140] 1 [2605,143]
[2605,143] 1 [2606,145]
[2606,145] 1 [2607,148]
[2607,148] 1 [2608,152]
[2608,152] 1 [2609,154]
[2609,154] 1 [2610,158]
[2610,158] 1 [2611,161]
[2611,161] 1 [2612,163]
[2612,163] 1 [2613,166]
[2613,166] 1 [2614,170]
[2614,170] 1 [2615,172]
[2615,172] 1 [2616,174]
[2616,174] 1 [2617,176]
[2617,176] 1 [2618,6]
[2618,6] 1 [2619,6]
[2619,6] 1 [2620,6]
[2620,6] 1 [2621,6]
[2621,6] 1 [2622,6]
[2622,6] 1 [2623,6]
[2623,6] 1 [2624,6]
[2624,6] 1 [2625,6]
[2625,6] 1 [2626,6]
[2626,6] 1 [2627,6]
[2627,6] 1 [2628,6]
[2628,6] 1 [2629,8]
[2629,8] 1 [2630,11]
[2630,11] 1 [2631,14]
[2631,14] 0 [2632,15]
[2632,15] 0 [2633,15]
[2633,15] 2 [2634,12]
[2634,12] 2 [2635,8]
[2635,8] 1 [2636,8]
[2636,8] 1 [2637,12]
[2637,12] 1 [2638,15]
[2638,15] 1 [2639,18]
[2639,18] 1 [2640,22]
[2640,22] 1 [2641,26]
[2641,26] 1 [2642,30]
[2642,30] 1 [2643,32]
[2643,32] 1 [2644,36]
[2644,36] 1 [2645,38]
[2645,38] 1 [2646,42]
[2646,42] 1 [2647,45]
[2647,45] 1 [2648,48]
[2648,48] 1 [2649,51]
[2649,51] 1 [2650,53]
[2650,53] 1 [2651,57]
[2651,57] 1 [2652,60]
[2652,60] 1 [2653,62]
[2653,62] 1 [2654,64]
[2654,64] 1 [2655,66]
[2655,66] 1 [2656,69]
[2656,69] 1 [2657,71]
[2657,71] 1 [2658,73]
[2658,73] 1 [2659,75]
[2659,75] 1 [2660,79]
[2660,79] 1 [2661,81]
[2661,81] 1 [2662,84]
[2662,84] 1 [2663,86]
[2663,86] 1 [2664,88]
[2664,88] 1 [2665,91]
[2665,91] 1 [2666,93]
[2666,93] 1 [2667,97]
[2667,97] 1 [2668,100]
[2668,100] 1 [2669,103]
[2669,103] 1 [2670,107]
[2670,107] 1 [2671,111]
[2671,111] 1 [2672,115]
[2672,115] 1 [2673,119]
[2673,119] 1 [2674,123]
[2674,123] 1 [2675,127]
[2675,127] 1 [2676,131]
[2676,131] 1 [2677,135]
[2677,135] 1 [2678,137]
[2678,137] 1 [2679,139]
[2679,139] 1 [2680,142]
[2680,142] 1 [2681,146]
[2681,146] 1 [2682,148]
[2682,148] 1 [2683,151]
[2683,151] 1 [2684,155]
[2684,155] 1 [2685,157]
[2685,157] 1 [2686,159]
[2686,159] 1 [2687,161]
[2687,161] 1 [2688,163]
[2688,163] 1 [2689,167]
[2689,167] 1 [2690,170]
[2690,170] 1 [2691,172]
[2691,172] 1 [2692,176]
