[0,6] 1 [1,9]
[1,9] 1 [2,11]
[2,11] 1 [3,13]
[3,13] 1 [4,15]
[4,15] 1 [5,19]
[5,19] 1 [6,22]
[6,22] 1 [7,25]
[7,25] 1 [8,29]
[8,29] 1 [9,33]
[9,33] 1 [10,36]
[10,36] 1 [11,40]
[11,40] 1 [12,43]
[12,43] 1 [13,46]
[13,46] 1 [14,48]
[14,48] 1 [15,51]
[15,51] 1 [16,55]
[16,55] 1 [17,57]
[17,57] 1 [18,59]
[18,59] 1 [19,63]
[19,63] 1 [20,66]
[20,66] 1 [21,70]
[21,70] 1 [22,72]
[22,72] 1 [23,76]
[23,76] 1 [24,80]
[24,80] 1 [25,84]
[25,84] 1 [26,86]
[26,86] 1 [27,89]
[27,89] 1 [28,92]
[28,92] 1 [29,96]
[29,96] 1 [30,98]
[30,98] 1 [31,101]
[31,101] 1 [32,105]
[32,105] 1 [33,109]
[33,109] 1 [34,113]
[34,113] 1 [35,115]
[35,115] 1 [36,117]
[36,117] 1 [37,121]
[37,121] 1 [38,124]
[38,124] 1 [39,128]
[39,128] 1 [40,130]
[40,130] 1 [41,132]
[41,132] 1 [42,134]
[42,134] 1 [43,138]
[43,138] 1 [44,140]
[44,140] 1 [45,143]
[45,143] 1 [46,147]
[46,147] 1 [47,151]
[47,151] 1 [48,153]
[48,153] 1 [49,156]
[49,156] 1 [50,158]
[50,158] 1 [51,160]
[51,160] 1 [52,163]
[52,163] 1 [53,165]
[53,165] 1 [54,168]
[54,168] 1 [55,171]
[55,171] 1 [56,175]
[56,175] 1 [57,6]
[57,6] 1 [58,6]
[58,6] 1 [59,6]
[59,6] 1 [60,6]
[60,6] 1 [61,6]
[61,6] 1 [62,6]
[62,6] 1 [63,6]
[63,6] 1 [64,6]
[64,6] 1 [65,6]
[65,6] 1 [66,7]
[66,7] 2 [67,6]
[67,6] 1 [68,7]
[68,7] 1 [69,11]
[69,11] 2 [70,8]
[70,8] 1 [71,8]
[71,8] 1 [72,12]
[72,12] 2 [73,8]
[73,8] 1 [74,8]
[74,8] 1 [75,12]
[75,12] 2 [76,10]
[76,10] 2 [77,6]
[77,6] 1 [78,9]
[78,9] 2 [79,6]
[79,6] 1 [80,10]
[80,10] 1 [81,12]
[81,12] 2 [82,8]
[82,8] 1 [83,10]
[83,10] 1 [84,13]
[84,13] 0 [85,14]
[85,14] 1 [86,18]
[86,18] 1 [87,21]
[87,21] 1 [88,24]
[88,24] 1 [89,28]
[89,28] 1 [90,32]
[90,32] 1 [91,34]
[91,34] 1 [92,37]
[92,37] 1 [93,40]
[93,40] 1 [94,44]
[94,44] 1 [95,48]
[95,48] 1 [96,50]
[96,50] 1 [97,52]
[97,52] 1 [98,56]
[98,56] 1 [99,59]
[99,59] 1 [100,62]
[100,62] 1 [101,65]
[101,65] 1 [102,68]
[102,68] 1 [103,71]
[103,71] 1 [104,75]
[104,75] 1 [105,77]
[105,77] 1 [106,81]
[106,81] 1 [107,83]
[107,83] 1 [108,87]
[108,87] 1 [109,91]
[109,91] 1 [110,94]
[110,94] 1 [111,98]
[111,98] 1 [112,101]
[112,101] 1 [113,104]
[113,104] 1 [114,107]
[114,107] 1 [115,111]
[115,111] 1 [116,114]
[116,114] 1 [117,118]
[117,118] 1 [118,121]
[118,121] 1 [119,123]
[119,123] 1 [120,125]
[120,125] 1 [121,128]
[121,128] 1 [122,131]
[122,131] 1 [123,135]
[123,135] 1 [124,137]
[124,137] 1 [125,140]
[125,140] 1 [126,144]
[126,144] 1 [127,148]
[127,148] 1 [128,151]
[128,151] 1 [129,154]
[129,154] 1 [130,156]
[130,156] 1 [131,158]
[131,158] 1 [132,160]
[132,160] 1 [133,164]
[133,164] 1 [134,167]
[134,167] 1 [135,170]
[135,170] 1 [136,172]
[136,172] 1 [137,175]
[137,175] 1 [138,6]
[138,6] 1 [139,6]
[139,6] 1 [140,6]
[140,6] 1 [141,6]
[141,6] 1 [142,6]
[142,6] 1 [143,6]
[143,6] 1 [144,6]
[144,6] 1 [145,6]
[145,6] 1 [146,6]
[146,6] 1 [147,6]
[147,6] 1 [148,6]
[148,6] 1 [149,6]
[149,6] 1 [150,10]
[150,10] 0 [151,10]
[151,10] 1 [152,12]
[152,12] 1 [153,14]
[153,14] 1 [154,18]
[154,18] 1 [155,22]
[155,22] 1 [156,25]
[156,25] 1 [157,28]
[157,28] 1 [158,32]
[158,32] 1 [159,35]
[159,35] 1 [160,37]
[160,37] 1 [161,40]
[161,40] 1 [162,42]
[162,42] 1 [163,45]
[163,45] 1 [164,47]
[164,47] 1 [165,51]
[165,51] 1 [166,54]
[166,54] 1 [167,56]
[167,56] 1 [168,60]
[168,60] 1 [169,64]
[169,64] 1 [170,66]
[170,66] 1 [171,68]
[171,68] 1 [172,71]
[172,71] 1 [173,74]
[173,74] 1 [174,77]
[174,77] 1 [175,81]
[175,81] 1 [176,85]
[176,85] 1 [177,88]
[177,88] 1 [178,92]
[178,92] 1 [179,94]
[179,94] 1 [180,96]
[180,96] 1 [181,100]
[181,100] 1 [182,102]
[182,102] 1 [183,105]
[183,105] 1 [184,107]
[184,107] 1 [185,109]
[185,109] 1 [186,111]
[186,111] 1 [187,113]
[187,113] 1 [188,116]
[188,116] 1 [189,120]
[189,120] 1 [190,122]
[190,122] 1 [191,126]
[191,126] 1 [192,129]
[192,129] 1 [193,131]
[193,131] 1 [194,133]
[194,133] 1 [195,135]
[195,135] 1 [196,137]
[196,137] 1 [197,140]
[197,140] 1 [198,143]
[198,143] 1 [199,146]
[199,146] 1 [200,150]
[200,150] 1 [201,153]
[201,153] 1 [202,155]
[202,155] 1 [203,158]
[203,158] 1 [204,160]
[204,160] 1 [205,164]
[205,164] 1 [206,167]
[206,167] 1 [207,171]
[207,171] 1 [208,174]
[208,174] 1 [209,176]
[209,176] 1 [210,6]
[210,6] 1 [211,6]
[211,6] 1 [212,6]
[212,6] 1 [213,6]
[213,6] 1 [214,6]
[214,6] 1 [215,6]
[215,6] 1 [216,6]
[216,6] 1 [217,6]
[217,6] 1 [218,6]
[218,6] 1 [219,6]
[219,6] 0 [220,7]
[220,7] 1 [221,10]
[221,10] 1 [222,12]
[222,12] 1 [223,14]
[223,14] 0 [224,14]
[224,14] 2 [225,11]
[225,11] 2 [226,9]
[226,9] 1 [227,11]
[227,11] 1 [228,14]
[228,14] 1 [229,16]
[229,16] 1 [230,19]
[230,19] 2 [231,15]
[231,15] 2 [232,12]
[232,12] 1 [233,14]
[233,14] 2 [234,10]
[234,10] 1 [235,12]
[235,12] 2 [236,8]
[236,8] 1 [237,10]
[237,10] 1 [238,12]
[238,12] 1 [239,14]
[239,14] 1 [240,17]
[240,17] 1 [241,19]
[241,19] 1 [242,22]
[242,22] 1 [243,24]
[243,24] 1 [244,28]
[244,28] 2 [245,24]
[245,24] 1 [246,26]
[246,26] 1 [247,30]
[247,30] 1 [248,32]
[248,32] 1 [249,34]
[249,34] 1 [250,37]
[250,37] 1 [251,41]
[251,41] 1 [252,45]
[252,45] 1 [253,48]
[253,48] 1 [254,50]
[254,50] 1 [255,54]
[255,54] 1 [256,56]
[256,56] 1 [257,58]
[257,58] 1 [258,61]
[258,61] 1 [259,64]
[259,64] 1 [260,68]
[260,68] 1 [261,71]
[261,71] 1 [262,73]
[262,73] 1 [263,77]
[263,77] 1 [264,79]
[264,79] 1 [265,82]
[265,82] 1 [266,84]
[266,84] 1 [267,87]
[267,87] 1 [268,91]
[268,91] 1 [269,94]
[269,94] 1 [270,98]
[270,98] 1 [271,100]
[271,100] 1 [272,102]
[272,102] 1 [273,105]
[273,105] 1 [274,108]
[274,108] 1 [275,110]
[275,110] 1 [276,113]
[276,113] 1 [277,115]
[277,115] 1 [278,119]
[278,119] 1 [279,122]
[279,122] 1 [280,126]
[280,126] 1 [281,128]
[281,128] 1 [282,131]
[282,131] 1 [283,134]
[283,134] 1 [284,137]
[284,137] 1 [285,141]
[285,141] 1 [286,145]
[286,145] 1 [287,148]
[287,148] 1 [288,151]
[288,151] 1 [289,153]
[289,153] 1 [290,155]
[290,155] 1 [291,157]
[291,157] 1 [292,161]
[292,161] 1 [293,163]
[293,163] 1 [294,166]
[294,166] 1 [295,170]
[295,170] 1 [296,174]
[296,174] 1 [297,176]
[297,176] 1 [298,6]
[298,6] 1 [299,6]
[299,6] 1 [300,6]
[300,6] 1 [301,6]
[301,6] 1 [302,6]
[302,6] 1 [303,6]
[303,6] 1 [304,6]
[304,6] 1 [305,6]
[305,6] 1 [306,6]
[306,6] 1 [307,6]
[307,6] 1 [308,7]
[308,7] 1 [309,11]
[309,11] 2 [310,8]
[310,8] 2 [311,6]
[311,6] 1 [312,8]
[312,8] 1 [313,11]
[313,11] 1 [314,13]
[314,13] 2 [315,10]
[315,10] 1 [316,12]
[316,12] 1 [317,14]
[317,14] 1 [318,16]
[318,16] 2 [319,13]
[319,13] 2 [320,9]
[320,9] 1 [321,9]
[321,9] 1 [322,11]
[322,11] 1 [323,14]
[323,14] 1 [324,17]
[324,17] 2 [325,13]
[325,13] 1 [326,14]
[326,14] 1 [327,18]
[327,18] 1 [328,20]
[328,20] 1 [329,23]
[329,23] 1 [330,25]
[330,25] 1 [331,29]
[331,29] 1 [332,31]
[332,31] 1 [333,33]
[333,33] 1 [334,37]
[334,37] 1 [335,40]
[335,40] 1 [336,43]
[336,43] 1 [337,45]
[337,45] 1 [338,47]
[338,47] 1 [339,50]
[339,50] 1 [340,54]
[340,54] 1 [341,57]
[341,57] 1 [342,59]
[342,59] 1 [343,63]
[343,63] 1 [344,66]
[344,66] 1 [345,68]
[345,68] 1 [346,72]
[346,72] 1 [347,76]
[347,76] 1 [348,79]
[348,79] 1 [349,82]
[349,82] 1 [350,86]
[350,86] 1 [351,89]
[351,89] 1 [352,91]
[352,91] 1 [353,95]
[353,95] 1 [354,97]
[354,97] 1 [355,101]
[355,101] 1 [356,104]
[356,104] 1 [357,107]
[357,107] 1 [358,111]
[358,111] 2 [359,110]
[359,110] 1 [360,111]
[360,111] 2 [361,108]
[361,108] 1 [362,110]
[362,110] 1 [363,113]
[363,113] 1 [364,115]
[364,115] 1 [365,119]
[365,119] 2 [366,116]
[366,116] 1 [367,119]
[367,119] 1 [368,123]
[368,123] 1 [369,126]
[369,126] 1 [370,130]
[370,130] 1 [371,132]
[371,132] 1 [372,136]
[372,136] 1 [373,138]
[373,138] 1 [374,141]
[374,141] 1 [375,144]
[375,144] 1 [376,146]
[376,146] 1 [377,149]
[377,149] 1 [378,151]
[378,151] 1 [379,155]
[379,155] 1 [380,159]
[380,159] 1 [381,163]
[381,163] 1 [382,165]
[382,165] 1 [383,167]
[383,167] 1 [384,171]
[384,171] 1 [385,174]
[385,174] 1 [386,176]
[386,176] 1 [387,6]
[387,6] 1 [388,6]
[388,6] 1 [389,6]
[389,6] 1 [390,6]
[390,6] 1 [391,6]
[391,6] 1 [392,6]
[392,6] 1 [393,6]
[393,6] 1 [394,6]
[394,6] 1 [395,6]
[395,6] 1 [396,6]
[396,6] 0 [397,6]
[397,6] 1 [398,8]
[398,8] 1 [399,12]
[399,12] 1 [400,15]
[400,15] 2 [401,11]
[401,11] 2 [402,7]
[402,7] 1 [403,9]
[403,9] 1 [404,12]
[404,12] 1 [405,15]
[405,15] 2 [406,12]
[406,12] 1 [407,15]
[407,15] 2 [408,11]
[408,11] 1 [409,10]
[409,10] 2 [410,6]
[410,6] 1 [411,8]
[411,8] 1 [412,11]
[412,11] 2 [413,9]
[413,9] 1 [414,11]
[414,11] 1 [415,14]
[415,14] 1 [416,16]
[416,16] 1 [417,20]
[417,20] 1 [418,22]
[418,22] 1 [419,24]
[419,24] 1 [420,27]
[420,27] 1 [421,31]
[421,31] 1 [422,34]
[422,34] 1 [423,36]
[423,36] 1 [424,39]
[424,39] 1 [425,41]
[425,41] 1 [426,43]
[426,43] 1 [427,46]
[427,46] 1 [428,49]
[428,49] 1 [429,52]
[429,52] 1 [430,56]
[430,56] 1 [431,58]
[431,58] 1 [432,60]
[432,60] 1 [433,62]
[433,62] 1 [434,64]
[434,64] 1 [435,68]
[435,68] 1 [436,71]
[436,71] 1 [437,73]
[437,73] 1 [438,76]
[438,76] 1 [439,78]
[439,78] 1 [440,80]
[440,80] 1 [441,82]
[441,82] 1 [442,85]
[442,85] 1 [443,89]
[443,89] 1 [444,92]
[444,92] 1 [445,96]
[445,96] 1 [446,98]
[446,98] 1 [447,101]
[447,101] 2 [448,97]
[448,97] 1 [449,99]
[449,99] 2 [450,96]
[450,96] 1 [451,99]
[451,99] 1 [452,101]
[452,101] 1 [453,105]
[453,105] 1 [454,109]
[454,109] 1 [455,112]
[455,112] 1 [456,116]
[456,116] 1 [457,120]
[457,120] 1 [458,124]
[458,124] 1 [459,127]
[459,127] 1 [460,129]
[460,129] 1 [461,133]
[461,133] 1 [462,135]
[462,135] 1 [463,138]
[463,138] 1 [464,141]
[464,141] 1 [465,144]
[465,144] 1 [466,148]
[466,148] 1 [467,152]
[467,152] 1 [468,156]
[468,156] 1 [469,160]
[469,160] 1 [470,162]
[470,162] 1 [471,165]
[471,165] 1 [472,168]
[472,168] 1 [473,171]
[473,171] 1 [474,174]
[474,174] 1 [475,176]
[475,176] 1 [476,6]
[476,6] 1 [477,6]
[477,6] 1 [478,6]
[478,6] 1 [479,6]
[479,6] 1 [480,6]
[480,6] 1 [481,6]
[481,6] 1 [482,6]
[482,6] 1 [483,6]
[483,6] 1 [484,6]
[484,6] 1 [485,6]
[485,6] 1 [486,6]
[486,6] 1 [487,9]
[487,9] 1 [488,13]
[488,13] 2 [489,9]
[489,9] 1 [490,11]
[490,11] 1 [491,13]
[491,13] 1 [492,16]
[492,16] 1 [493,18]
[493,18] 2 [494,14]
[494,14] 1 [495,12]
[495,12] 1 [496,14]
[496,14] 1 [497,17]
[497,17] 1 [498,19]
[498,19] 1 [499,22]
[499,22] 1 [500,26]
[500,26] 1 [501,29]
[501,29] 1 [502,31]
[502,31] 1 [503,34]
[503,34] 0 [504,34]
[504,34] 1 [505,37]
[505,37] 1 [506,40]
[506,40] 1 [507,44]
[507,44] 1 [508,47]
[508,47] 1 [509,51]
[509,51] 1 [510,54]
[510,54] 1 [511,58]
[511,58] 1 [512,62]
[512,62] 1 [513,65]
[513,65] 1 [514,69]
[514,69] 1 [515,71]
[515,71] 1 [516,74]
[516,74] 1 [517,77]
[517,77] 1 [518,81]
[518,81] 1 [519,83]
[519,83] 1 [520,85]
[520,85] 1 [521,89]
[521,89] 1 [522,92]
[522,92] 1 [523,94]
[523,94] 1 [524,96]
[524,96] 1 [525,98]
[525,98] 1 [526,102]
[526,102] 1 [527,105]
[527,105] 1 [528,107]
[528,107] 1 [529,109]
[529,109] 1 [530,112]
[530,112] 1 [531,116]
[531,116] 1 [532,119]
[532,119] 1 [533,122]
[533,122] 1 [534,125]
[534,125] 1 [535,129]
[535,129] 1 [536,131]
[536,131] 1 [537,133]
[537,133] 1 [538,137]
[538,137] 1 [539,140]
[539,140] 1 [540,143]
[540,143] 1 [541,145]
[541,145] 1 [542,148]
[542,148] 1 [543,151]
[543,151] 1 [544,154]
[544,154] 1 [545,156]
[545,156] 1 [546,160]
[546,160] 1 [547,162]
[547,162] 1 [548,165]
[548,165] 1 [549,167]
[549,167] 1 [550,169]
[550,169] 1 [551,171]
[551,171] 1 [552,173]
[552,173] 1 [553,177]
[553,177] 1 [554,6]
[554,6] 1 [555,6]
[555,6] 1 [556,6]
[556,6] 1 [557,6]
[557,6] 1 [558,6]
[558,6] 1 [559,6]
[559,6] 1 [560,6]
[560,6] 1 [561,6]
[561,6] 1 [562,6]
[562,6] 1 [563,6]
[563,6] 1 [564,8]
[564,8] 0 [565,8]
[565,8] 1 [566,11]
[566,11] 0 [567,11]
[567,11] 1 [568,15]
[568,15] 1 [569,18]
[569,18] 1 [570,20]
[570,20] 1 [571,24]
[571,24] 1 [572,26]
[572,26] 1 [573,29]
[573,29] 1 [574,31]
[574,31] 1 [575,34]
[575,34] 1 [576,36]
[576,36] 1 [577,38]
[577,38] 1 [578,40]
[578,40] 1 [579,43]
[579,43] 1 [580,45]
[580,45] 1 [581,49]
[581,49] 1 [582,52]
[582,52] 1 [583,56]
[583,56] 1 [584,59]
[584,59] 1 [585,62]
[585,62] 1 [586,64]
[586,64] 1 [587,67]
[587,67] 1 [588,70]
[588,70] 1 [589,73]
[589,73] 1 [590,75]
[590,75] 1 [591,79]
[591,79] 1 [592,83]
[592,83] 1 [593,86]
[593,86] 1 [594,88]
[594,88] 1 [595,92]
[595,92] 1 [596,94]
[596,94] 1 [597,98]
[597,98] 1 [598,101]
[598,101] 1 [599,103]
[599,103] 1 [600,105]
[600,105] 1 [601,109]
[601,109] 1 [602,112]
[602,112] 1 [603,116]
[603,116] 1 [604,119]
[604,119] 1 [605,121]
[605,121] 1 [606,125]
[606,125] 1 [607,129]
[607,129] 1 [608,131]
[608,131] 1 [609,133]
[609,133] 1 [610,136]
[610,136] 1 [611,139]
[611,139] 1 [612,143]
[612,143] 1 [613,147]
[613,147] 1 [614,150]
[614,150] 1 [615,152]
[615,152] 1 [616,155]
[616,155] 1 [617,157]
[617,157] 1 [618,159]
[618,159] 1 [619,163]
[619,163] 1 [620,165]
[620,165] 1 [621,168]
[621,168] 1 [622,171]
[622,171] 1 [623,173]
[623,173] 1 [624,175]
[624,175] 1 [625,177]
[625,177] 1 [626,6]
[626,6] 1 [627,6]
[627,6] 1 [628,6]
[628,6] 1 [629,6]
[629,6] 1 [630,6]
[630,6] 1 [631,6]
[631,6] 1 [632,6]
[632,6] 1 [633,6]
[633,6] 1 [634,6]
[634,6] 0 [635,6]
[635,6] 1 [636,8]
[636,8] 1 [637,10]
[637,10] 0 [638,12]
[638,12] 2 [639,9]
[639,9] 1 [640,10]
[640,10] 1 [641,13]
[641,13] 1 [642,15]
[642,15] 1 [643,19]
[643,19] 1 [644,22]
[644,22] 1 [645,25]
[645,25] 1 [646,29]
[646,29] 1 [647,32]
[647,32] 1 [648,35]
[648,35] 1 [649,38]
[649,38] 1 [650,41]
[650,41] 1 [651,45]
[651,45] 1 [652,49]
[652,49] 2 [653,45]
[653,45] 1 [654,47]
[654,47] 1 [655,49]
[655,49] 1 [656,52]
[656,52] 1 [657,56]
[657,56] 1 [658,58]
[658,58] 1 [659,62]
[659,62] 1 [660,66]
[660,66] 1 [661,69]
[661,69] 1 [662,71]
[662,71] 1 [663,74]
[663,74] 1 [664,78]
[664,78] 1 [665,82]
[665,82] 1 [666,86]
[666,86] 1 [667,88]
[667,88] 1 [668,92]
[668,92] 1 [669,96]
[669,96] 1 [670,99]
[670,99] 1 [671,103]
[671,103] 1 [672,105]
[672,105] 1 [673,107]
[673,107] 1 [674,111]
[674,111] 1 [675,113]
[675,113] 1 [676,116]
[676,116] 1 [677,120]
[677,120] 1 [678,122]
[678,122] 1 [679,126]
[679,126] 1 [680,129]
[680,129] 1 [681,133]
[681,133] 1 [682,136]
[682,136] 1 [683,139]
[683,139] 1 [684,141]
[684,141] 1 [685,145]
[685,145] 1 [686,148]
[686,148] 1 [687,151]
[687,151] 1 [688,154]
[688,154] 1 [689,157]
[689,157] 1 [690,160]
[690,160] 1 [691,164]
[691,164] 1 [692,166]
[692,166] 1 [693,168]
[693,168] 1 [694,172]
[694,172] 1 [695,174]
[695,174] 1 [696,177]
[696,177] 1 [697,6]
[697,6] 1 [698,6]
[698,6] 1 [699,6]
[699,6] 1 [700,6]
[700,6] 1 [701,6]
[701,6] 1 [702,6]
[702,6] 1 [703,6]
[703,6] 1 [704,6]
[704,6] 1 [705,6]
[705,6] 1 [706,6]
[706,6] 1 [707,6]
[707,6] 1 [708,10]
[708,10] 2 [709,6]
[709,6] 1 [710,10]
[710,10] 1 [711,14]
[711,14] 1 [712,18]
[712,18] 1 [713,21]
[713,21] 1 [714,25]
[714,25] 1 [715,27]
[715,27] 1 [716,30]
[716,30] 1 [717,33]
[717,33] 1 [718,37]
[718,37] 1 [719,40]
[719,40] 1 [720,43]
[720,43] 1 [721,46]
[721,46] 1 [722,49]
[722,49] 1 [723,51]
[723,51] 1 [724,53]
[724,53] 1 [725,56]
[725,56] 1 [726,60]
[726,60] 1 [727,64]
[727,64] 1 [728,66]
[728,66] 1 [729,68]
[729,68] 1 [730,70]
[730,70] 1 [731,73]
[731,73] 1 [732,75]
[732,75] 1 [733,77]
[733,77] 1 [734,79]
[734,79] 0 [735,80]
[735,80] 1 [736,82]
[736,82] 1 [737,86]
[737,86] 1 [738,90]
[738,90] 1 [739,94]
[739,94] 1 [740,96]
[740,96] 1 [741,98]
[741,98] 1 [742,102]
[742,102] 1 [743,105]
[743,105] 1 [744,107]
[744,107] 1 [745,110]
[745,110] 1 [746,113]
[746,113] 1 [747,115]
[747,115] 1 [748,118]
[748,118] 1 [749,121]
[749,121] 1 [750,125]
[750,125] 1 [751,127]
[751,127] 1 [752,129]
[752,129] 1 [753,132]
[753,132] 1 [754,135]
[754,135] 1 [755,139]
[755,139] 1 [756,143]
[756,143] 1 [757,147]
[757,147] 1 [758,149]
[758,149] 1 [759,152]
[759,152] 1 [760,154]
[760,154] 1 [761,157]
[761,157] 1 [762,160]
[762,160] 1 [763,164]
[763,164] 1 [764,167]
[764,167] 1 [765,169]
[765,169] 1 [766,172]
[766,172] 1 [767,176]
[767,176] 1 [768,6]
[768,6] 1 [769,6]
[769,6] 1 [770,6]
[770,6] 1 [771,6]
[771,6] 1 [772,6]
[772,6] 1 [773,6]
[773,6] 1 [774,6]
[774,6] 1 [775,6]
[775,6] 1 [776,6]
[776,6] 1 [777,8]
[777,8] 1 [778,11]
[778,11] 1 [779,14]
[779,14] 1 [780,17]
[780,17] 1 [781,19]
[781,19] 1 [782,22]
[782,22] 1 [783,25]
[783,25] 1 [784,27]
[784,27] 1 [785,30]
[785,30] 1 [786,34]
[786,34] 1 [787,36]
[787,36] 1 [788,38]
[788,38] 1 [789,41]
[789,41] 1 [790,45]
[790,45] 1 [791,48]
[791,48] 1 [792,50]
[792,50] 1 [793,54]
[793,54] 1 [794,56]
[794,56] 1 [795,60]
[795,60] 1 [796,64]
[796,64] 1 [797,66]
[797,66] 1 [798,70]
[798,70] 1 [799,74]
[799,74] 1 [800,77]
[800,77] 1 [801,79]
[801,79] 1 [802,82]
[802,82] 1 [803,85]
[803,85] 1 [804,88]
[804,88] 1 [805,92]
[805,92] 1 [806,94]
[806,94] 1 [807,98]
[807,98] 1 [808,102]
[808,102] 1 [809,104]
[809,104] 1 [810,107]
[810,107] 1 [811,109]
[811,109] 1 [812,111]
[812,111] 1 [813,114]
[813,114] 1 [814,116]
[814,116] 1 [815,119]
[815,119] 1 [816,123]
[816,123] 1 [817,126]
[817,126] 1 [818,130]
[818,130] 1 [819,132]
[819,132] 1 [820,134]
[820,134] 1 [821,137]
[821,137] 1 [822,140]
[822,140] 1 [823,142]
[823,142] 1 [824,144]
[824,144] 1 [825,147]
[825,147] 1 [826,151]
[826,151] 1 [827,155]
[827,155] 1 [828,157]
[828,157] 1 [829,161]
[829,161] 1 [830,163]
[830,163] 1 [831,165]
[831,165] 1 [832,167]
[832,167] 1 [833,170]
[833,170] 1 [834,173]
[834,173] 1 [835,175]
[835,175] 1 [836,6]
[836,6] 1 [837,6]
[837,6] 1 [838,6]
[838,6] 1 [839,6]
[839,6] 1 [840,6]
[840,6] 1 [841,6]
[841,6] 1 [842,6]
[842,6] 1 [843,6]
[843,6] 1 [844,8]
[844,8] 1 [845,12]
[845,12] 1 [846,14]
[846,14] 1 [847,16]
[847,16] 0 [848,19]
[848,19] 2 [849,17]
[849,17] 1 [850,19]
[850,19] 2 [851,15]
[851,15] 2 [852,12]
[852,12] 2 [853,9]
[853,9] 1 [854,7]
[854,7] 1 [855,11]
[855,11] 1 [856,15]
[856,15] 1 [857,17]
[857,17] 1 [858,19]
[858,19] 1 [859,22]
[859,22] 1 [860,25]
[860,25] 1 [861,27]
[861,27] 1 [862,29]
[862,29] 1 [863,33]
[863,33] 1 [864,37]
[864,37] 1 [865,40]
[865,40] 1 [866,43]
[866,43] 1 [867,45]
[867,45] 1 [868,48]
[868,48] 1 [869,50]
[869,50] 1 [870,53]
[870,53] 1 [871,57]
[871,57] 1 [872,60]
[872,60] 1 [873,63]
[873,63] 1 [874,67]
[874,67] 1 [875,70]
[875,70] 1 [876,74]
[876,74] 1 [877,77]
[877,77] 1 [878,81]
[878,81] 1 [879,83]
[879,83] 1 [880,87]
[880,87] 1 [881,89]
[881,89] 1 [882,92]
[882,92] 1 [883,96]
[883,96] 1 [884,98]
[884,98] 1 [885,101]
[885,101] 1 [886,105]
[886,105] 1 [887,107]
[887,107] 1 [888,111]
[888,111] 1 [889,113]
[889,113] 1 [890,115]
[890,115] 1 [891,117]
[891,117] 1 [892,121]
[892,121] 1 [893,124]
[893,124] 1 [894,128]
[894,128] 1 [895,132]
[895,132] 1 [896,134]
[896,134] 1 [897,138]
[897,138] 1 [898,140]
[898,140] 1 [899,142]
[899,142] 1 [900,144]
[900,144] 1 [901,147]
[901,147] 1 [902,151]
[902,151] 1 [903,154]
[903,154] 1 [904,158]
[904,158] 1 [905,161]
[905,161] 1 [906,163]
[906,163] 1 [907,167]
[907,167] 1 [908,171]
[908,171] 1 [909,175]
[909,175] 1 [910,177]
[910,177] 1 [911,6]
[911,6] 1 [912,6]
[912,6] 1 [913,6]
[913,6] 1 [914,6]
[914,6] 1 [915,6]
[915,6] 1 [916,6]
[916,6] 1 [917,6]
[917,6] 1 [918,6]
[918,6] 1 [919,6]
[919,6] 1 [920,6]
[920,6] 1 [921,9]
[921,9] 1 [922,13]
[922,13] 1 [923,16]
[923,16] 0 [924,17]
[924,17] 2 [925,14]
[925,14] 1 [926,14]
[926,14] 1 [927,16]
[927,16] 1 [928,20]
[928,20] 1 [929,22]
[929,22] 1 [930,25]
[930,25] 1 [931,29]
[931,29] 1 [932,31]
[932,31] 1 [933,34]
[933,34] 1 [934,37]
[934,37] 1 [935,40]
[935,40] 1 [936,43]
[936,43] 1 [937,46]
[937,46] 1 [938,48]
[938,48] 1 [939,52]
[939,52] 1 [940,55]
[940,55] 1 [941,58]
[941,58] 1 [942,61]
[942,61] 1 [943,63]
[943,63] 1 [944,67]
[944,67] 1 [945,69]
[945,69] 1 [946,72]
[946,72] 1 [947,75]
[947,75] 1 [948,77]
[948,77] 1 [949,81]
[949,81] 1 [950,83]
[950,83] 1 [951,87]
[951,87] 1 [952,89]
[952,89] 1 [953,92]
[953,92] 1 [954,96]
[954,96] 1 [955,98]
[955,98] 1 [956,100]
[956,100] 1 [957,102]
[957,102] 1 [958,105]
[958,105] 1 [959,107]
[959,107] 1 [960,111]
[960,111] 1 [961,115]
[961,115] 1 [962,118]
[962,118] 1 [963,122]
[963,122] 1 [964,125]
[964,125] 1 [965,129]
[965,129] 1 [966,131]
[966,131] 1 [967,134]
[967,134] 1 [968,137]
[968,137] 1 [969,139]
[969,139] 1 [970,141]
[970,141] 1 [971,144]
[971,144] 1 [972,148]
[972,148] 1 [973,151]
[973,151] 1 [974,153]
[974,153] 1 [975,155]
[975,155] 1 [976,158]
[976,158] 1 [977,162]
[977,162] 1 [978,165]
[978,165] 1 [979,167]
[979,167] 1 [980,171]
[980,171] 1 [981,175]
[981,175] 1 [982,177]
[982,177] 1 [983,6]
[983,6] 1 [984,6]
[984,6] 1 [985,6]
[985,6] 1 [986,6]
[986,6] 1 [987,6]
[987,6] 1 [988,6]
[988,6] 1 [989,6]
[989,6] 1 [990,6]
[990,6] 1 [991,6]
[991,6] 1 [992,6]
[992,6] 1 [993,7]
[993,7] 2 [994,6]
[994,6] 1 [995,9]
[995,9] 1 [996,12]
[996,12] 2 [997,9]
[997,9] 2 [998,7]
[998,7] 1 [999,8]
[999,8] 1 [1000,10]
[1000,10] 2 [1001,6]
[1001,6] 1 [1002,8]
[1002,8] 1 [1003,11]
[1003,11] 2 [1004,7]
[1004,7] 1 [1005,10]
[1005,10] 1 [1006,12]
[1006,12] 2 [1007,8]
[1007,8] 1 [1008,10]
[1008,10] 1 [1009,12]
[1009,12] 1 [1010,15]
[1010,15] 1 [1011,19]
[1011,19] 2 [1012,17]
[1012,17] 1 [1013,17]
[1013,17] 1 [1014,19]
[1014,19] 2 [1015,15]
[1015,15] 1 [1016,13]
[1016,13] 1 [1017,17]
[1017,17] 2 [1018,13]
[1018,13] 1 [1019,13]
[1019,13] 1 [1020,17]
[1020,17] 1 [1021,20]
[1021,20] 1 [1022,24]
[1022,24] 1 [1023,26]
[1023,26] 1 [1024,29]
[1024,29] 1 [1025,33]
[1025,33] 1 [1026,36]
[1026,36] 1 [1027,38]
[1027,38] 1 [1028,40]
[1028,40] 1 [1029,43]
[1029,43] 1 [1030,45]
[1030,45] 1 [1031,48]
[1031,48] 1 [1032,51]
[1032,51] 1 [1033,53]
[1033,53] 1 [1034,55]
[1034,55] 1 [1035,57]
[1035,57] 1 [1036,60]
[1036,60] 1 [1037,63]
[1037,63] 1 [1038,66]
[1038,66] 1 [1039,68]
[1039,68] 1 [1040,70]
[1040,70] 1 [1041,73]
[1041,73] 1 [1042,75]
[1042,75] 1 [1043,79]
[1043,79] 1 [1044,81]
[1044,81] 1 [1045,84]
[1045,84] 1 [1046,86]
[1046,86] 1 [1047,89]
[1047,89] 1 [1048,91]
[1048,91] 1 [1049,93]
[1049,93] 1 [1050,96]
[1050,96] 1 [1051,100]
[1051,100] 1 [1052,102]
[1052,102] 1 [1053,106]
[1053,106] 1 [1054,109]
[1054,109] 1 [1055,112]
[1055,112] 1 [1056,114]
[1056,114] 1 [1057,118]
[1057,118] 1 [1058,120]
[1058,120] 1 [1059,123]
[1059,123] 1 [1060,127]
[1060,127] 1 [1061,130]
[1061,130] 1 [1062,134]
[1062,134] 1 [1063,137]
[1063,137] 1 [1064,141]
[1064,141] 1 [1065,145]
[1065,145] 1 [1066,147]
[1066,147] 1 [1067,149]
[1067,149] 1 [1068,152]
[1068,152] 1 [1069,155]
[1069,155] 1 [1070,158]
[1070,158] 1 [1071,161]
[1071,161] 1 [1072,164]
[1072,164] 1 [1073,166]
[1073,166] 1 [1074,168]
[1074,168] 1 [1075,170]
[1075,170] 1 [1076,173]
[1076,173] 1 [1077,175]
[1077,175] 1 [1078,6]
[1078,6] 1 [1079,6]
[1079,6] 1 [1080,6]
[1080,6] 1 [1081,6]
[1081,6] 1 [1082,6]
[1082,6] 1 [1083,6]
[1083,6] 1 [1084,6]
[1084,6] 1 [1085,6]
[1085,6] 1 [1086,6]
[1086,6] 1 [1087,6]
[1087,6] 1 [1088,6]
[1088,6] 1 [1089,10]
[1089,10] 0 [1090,11]
[1090,11] 1 [1091,13]
[1091,13] 1 [1092,16]
[1092,16] 2 [1093,12]
[1093,12] 1 [1094,16]
[1094,16] 1 [1095,20]
[1095,20] 1 [1096,23]
[1096,23] 2 [1097,20]
[1097,20] 0 [1098,19]
[1098,19] 2 [1099,15]
[1099,15] 1 [1100,17]
[1100,17] 1 [1101,21]
[1101,21] 1 [1102,24]
[1102,24] 1 [1103,28]
[1103,28] 1 [1104,31]
[1104,31] 1 [1105,35]
[1105,35] 1 [1106,37]
[1106,37] 1 [1107,40]
[1107,40] 1 [1108,42]
[1108,42] 1 [1109,46]
[1109,46] 1 [1110,48]
[1110,48] 1 [1111,50]
[1111,50] 1 [1112,52]
[1112,52] 1 [1113,55]
[1113,55] 1 [1114,59]
[1114,59] 1 [1115,62]
[1115,62] 1 [1116,65]
[1116,65] 1 [1117,67]
[1117,67] 1 [1118,70]
[1118,70] 1 [1119,72]
[1119,72] 1 [1120,75]
[1120,75] 1 [1121,77]
[1121,77] 1 [1122,80]
[1122,80] 1 [1123,84]
[1123,84] 1 [1124,88]
[1124,88] 1 [1125,90]
[1125,90] 1 [1126,93]
[1126,93] 1 [1127,95]
[1127,95] 1 [1128,98]
[1128,98] 1 [1129,101]
[1129,101] 1 [1130,104]
[1130,104] 1 [1131,106]
[1131,106] 1 [1132,108]
[1132,108] 1 [1133,112]
[1133,112] 1 [1134,116]
[1134,116] 1 [1135,119]
[1135,119] 1 [1136,122]
[1136,122] 1 [1137,125]
[1137,125] 1 [1138,129]
[1138,129] 1 [1139,131]
[1139,131] 1 [1140,134]
[1140,134] 1 [1141,138]
[1141,138] 1 [1142,140]
[1142,140] 1 [1143,144]
[1143,144] 1 [1144,148]
[1144,148] 1 [1145,150]
[1145,150] 1 [1146,153]
[1146,153] 1 [1147,155]
[1147,155] 1 [1148,157]
[1148,157] 1 [1149,161]
[1149,161] 1 [1150,163]
[1150,163] 1 [1151,167]
[1151,167] 1 [1152,171]
[1152,171] 1 [1153,173]
[1153,173] 1 [1154,175]
[1154,175] 1 [1155,6]
[1155,6] 1 [1156,6]
[1156,6] 1 [1157,6]
[1157,6] 1 [1158,6]
[1158,6] 1 [1159,6]
[1159,6] 1 [1160,6]
[1160,6] 1 [1161,6]
[1161,6] 1 [1162,6]
[1162,6] 1 [1163,6]
[1163,6] 1 [1164,6]
[1164,6] 0 [1165,6]
[1165,6] 1 [1166,9]
[1166,9] 1 [1167,12]
[1167,12] 1 [1168,14]
[1168,14] 2 [1169,10]
[1169,10] 2 [1170,6]
[1170,6] 1 [1171,8]
[1171,8] 2 [1172,6]
[1172,6] 1 [1173,8]
[1173,8] 1 [1174,10]
[1174,10] 2 [1175,6]
[1175,6] 1 [1176,8]
[1176,8] 1 [1177,10]
[1177,10] 1 [1178,13]
[1178,13] 1 [1179,16]
[1179,16] 2 [1180,13]
[1180,13] 2 [1181,11]
[1181,11] 2 [1182,8]
[1182,8] 1 [1183,8]
[1183,8] 1 [1184,12]
[1184,12] 1 [1185,15]
[1185,15] 2 [1186,11]
[1186,11] 2 [1187,8]
[1187,8] 1 [1188,9]
[1188,9] 1 [1189,13]
[1189,13] 1 [1190,15]
[1190,15] 1 [1191,17]
[1191,17] 1 [1192,21]
[1192,21] 1 [1193,25]
[1193,25] 1 [1194,28]
[1194,28] 2 [1195,24]
[1195,24] 1 [1196,26]
[1196,26] 1 [1197,29]
[1197,29] 1 [1198,31]
[1198,31] 1 [1199,35]
[1199,35] 1 [1200,38]
[1200,38] 1 [1201,41]
[1201,41] 1 [1202,43]
[1202,43] 1 [1203,45]
[1203,45] 1 [1204,48]
[1204,48] 1 [1205,52]
[1205,52] 1 [1206,55]
[1206,55] 1 [1207,57]
[1207,57] 1 [1208,60]
[1208,60] 1 [1209,63]
[1209,63] 1 [1210,67]
[1210,67] 1 [1211,70]
[1211,70] 1 [1212,72]
[1212,72] 1 [1213,76]
[1213,76] 1 [1214,79]
[1214,79] 1 [1215,81]
[1215,81] 1 [1216,84]
[1216,84] 1 [1217,86]
[1217,86] 1 [1218,89]
[1218,89] 1 [1219,93]
[1219,93] 1 [1220,97]
[1220,97] 1 [1221,101]
[1221,101] 1 [1222,105]
[1222,105] 1 [1223,108]
[1223,108] 1 [1224,112]
[1224,112] 1 [1225,114]
[1225,114] 1 [1226,116]
[1226,116] 2 [1227,113]
[1227,113] 2 [1228,110]
[1228,110] 1 [1229,112]
[1229,112] 1 [1230,115]
[1230,115] 1 [1231,117]
[1231,117] 1 [1232,119]
[1232,119] 2 [1233,115]
[1233,115] 1 [1234,117]
[1234,117] 1 [1235,120]
[1235,120] 1 [1236,123]
[1236,123] 1 [1237,127]
[1237,127] 1 [1238,129]
[1238,129] 1 [1239,131]
[1239,131] 1 [1240,134]
[1240,134] 1 [1241,137]
[1241,137] 1 [1242,141]
[1242,141] 1 [1243,143]
[1243,143] 1 [1244,146]
[1244,146] 1 [1245,150]
[1245,150] 1 [1246,152]
[1246,152] 1 [1247,156]
[1247,156] 1 [1248,159]
[1248,159] 1 [1249,163]
[1249,163] 1 [1250,165]
[1250,165] 1 [1251,167]
[1251,167] 1 [1252,171]
[1252,171] 1 [1253,175]
[1253,175] 1 [1254,6]
[1254,6] 1 [1255,6]
[1255,6] 1 [1256,6]
[1256,6] 1 [1257,6]
[1257,6] 1 [1258,6]
[1258,6] 1 [1259,6]
[1259,6] 1 [1260,6]
[1260,6] 1 [1261,6]
[1261,6] 1 [1262,6]
[1262,6] 1 [1263,7]
[1263,7] 1 [1264,9]
[1264,9] 1 [1265,13]
[1265,13] 1 [1266,16]
[1266,16] 1 [1267,18]
[1267,18] 1 [1268,22]
[1268,22] 1 [1269,26]
[1269,26] 1 [1270,28]
[1270,28] 1 [1271,30]
[1271,30] 1 [1272,33]
[1272,33] 1 [1273,37]
[1273,37] 1 [1274,40]
[1274,40] 1 [1275,44]
[1275,44] 1 [1276,46]
[1276,46] 1 [1277,49]
[1277,49] 1 [1278,53]
[1278,53] 1 [1279,56]
[1279,56] 1 [1280,58]
[1280,58] 1 [1281,62]
[1281,62] 1 [1282,66]
[1282,66] 1 [1283,69]
[1283,69] 1 [1284,71]
[1284,71] 1 [1285,73]
[1285,73] 1 [1286,75]
[1286,75] 1 [1287,78]
[1287,78] 1 [1288,82]
[1288,82] 1 [1289,85]
[1289,85] 1 [1290,87]
[1290,87] 1 [1291,89]
[1291,89] 1 [1292,93]
[1292,93] 1 [1293,96]
[1293,96] 1 [1294,100]
[1294,100] 1 [1295,103]
[1295,103] 1 [1296,105]
[1296,105] 1 [1297,107]
[1297,107] 1 [1298,110]
[1298,110] 1 [1299,112]
[1299,112] 1 [1300,116]
[1300,116] 1 [1301,119]
[1301,119] 1 [1302,121]
[1302,121] 1 [1303,124]
[1303,124] 1 [1304,126]
[1304,126] 1 [1305,128]
[1305,128] 1 [1306,131]
[1306,131] 1 [1307,134]
[1307,134] 1 [1308,136]
[1308,136] 1 [1309,139]
[1309,139] 1 [1310,141]
[1310,141] 1 [1311,144]
[1311,144] 1 [1312,147]
[1312,147] 1 [1313,151]
[1313,151] 1 [1314,153]
[1314,153] 1 [1315,157]
[1315,157] 1 [1316,160]
[1316,160] 1 [1317,163]
[1317,163] 1 [1318,166]
[1318,166] 1 [1319,170]
[1319,170] 1 [1320,173]
[1320,173] 1 [1321,176]
[1321,176] 1 [1322,6]
[1322,6] 1 [1323,6]
[1323,6] 1 [1324,6]
[1324,6] 1 [1325,6]
[1325,6] 1 [1326,6]
[1326,6] 1 [1327,6]
[1327,6] 1 [1328,6]
[1328,6] 1 [1329,6]
[1329,6] 1 [1330,6]
[1330,6] 1 [1331,6]
[1331,6] 1 [1332,6]
[1332,6] 1 [1333,9]
[1333,9] 1 [1334,13]
[1334,13] 1 [1335,17]
[1335,17] 1 [1336,19]
[1336,19] 1 [1337,23]
[1337,23] 1 [1338,25]
[1338,25] 0 [1339,27]
[1339,27] 2 [1340,23]
[1340,23] 1 [1341,27]
[1341,27] 2 [1342,23]
[1342,23] 1 [1343,25]
[1343,25] 1 [1344,29]
[1344,29] 1 [1345,33]
[1345,33] 1 [1346,35]
[1346,35] 1 [1347,38]
[1347,38] 1 [1348,40]
[1348,40] 1 [1349,43]
[1349,43] 1 [1350,46]
[1350,46] 1 [1351,50]
[1351,50] 1 [1352,52]
[1352,52] 1 [1353,55]
[1353,55] 1 [1354,57]
[1354,57] 1 [1355,60]
[1355,60] 2 [1356,58]
[1356,58] 2 [1357,55]
[1357,55] 2 [1358,51]
[1358,51] 1 [1359,53]
[1359,53] 1 [1360,57]
[1360,57] 1 [1361,60]
[1361,60] 1 [1362,64]
[1362,64] 1 [1363,68]
[1363,68] 1 [1364,72]
[1364,72] 1 [1365,74]
[1365,74] 1 [1366,76]
[1366,76] 1 [1367,80]
[1367,80] 1 [1368,83]
[1368,83] 1 [1369,86]
[1369,86] 1 [1370,90]
[1370,90] 1 [1371,94]
[1371,94] 1 [1372,98]
[1372,98] 1 [1373,102]
[1373,102] 1 [1374,104]
[1374,104] 1 [1375,108]
[1375,108] 1 [1376,110]
[1376,110] 1 [1377,113]
[1377,113] 1 [1378,116]
[1378,116] 1 [1379,119]
[1379,119] 1 [1380,122]
[1380,122] 1 [1381,124]
[1381,124] 1 [1382,127]
[1382,127] 1 [1383,129]
[1383,129] 1 [1384,133]
[1384,133] 1 [1385,137]
[1385,137] 1 [1386,140]
[1386,140] 1 [1387,144]
[1387,144] 1 [1388,147]
[1388,147] 1 [1389,150]
[1389,150] 1 [1390,153]
[1390,153] 1 [1391,157]
[1391,157] 1 [1392,159]
[1392,159] 1 [1393,161]
[1393,161] 1 [1394,163]
[1394,163] 1 [1395,167]
[1395,167] 1 [1396,170]
[1396,170] 1 [1397,174]
[1397,174] 1 [1398,177]
[1398,177] 1 [1399,6]
[1399,6] 1 [1400,6]
[1400,6] 1 [1401,6]
[1401,6] 1 [1402,6]
[1402,6] 1 [1403,6]
[1403,6] 1 [1404,6]
[1404,6] 1 [1405,6]
[1405,6] 1 [1406,6]
[1406,6] 1 [1407,6]
[1407,6] 0 [1408,6]
[1408,6] 1 [1409,7]
[1409,7] 1 [1410,9]
[1410,9] 1 [1411,11]
[1411,11] 2 [1412,9]
[1412,9] 1 [1413,13]
[1413,13] 1 [1414,15]
[1414,15] 2 [1415,11]
[1415,11] 2 [1416,8]
[1416,8] 1 [1417,10]
[1417,10] 2 [1418,6]
[1418,6] 1 [1419,8]
[1419,8] 1 [1420,11]
[1420,11] 2 [1421,9]
[1421,9] 1 [1422,11]
[1422,11] 0 [1423,11]
[1423,11] 1 [1424,12]
[1424,12] 2 [1425,9]
[1425,9] 1 [1426,12]
[1426,12] 2 [1427,8]
[1427,8] 1 [1428,10]
[1428,10] 1 [1429,12]
[1429,12] 2 [1430,9]
[1430,9] 1 [1431,9]
[1431,9] 1 [1432,12]
[1432,12] 2 [1433,10]
[1433,10] 1 [1434,12]
[1434,12] 2 [1435,9]
[1435,9] 1 [1436,11]
[1436,11] 1 [1437,15]
[1437,15] 1 [1438,17]
[1438,17] 1 [1439,20]
[1439,20] 1 [1440,24]
[1440,24] 1 [1441,27]
[1441,27] 1 [1442,29]
[1442,29] 1 [1443,33]
[1443,33] 1 [1444,35]
[1444,35] 1 [1445,39]
[1445,39] 1 [1446,42]
[1446,42] 1 [1447,46]
[1447,46] 1 [1448,48]
[1448,48] 1 [1449,50]
[1449,50] 1 [1450,53]
[1450,53] 1 [1451,57]
[1451,57] 1 [1452,61]
[1452,61] 1 [1453,64]
[1453,64] 1 [1454,66]
[1454,66] 1 [1455,69]
[1455,69] 1 [1456,72]
[1456,72] 1 [1457,75]
[1457,75] 1 [1458,79]
[1458,79] 1 [1459,81]
[1459,81] 1 [1460,83]
[1460,83] 1 [1461,87]
[1461,87] 1 [1462,89]
[1462,89] 1 [1463,93]
[1463,93] 1 [1464,97]
[1464,97] 1 [1465,101]
[1465,101] 1 [1466,104]
[1466,104] 1 [1467,108]
[1467,108] 1 [1468,110]
[1468,110] 1 [1469,114]
[1469,114] 1 [1470,118]
[1470,118] 1 [1471,122]
[1471,122] 1 [1472,124]
[1472,124] 1 [1473,127]
[1473,127] 1 [1474,130]
[1474,130] 1 [1475,133]
[1475,133] 1 [1476,135]
[1476,135] 1 [1477,139]
[1477,139] 1 [1478,142]
[1478,142] 1 [1479,145]
[1479,145] 1 [1480,147]
[1480,147] 1 [1481,150]
[1481,150] 1 [1482,152]
[1482,152] 1 [1483,155]
[1483,155] 1 [1484,159]
[1484,159] 1 [1485,163]
[1485,163] 1 [1486,166]
[1486,166] 1 [1487,170]
[1487,170] 1 [1488,174]
[1488,174] 1 [1489,176]
[1489,176] 1 [1490,6]
[1490,6] 1 [1491,6]
[1491,6] 1 [1492,6]
[1492,6] 1 [1493,6]
[1493,6] 1 [1494,6]
[1494,6] 1 [1495,6]
[1495,6] 1 [1496,6]
[1496,6] 1 [1497,6]
[1497,6] 1 [1498,6]
[1498,6] 1 [1499,9]
[1499,9] 1 [1500,12]
[1500,12] 1 [1501,14]
[1501,14] 1 [1502,18]
[1502,18] 1 [1503,22]
[1503,22] 1 [1504,26]
[1504,26] 0 [1505,26]
[1505,26] 1 [1506,30]
[1506,30] 1 [1507,33]
[1507,33] 1 [1508,36]
[1508,36] 1 [1509,39]
[1509,39] 1 [1510,43]
[1510,43] 1 [1511,45]
[1511,45] 1 [1512,49]
[1512,49] 1 [1513,52]
[1513,52] 1 [1514,55]
[1514,55] 1 [1515,58]
[1515,58] 1 [1516,60]
[1516,60] 1 [1517,62]
[1517,62] 1 [1518,64]
[1518,64] 1 [1519,66]
[1519,66] 1 [1520,70]
[1520,70] 1 [1521,73]
[1521,73] 1 [1522,76]
[1522,76] 1 [1523,78]
[1523,78] 1 [1524,80]
[1524,80] 1 [1525,84]
[1525,84] 1 [1526,88]
[1526,88] 1 [1527,91]
[1527,91] 1 [1528,93]
[1528,93] 1 [1529,96]
[1529,96] 1 [1530,99]
[1530,99] 1 [1531,103]
[1531,103] 1 [1532,105]
[1532,105] 1 [1533,109]
[1533,109] 1 [1534,112]
[1534,112] 1 [1535,115]
[1535,115] 1 [1536,119]
[1536,119] 1 [1537,123]
[1537,123] 1 [1538,127]
[1538,127] 1 [1539,130]
[1539,130] 1 [1540,133]
[1540,133] 1 [1541,136]
[1541,136] 1 [1542,139]
[1542,139] 1 [1543,142]
[1543,142] 1 [1544,145]
[1544,145] 1 [1545,147]
[1545,147] 1 [1546,149]
[1546,149] 1 [1547,153]
[1547,153] 1 [1548,156]
[1548,156] 1 [1549,160]
[1549,160] 1 [1550,164]
[1550,164] 1 [1551,167]
[1551,167] 1 [1552,170]
[1552,170] 1 [1553,172]
[1553,172] 1 [1554,176]
[1554,176] 1 [1555,6]
[1555,6] 1 [1556,6]
[1556,6] 1 [1557,6]
[1557,6] 1 [1558,6]
[1558,6] 1 [1559,6]
[1559,6] 1 [1560,6]
[1560,6] 1 [1561,6]
[1561,6] 1 [1562,6]
[1562,6] 1 [1563,6]
[1563,6] 1 [1564,8]
[1564,8] 1 [1565,10]
[1565,10] 0 [1566,11]
[1566,11] 0 [1567,11]
[1567,11] 1 [1568,14]
[1568,14] 1 [1569,18]
[1569,18] 1 [1570,20]
[1570,20] 1 [1571,22]
[1571,22] 1 [1572,25]
[1572,25] 1 [1573,29]
[1573,29] 1 [1574,33]
[1574,33] 1 [1575,37]
[1575,37] 1 [1576,41]
[1576,41] 1 [1577,44]
[1577,44] 0 [1578,45]
[1578,45] 1 [1579,49]
[1579,49] 1 [1580,53]
[1580,53] 1 [1581,57]
[1581,57] 1 [1582,60]
[1582,60] 1 [1583,63]
[1583,63] 1 [1584,66]
[1584,66] 1 [1585,68]
[1585,68] 1 [1586,70]
[1586,70] 1 [1587,74]
[1587,74] 1 [1588,76]
[1588,76] 1 [1589,79]
[1589,79] 1 [1590,82]
[1590,82] 1 [1591,86]
[1591,86] 1 [1592,90]
[1592,90] 1 [1593,94]
[1593,94] 1 [1594,97]
[1594,97] 1 [1595,99]
[1595,99] 1 [1596,101]
[1596,101] 1 [1597,103]
[1597,103] 1 [1598,105]
[1598,105] 1 [1599,109]
[1599,109] 1 [1600,111]
[1600,111] 1 [1601,114]
[1601,114] 1 [1602,116]
[1602,116] 1 [1603,118]
[1603,118] 1 [1604,120]
[1604,120] 1 [1605,122]
[1605,122] 1 [1606,125]
[1606,125] 1 [1607,129]
[1607,129] 1 [1608,131]
[1608,131] 1 [1609,134]
[1609,134] 1 [1610,136]
[1610,136] 1 [1611,140]
[1611,140] 1 [1612,142]
[1612,142] 1 [1613,145]
[1613,145] 1 [1614,147]
[1614,147] 1 [1615,150]
[1615,150] 1 [1616,152]
[1616,152] 1 [1617,155]
[1617,155] 1 [1618,157]
[1618,157] 1 [1619,159]
[1619,159] 1 [1620,163]
[1620,163] 1 [1621,166]
[1621,166] 1 [1622,168]
[1622,168] 1 [1623,170]
[1623,170] 1 [1624,174]
[1624,174] 1 [1625,176]
[1625,176] 1 [1626,6]
[1626,6] 1 [1627,6]
[1627,6] 1 [1628,6]
[1628,6] 1 [1629,6]
[1629,6] 1 [1630,6]
[1630,6] 1 [1631,6]
[1631,6] 1 [1632,6]
[1632,6] 1 [1633,6]
[1633,6] 1 [1634,6]
[1634,6] 1 [1635,6]
[1635,6] 1 [1636,6]
[1636,6] 1 [1637,7]
[1637,7] 0 [1638,7]
[1638,7] 1 [1639,11]
[1639,11] 2 [1640,8]
[1640,8] 1 [1641,11]
[1641,11] 2 [1642,7]
[1642,7] 1 [1643,7]
[1643,7] 1 [1644,9]
[1644,9] 1 [1645,11]
[1645,11] 1 [1646,14]
[1646,14] 1 [1647,18]
[1647,18] 1 [1648,20]
[1648,20] 2 [1649,16]
[1649,16] 1 [1650,14]
[1650,14] 2 [1651,11]
[1651,11] 2 [1652,8]
[1652,8] 1 [1653,11]
[1653,11] 2 [1654,12]
[1654,12] 2 [1655,9]
[1655,9] 1 [1656,11]
[1656,11] 1 [1657,14]
[1657,14] 1 [1658,18]
[1658,18] 2 [1659,14]
[1659,14] 1 [1660,14]
[1660,14] 1 [1661,16]
[1661,16] 2 [1662,12]
[1662,12] 1 [1663,15]
[1663,15] 1 [1664,17]
[1664,17] 1 [1665,19]
[1665,19] 1 [1666,23]
[1666,23] 1 [1667,27]
[1667,27] 1 [1668,29]
[1668,29] 1 [1669,32]
[1669,32] 1 [1670,34]
[1670,34] 1 [1671,36]
[1671,36] 1 [1672,40]
[1672,40] 1 [1673,43]
[1673,43] 1 [1674,45]
[1674,45] 1 [1675,48]
[1675,48] 1 [1676,51]
[1676,51] 1 [1677,55]
[1677,55] 1 [1678,58]
[1678,58] 1 [1679,62]
[1679,62] 1 [1680,65]
[1680,65] 1 [1681,67]
[1681,67] 1 [1682,70]
[1682,70] 1 [1683,73]
[1683,73] 1 [1684,76]
[1684,76] 1 [1685,78]
[1685,78] 1 [1686,80]
[1686,80] 1 [1687,82]
[1687,82] 1 [1688,85]
[1688,85] 1 [1689,88]
[1689,88] 1 [1690,91]
[1690,91] 1 [1691,95]
[1691,95] 1 [1692,97]
[1692,97] 1 [1693,101]
[1693,101] 1 [1694,104]
[1694,104] 1 [1695,108]
[1695,108] 1 [1696,112]
[1696,112] 1 [1697,115]
[1697,115] 1 [1698,119]
[1698,119] 1 [1699,121]
[1699,121] 1 [1700,123]
[1700,123] 1 [1701,127]
[1701,127] 1 [1702,130]
[1702,130] 1 [1703,133]
[1703,133] 1 [1704,136]
[1704,136] 1 [1705,138]
[1705,138] 1 [1706,142]
[1706,142] 1 [1707,145]
[1707,145] 1 [1708,149]
[1708,149] 1 [1709,152]
[1709,152] 1 [1710,156]
[1710,156] 1 [1711,158]
[1711,158] 1 [1712,162]
[1712,162] 1 [1713,165]
[1713,165] 1 [1714,169]
[1714,169] 1 [1715,172]
[1715,172] 1 [1716,176]
[1716,176] 1 [1717,6]
[1717,6] 1 [1718,6]
[1718,6] 1 [1719,6]
[1719,6] 1 [1720,6]
[1720,6] 1 [1721,6]
[1721,6] 1 [1722,6]
[1722,6] 1 [1723,6]
[1723,6] 1 [1724,6]
[1724,6] 1 [1725,6]
[1725,6] 1 [1726,6]
[1726,6] 1 [1727,7]
[1727,7] 2 [1728,6]
[1728,6] 1 [1729,8]
[1729,8] 1 [1730,10]
[1730,10] 1 [1731,12]
[1731,12] 2 [1732,8]
[1732,8] 1 [1733,9]
[1733,9] 1 [1734,13]
[1734,13] 1 [1735,16]
[1735,16] 2 [1736,12]
[1736,12] 1 [1737,15]
[1737,15] 1 [1738,17]
[1738,17] 1 [1739,19]
[1739,19] 1 [1740,22]
[1740,22] 1 [1741,24]
[1741,24] 2 [1742,20]
[1742,20] 1 [1743,22]
[1743,22] 1 [1744,24]
[1744,24] 1 [1745,26]
[1745,26] 1 [1746,29]
[1746,29] 1 [1747,32]
[1747,32] 1 [1748,35]
[1748,35] 1 [1749,39]
[1749,39] 1 [1750,42]
[1750,42] 1 [1751,45]
[1751,45] 1 [1752,49]
[1752,49] 1 [1753,51]
[1753,51] 1 [1754,53]
[1754,53] 1 [1755,56]
[1755,56] 1 [1756,59]
[1756,59] 1 [1757,61]
[1757,61] 1 [1758,63]
[1758,63] 1 [1759,66]
[1759,66] 1 [1760,68]
[1760,68] 1 [1761,70]
[1761,70] 1 [1762,74]
[1762,74] 1 [1763,76]
[1763,76] 1 [1764,80]
[1764,80] 1 [1765,84]
[1765,84] 1 [1766,88]
[1766,88] 1 [1767,92]
[1767,92] 1 [1768,95]
[1768,95] 1 [1769,97]
[1769,97] 1 [1770,100]
[1770,100] 1 [1771,104]
[1771,104] 1 [1772,107]
[1772,107] 1 [1773,110]
[1773,110] 1 [1774,114]
[1774,114] 1 [1775,118]
[1775,118] 1 [1776,122]
[1776,122] 1 [1777,125]
[1777,125] 1 [1778,127]
[1778,127] 1 [1779,129]
[1779,129] 1 [1780,133]
[1780,133] 1 [1781,137]
[1781,137] 1 [1782,140]
[1782,140] 1 [1783,142]
[1783,142] 1 [1784,145]
[1784,145] 1 [1785,148]
[1785,148] 1 [1786,150]
[1786,150] 1 [1787,154]
[1787,154] 1 [1788,157]
[1788,157] 1 [1789,160]
[1789,160] 1 [1790,164]
[1790,164] 1 [1791,168]
[1791,168] 1 [1792,172]
[1792,172] 1 [1793,176]
[1793,176] 1 [1794,6]
[1794,6] 1 [1795,6]
[1795,6] 1 [1796,6]
[1796,6] 1 [1797,6]
[1797,6] 1 [1798,6]
[1798,6] 1 [1799,6]
[1799,6] 1 [1800,6]
[1800,6] 1 [1801,6]
[1801,6] 1 [1802,6]
[1802,6] 1 [1803,6]
[1803,6] 0 [1804,6]
[1804,6] 1 [1805,10]
[1805,10] 0 [1806,11]
[1806,11] 2 [1807,10]
[1807,10] 2 [1808,7]
[1808,7] 1 [1809,8]
[1809,8] 1 [1810,10]
[1810,10] 0 [1811,11]
[1811,11] 2 [1812,8]
[1812,8] 1 [1813,11]
[1813,11] 1 [1814,13]
[1814,13] 1 [1815,15]
[1815,15] 2 [1816,12]
[1816,12] 2 [1817,8]
[1817,8] 1 [1818,11]
[1818,11] 2 [1819,9]
[1819,9] 1 [1820,8]
[1820,8] 1 [1821,12]
[1821,12] 1 [1822,15]
[1822,15] 2 [1823,12]
[1823,12] 2 [1824,8]
[1824,8] 1 [1825,10]
[1825,10] 1 [1826,12]
[1826,12] 1 [1827,15]
[1827,15] 2 [1828,12]
[1828,12] 1 [1829,15]
[1829,15] 2 [1830,11]
[1830,11] 1 [1831,14]
[1831,14] 1 [1832,17]
[1832,17] 1 [1833,20]
[1833,20] 1 [1834,24]
[1834,24] 1 [1835,28]
[1835,28] 1 [1836,32]
[1836,32] 1 [1837,35]
[1837,35] 1 [1838,39]
[1838,39] 1 [1839,43]
[1839,43] 1 [1840,46]
[1840,46] 1 [1841,50]
[1841,50] 1 [1842,53]
[1842,53] 1 [1843,55]
[1843,55] 1 [1844,59]
[1844,59] 1 [1845,62]
[1845,62] 1 [1846,64]
[1846,64] 1 [1847,67]
[1847,67] 1 [1848,70]
[1848,70] 1 [1849,74]
[1849,74] 1 [1850,78]
[1850,78] 1 [1851,82]
[1851,82] 1 [1852,86]
[1852,86] 1 [1853,88]
[1853,88] 1 [1854,91]
[1854,91] 1 [1855,95]
[1855,95] 1 [1856,98]
[1856,98] 1 [1857,101]
[1857,101] 1 [1858,105]
[1858,105] 1 [1859,107]
[1859,107] 1 [1860,111]
[1860,111] 1 [1861,114]
[1861,114] 2 [1862,111]
[1862,111] 1 [1863,111]
[1863,111] 1 [1864,113]
[1864,113] 2 [1865,109]
[1865,109] 1 [1866,111]
[1866,111] 1 [1867,114]
[1867,114] 1 [1868,116]
[1868,116] 1 [1869,118]
[1869,118] 1 [1870,121]
[1870,121] 1 [1871,124]
[1871,124] 1 [1872,126]
[1872,126] 1 [1873,130]
[1873,130] 1 [1874,132]
[1874,132] 1 [1875,135]
[1875,135] 1 [1876,138]
[1876,138] 1 [1877,142]
[1877,142] 1 [1878,144]
[1878,144] 1 [1879,147]
[1879,147] 1 [1880,150]
[1880,150] 1 [1881,154]
[1881,154] 1 [1882,157]
[1882,157] 1 [1883,160]
[1883,160] 1 [1884,162]
[1884,162] 1 [1885,165]
[1885,165] 1 [1886,167]
[1886,167] 1 [1887,171]
[1887,171] 1 [1888,173]
[1888,173] 1 [1889,176]
[1889,176] 1 [1890,6]
[1890,6] 1 [1891,6]
[1891,6] 1 [1892,6]
[1892,6] 1 [1893,6]
[1893,6] 1 [1894,6]
[1894,6] 1 [1895,6]
[1895,6] 1 [1896,6]
[1896,6] 1 [1897,6]
[1897,6] 1 [1898,6]
[1898,6] 1 [1899,8]
[1899,8] 1 [1900,10]
[1900,10] 1 [1901,14]
[1901,14] 1 [1902,16]
[1902,16] 1 [1903,18]
[1903,18] 1 [1904,21]
[1904,21] 1 [1905,23]
[1905,23] 1 [1906,27]
[1906,27] 1 [1907,29]
[1907,29] 1 [1908,32]
[1908,32] 1 [1909,35]
[1909,35] 1 [1910,38]
[1910,38] 1 [1911,41]
[1911,41] 1 [1912,43]
[1912,43] 1 [1913,45]
[1913,45] 1 [1914,49]
[1914,49] 1 [1915,53]
[1915,53] 1 [1916,55]
[1916,55] 1 [1917,59]
[1917,59] 1 [1918,61]
[1918,61] 1 [1919,63]
[1919,63] 1 [1920,66]
[1920,66] 1 [1921,68]
[1921,68] 1 [1922,71]
[1922,71] 1 [1923,73]
[1923,73] 1 [1924,77]
[1924,77] 1 [1925,80]
[1925,80] 1 [1926,82]
[1926,82] 1 [1927,85]
[1927,85] 1 [1928,88]
[1928,88] 1 [1929,91]
[1929,91] 1 [1930,93]
[1930,93] 1 [1931,97]
[1931,97] 1 [1932,101]
[1932,101] 1 [1933,105]
[1933,105] 1 [1934,107]
[1934,107] 1 [1935,110]
[1935,110] 1 [1936,113]
[1936,113] 1 [1937,115]
[1937,115] 1 [1938,117]
[1938,117] 1 [1939,120]
[1939,120] 1 [1940,122]
[1940,122] 1 [1941,124]
[1941,124] 1 [1942,127]
[1942,127] 1 [1943,131]
[1943,131] 1 [1944,134]
[1944,134] 1 [1945,136]
[1945,136] 1 [1946,138]
[1946,138] 1 [1947,141]
[1947,141] 1 [1948,143]
[1948,143] 1 [1949,146]
[1949,146] 1 [1950,149]
[1950,149] 1 [1951,152]
[1951,152] 1 [1952,155]
[1952,155] 1 [1953,158]
[1953,158] 1 [1954,160]
[1954,160] 1 [1955,164]
[1955,164] 1 [1956,166]
[1956,166] 1 [1957,170]
[1957,170] 1 [1958,174]
[1958,174] 1 [1959,177]
[1959,177] 1 [1960,6]
[1960,6] 1 [1961,6]
[1961,6] 1 [1962,6]
[1962,6] 1 [1963,6]
[1963,6] 1 [1964,6]
[1964,6] 1 [1965,6]
[1965,6] 1 [1966,6]
[1966,6] 1 [1967,6]
[1967,6] 1 [1968,6]
[1968,6] 1 [1969,7]
[1969,7] 1 [1970,10]
[1970,10] 1 [1971,14]
[1971,14] 1 [1972,17]
[1972,17] 2 [1973,13]
[1973,13] 1 [1974,17]
[1974,17] 1 [1975,19]
[1975,19] 1 [1976,23]
[1976,23] 2 [1977,19]
[1977,19] 1 [1978,22]
[1978,22] 1 [1979,25]
[1979,25] 1 [1980,28]
[1980,28] 1 [1981,30]
[1981,30] 1 [1982,34]
[1982,34] 1 [1983,38]
[1983,38] 1 [1984,42]
[1984,42] 1 [1985,45]
[1985,45] 1 [1986,47]
[1986,47] 2 [1987,45]
[1987,45] 1 [1988,47]
[1988,47] 1 [1989,49]
[1989,49] 1 [1990,52]
[1990,52] 1 [1991,54]
[1991,54] 2 [1992,50]
[1992,50] 1 [1993,50]
[1993,50] 2 [1994,46]
[1994,46] 1 [1995,48]
[1995,48] 1 [1996,51]
[1996,51] 1 [1997,53]
[1997,53] 1 [1998,57]
[1998,57] 1 [1999,60]
[1999,60] 1 [2000,63]
[2000,63] 1 [2001,65]
[2001,65] 1 [2002,67]
[2002,67] 1 [2003,70]
[2003,70] 1 [2004,73]
[2004,73] 1 [2005,76]
[2005,76] 1 [2006,79]
[2006,79] 1 [2007,82]
[2007,82] 1 [2008,86]
[2008,86] 1 [2009,88]
[2009,88] 1 [2010,92]
[2010,92] 1 [2011,95]
[2011,95] 1 [2012,99]
[2012,99] 1 [2013,103]
[2013,103] 1 [2014,105]
[2014,105] 1 [2015,107]
[2015,107] 1 [2016,110]
[2016,110] 1 [2017,114]
[2017,114] 1 [2018,117]
[2018,117] 1 [2019,119]
[2019,119] 1 [2020,122]
[2020,122] 1 [2021,124]
[2021,124] 1 [2022,128]
[2022,128] 1 [2023,131]
[2023,131] 1 [2024,134]
[2024,134] 1 [2025,136]
[2025,136] 1 [2026,139]
[2026,139] 1 [2027,142]
[2027,142] 1 [2028,145]
[2028,145] 1 [2029,147]
[2029,147] 1 [2030,149]
[2030,149] 1 [2031,151]
[2031,151] 1 [2032,154]
[2032,154] 1 [2033,157]
[2033,157] 1 [2034,159]
[2034,159] 1 [2035,161]
[2035,161] 1 [2036,163]
[2036,163] 1 [2037,165]
[2037,165] 1 [2038,167]
[2038,167] 1 [2039,169]
[2039,169] 1 [2040,173]
[2040,173] 1 [2041,176]
[2041,176] 1 [2042,6]
[2042,6] 1 [2043,6]
[2043,6] 1 [2044,6]
[2044,6] 1 [2045,6]
[2045,6] 1 [2046,6]
[2046,6] 1 [2047,6]
[2047,6] 1 [2048,6]
[2048,6] 1 [2049,6]
[2049,6] 1 [2050,6]
[2050,6] 1 [2051,7]
[2051,7] 1 [2052,11]
[2052,11] 0 [2053,11]
[2053,11] 0 [2054,11]
[2054,11] 2 [2055,7]
[2055,7] 1 [2056,7]
[2056,7] 1 [2057,11]
[2057,11] 1 [2058,15]
[2058,15] 1 [2059,19]
[2059,19] 1 [2060,23]
[2060,23] 1 [2061,27]
[2061,27] 1 [2062,29]
[2062,29] 2 [2063,25]
[2063,25] 1 [2064,24]
[2064,24] 1 [2065,27]
[2065,27] 1 [2066,30]
[2066,30] 1 [2067,34]
[2067,34] 1 [2068,37]
[2068,37] 1 [2069,40]
[2069,40] 1 [2070,43]
[2070,43] 1 [2071,45]
[2071,45] 1 [2072,49]
[2072,49] 1 [2073,51]
[2073,51] 1 [2074,54]
[2074,54] 1 [2075,58]
[2075,58] 1 [2076,60]
[2076,60] 1 [2077,64]
[2077,64] 1 [2078,68]
[2078,68] 1 [2079,71]
[2079,71] 1 [2080,73]
[2080,73] 1 [2081,77]
[2081,77] 1 [2082,80]
[2082,80] 1 [2083,82]
[2083,82] 1 [2084,85]
[2084,85] 1 [2085,89]
[2085,89] 1 [2086,92]
[2086,92] 1 [2087,96]
[2087,96] 1 [2088,99]
[2088,99] 1 [2089,101]
[2089,101] 1 [2090,104]
[2090,104] 1 [2091,106]
[2091,106] 1 [2092,108]
[2092,108] 1 [2093,111]
[2093,111] 1 [2094,114]
[2094,114] 1 [2095,116]
[2095,116] 1 [2096,118]
[2096,118] 1 [2097,120]
[2097,120] 1 [2098,122]
[2098,122] 1 [2099,126]
[2099,126] 1 [2100,128]
[2100,128] 1 [2101,130]
[2101,130] 1 [2102,133]
[2102,133] 1 [2103,137]
[2103,137] 1 [2104,141]
[2104,141] 1 [2105,144]
[2105,144] 1 [2106,148]
[2106,148] 1 [2107,151]
[2107,151] 1 [2108,155]
[2108,155] 1 [2109,159]
[2109,159] 1 [2110,161]
[2110,161] 1 [2111,163]
[2111,163] 1 [2112,166]
[2112,166] 1 [2113,169]
[2113,169] 1 [2114,171]
[2114,171] 1 [2115,175]
[2115,175] 1 [2116,6]
[2116,6] 1 [2117,6]
[2117,6] 1 [2118,6]
[2118,6] 1 [2119,6]
[2119,6] 1 [2120,6]
[2120,6] 1 [2121,6]
[2121,6] 1 [2122,6]
[2122,6] 1 [2123,6]
[2123,6] 1 [2124,6]
[2124,6] 1 [2125,6]
[2125,6] 1 [2126,8]
[2126,8] 1 [2127,10]
[2127,10] 1 [2128,14]
[2128,14] 1 [2129,18]
[2129,18] 2 [2130,15]
[2130,15] 1 [2131,14]
[2131,14] 1 [2132,18]
[2132,18] 1 [2133,20]
[2133,20] 1 [2134,24]
[2134,24] 2 [2135,20]
[2135,20] 2 [2136,16]
[2136,16] 2 [2137,12]
[2137,12] 2 [2138,9]
[2138,9] 1 [2139,11]
[2139,11] 2 [2140,7]
[2140,7] 1 [2141,7]
[2141,7] 1 [2142,11]
[2142,11] 1 [2143,14]
[2143,14] 1 [2144,16]
[2144,16] 1 [2145,18]
[2145,18] 1 [2146,22]
[2146,22] 1 [2147,25]
[2147,25] 1 [2148,28]
[2148,28] 1 [2149,31]
[2149,31] 1 [2150,34]
[2150,34] 1 [2151,38]
[2151,38] 1 [2152,42]
[2152,42] 1 [2153,45]
[2153,45] 1 [2154,47]
[2154,47] 1 [2155,51]
[2155,51] 1 [2156,53]
[2156,53] 1 [2157,57]
[2157,57] 1 [2158,60]
[2158,60] 1 [2159,63]
[2159,63] 1 [2160,67]
[2160,67] 1 [2161,70]
[2161,70] 1 [2162,72]
[2162,72] 1 [2163,76]
[2163,76] 1 [2164,79]
[2164,79] 1 [2165,82]
[2165,82] 1 [2166,84]
[2166,84] 1 [2167,86]
[2167,86] 1 [2168,90]
[2168,90] 1 [2169,92]
[2169,92] 1 [2170,96]
[2170,96] 1 [2171,100]
[2171,100] 1 [2172,104]
[2172,104] 1 [2173,108]
[2173,108] 1 [2174,111]
[2174,111] 1 [2175,115]
[2175,115] 1 [2176,119]
[2176,119] 1 [2177,123]
[2177,123] 1 [2178,127]
[2178,127] 1 [2179,129]
[2179,129] 1 [2180,133]
[2180,133] 1 [2181,137]
[2181,137] 1 [2182,140]
[2182,140] 1 [2183,143]
[2183,143] 1 [2184,145]
[2184,145] 1 [2185,147]
[2185,147] 1 [2186,150]
[2186,150] 1 [2187,154]
[2187,154] 1 [2188,158]
[2188,158] 1 [2189,162]
[2189,162] 1 [2190,164]
[2190,164] 1 [2191,167]
[2191,167] 1 [2192,170]
[2192,170] 1 [2193,173]
[2193,173] 1 [2194,176]
[2194,176] 1 [2195,6]
[2195,6] 1 [2196,6]
[2196,6] 1 [2197,6]
[2197,6] 1 [2198,6]
[2198,6] 1 [2199,6]
[2199,6] 1 [2200,6]
[2200,6] 1 [2201,6]
[2201,6] 1 [2202,6]
[2202,6] 0 [2203,6]
[2203,6] 1 [2204,7]
[2204,7] 1 [2205,9]
[2205,9] 0 [2206,9]
[2206,9] 1 [2207,9]
[2207,9] 2 [2208,6]
[2208,6] 1 [2209,8]
[2209,8] 1 [2210,11]
[2210,11] 2 [2211,7]
[2211,7] 1 [2212,10]
[2212,10] 1 [2213,13]
[2213,13] 1 [2214,15]
[2214,15] 2 [2215,11]
[2215,11] 2 [2216,7]
[2216,7] 1 [2217,10]
[2217,10] 2 [2218,6]
[2218,6] 1 [2219,8]
[2219,8] 1 [2220,10]
[2220,10] 2 [2221,7]
[2221,7] 1 [2222,7]
[2222,7] 1 [2223,11]
[2223,11] 2 [2224,8]
[2224,8] 1 [2225,10]
[2225,10] 1 [2226,12]
[2226,12] 2 [2227,10]
[2227,10] 0 [2228,9]
[2228,9] 1 [2229,11]
[2229,11] 2 [2230,9]
[2230,9] 1 [2231,11]
[2231,11] 2 [2232,7]
[2232,7] 1 [2233,10]
[2233,10] 1 [2234,14]
[2234,14] 1 [2235,18]
[2235,18] 1 [2236,20]
[2236,20] 1 [2237,23]
[2237,23] 1 [2238,25]
[2238,25] 1 [2239,29]
[2239,29] 1 [2240,33]
[2240,33] 1 [2241,35]
[2241,35] 1 [2242,37]
[2242,37] 1 [2243,39]
[2243,39] 1 [2244,42]
[2244,42] 1 [2245,44]
[2245,44] 1 [2246,46]
[2246,46] 1 [2247,48]
[2247,48] 1 [2248,51]
[2248,51] 1 [2249,54]
[2249,54] 1 [2250,57]
[2250,57] 1 [2251,60]
[2251,60] 1 [2252,63]
[2252,63] 1 [2253,65]
[2253,65] 1 [2254,68]
[2254,68] 1 [2255,71]
[2255,71] 1 [2256,74]
[2256,74] 1 [2257,76]
[2257,76] 1 [2258,80]
[2258,80] 1 [2259,83]
[2259,83] 1 [2260,86]
[2260,86] 1 [2261,90]
[2261,90] 1 [2262,92]
[2262,92] 1 [2263,94]
[2263,94] 1 [2264,96]
[2264,96] 1 [2265,98]
[2265,98] 1 [2266,100]
[2266,100] 1 [2267,102]
[2267,102] 1 [2268,105]
[2268,105] 1 [2269,108]
[2269,108] 1 [2270,110]
[2270,110] 1 [2271,113]
[2271,113] 1 [2272,117]
[2272,117] 1 [2273,121]
[2273,121] 1 [2274,124]
[2274,124] 1 [2275,128]
[2275,128] 1 [2276,130]
[2276,130] 1 [2277,132]
[2277,132] 1 [2278,135]
[2278,135] 1 [2279,139]
[2279,139] 1 [2280,141]
[2280,141] 1 [2281,144]
[2281,144] 1 [2282,146]
[2282,146] 1 [2283,149]
[2283,149] 1 [2284,152]
[2284,152] 1 [2285,155]
[2285,155] 1 [2286,157]
[2286,157] 1 [2287,159]
[2287,159] 1 [2288,163]
[2288,163] 1 [2289,167]
[2289,167] 1 [2290,171]
[2290,171] 1 [2291,175]
[2291,175] 1 [2292,177]
[2292,177] 1 [2293,6]
[2293,6] 1 [2294,6]
[2294,6] 1 [2295,6]
[2295,6] 1 [2296,6]
[2296,6] 1 [2297,6]
[2297,6] 1 [2298,6]
[2298,6] 1 [2299,6]
[2299,6] 1 [2300,6]
[2300,6] 1 [2301,6]
[2301,6] 1 [2302,9]
[2302,9] 1 [2303,11]
[2303,11] 1 [2304,14]
[2304,14] 1 [2305,18]
[2305,18] 1 [2306,20]
[2306,20] 1 [2307,22]
[2307,22] 1 [2308,25]
[2308,25] 1 [2309,27]
[2309,27] 1 [2310,31]
[2310,31] 1 [2311,35]
[2311,35] 1 [2312,38]
[2312,38] 1 [2313,40]
[2313,40] 1 [2314,43]
[2314,43] 1 [2315,46]
[2315,46] 1 [2316,48]
[2316,48] 1 [2317,50]
[2317,50] 1 [2318,52]
[2318,52] 1 [2319,54]
[2319,54] 1 [2320,58]
[2320,58] 1 [2321,62]
[2321,62] 1 [2322,65]
[2322,65] 1 [2323,68]
[2323,68] 1 [2324,71]
[2324,71] 1 [2325,75]
[2325,75] 1 [2326,77]
[2326,77] 1 [2327,81]
[2327,81] 1 [2328,83]
[2328,83] 1 [2329,86]
[2329,86] 1 [2330,90]
[2330,90] 1 [2331,93]
[2331,93] 1 [2332,97]
[2332,97] 1 [2333,101]
[2333,101] 1 [2334,105]
[2334,105] 1 [2335,107]
[2335,107] 1 [2336,110]
[2336,110] 1 [2337,112]
[2337,112] 1 [2338,116]
[2338,116] 1 [2339,119]
[2339,119] 1 [2340,123]
[2340,123] 1 [2341,126]
[2341,126] 1 [2342,130]
[2342,130] 1 [2343,132]
[2343,132] 1 [2344,135]
[2344,135] 1 [2345,137]
[2345,137] 1 [2346,141]
[2346,141] 1 [2347,143]
[2347,143] 1 [2348,145]
[2348,145] 1 [2349,148]
[2349,148] 1 [2350,151]
[2350,151] 1 [2351,153]
[2351,153] 1 [2352,155]
[2352,155] 1 [2353,157]
[2353,157] 1 [2354,160]
[2354,160] 1 [2355,162]
[2355,162] 1 [2356,165]
[2356,165] 1 [2357,167]
[2357,167] 1 [2358,169]
[2358,169] 1 [2359,172]
[2359,172] 1 [2360,176]
[2360,176] 1 [2361,6]
[2361,6] 1 [2362,6]
[2362,6] 1 [2363,6]
[2363,6] 1 [2364,6]
[2364,6] 1 [2365,6]
[2365,6] 1 [2366,6]
[2366,6] 1 [2367,6]
[2367,6] 1 [2368,6]
[2368,6] 1 [2369,6]
[2369,6] 1 [2370,6]
[2370,6] 0 [2371,6]
[2371,6] 1 [2372,10]
[2372,10] 1 [2373,13]
[2373,13] 1 [2374,15]
[2374,15] 2 [2375,11]
[2375,11] 1 [2376,15]
[2376,15] 2 [2377,12]
[2377,12] 1 [2378,12]
[2378,12] 1 [2379,14]
[2379,14] 1 [2380,16]
[2380,16] 2 [2381,12]
[2381,12] 1 [2382,14]
[2382,14] 1 [2383,17]
[2383,17] 1 [2384,21]
[2384,21] 1 [2385,24]
[2385,24] 1 [2386,26]
[2386,26] 1 [2387,30]
[2387,30] 1 [2388,34]
[2388,34] 1 [2389,37]
[2389,37] 1 [2390,40]
[2390,40] 1 [2391,43]
[2391,43] 1 [2392,45]
[2392,45] 1 [2393,49]
[2393,49] 1 [2394,51]
[2394,51] 1 [2395,54]
[2395,54] 1 [2396,58]
[2396,58] 1 [2397,60]
[2397,60] 1 [2398,63]
[2398,63] 1 [2399,65]
[2399,65] 1 [2400,68]
[2400,68] 1 [2401,71]
[2401,71] 1 [2402,73]
[2402,73] 1 [2403,75]
[2403,75] 1 [2404,79]
[2404,79] 1 [2405,81]
[2405,81] 1 [2406,84]
[2406,84] 1 [2407,88]
[2407,88] 1 [2408,90]
[2408,90] 1 [2409,92]
[2409,92] 1 [2410,94]
[2410,94] 1 [2411,98]
[2411,98] 1 [2412,101]
[2412,101] 1 [2413,104]
[2413,104] 1 [2414,107]
[2414,107] 1 [2415,111]
[2415,111] 1 [2416,115]
[2416,115] 1 [2417,118]
[2417,118] 1 [2418,121]
[2418,121] 1 [2419,124]
[2419,124] 1 [2420,128]
[2420,128] 1 [2421,131]
[2421,131] 1 [2422,134]
[2422,134] 1 [2423,137]
[2423,137] 1 [2424,140]
[2424,140] 1 [2425,144]
[2425,144] 1 [2426,148]
[2426,148] 1 [2427,152]
[2427,152] 1 [2428,155]
[2428,155] 1 [2429,157]
[2429,157] 1 [2430,161]
[2430,161] 1 [2431,165]
[2431,165] 1 [2432,168]
[2432,168] 1 [2433,172]
[2433,172] 1 [2434,174]
[2434,174] 1 [2435,177]
[2435,177] 1 [2436,6]
[2436,6] 1 [2437,6]
[2437,6] 1 [2438,6]
[2438,6] 1 [2439,6]
[2439,6] 1 [2440,6]
[2440,6] 1 [2441,6]
[2441,6] 1 [2442,6]
[2442,6] 1 [2443,6]
[2443,6] 1 [2444,6]
[2444,6] 1 [2445,6]
[2445,6] 1 [2446,6]
[2446,6] 1 [2447,6]
[2447,6] 1 [2448,9]
[2448,9] 0 [2449,11]
[2449,11] 0 [2450,11]
[2450,11] 1 [2451,13]
[2451,13] 2 [2452,10]
[2452,10] 1 [2453,11]
[2453,11] 2 [2454,8]
[2454,8] 1 [2455,11]
[2455,11] 1 [2456,13]
[2456,13] 2 [2457,9]
[2457,9] 2 [2458,7]
[2458,7] 1 [2459,8]
[2459,8] 1 [2460,11]
[2460,11] 2 [2461,9]
[2461,9] 1 [2462,11]
[2462,11] 1 [2463,13]
[2463,13] 2 [2464,9]
[2464,9] 2 [2465,7]
[2465,7] 1 [2466,7]
[2466,7] 1 [2467,9]
[2467,9] 1 [2468,12]
[2468,12] 1 [2469,15]
[2469,15] 1 [2470,19]
[2470,19] 1 [2471,23]
[2471,23] 2 [2472,19]
[2472,19] 2 [2473,15]
[2473,15] 2 [2474,12]
[2474,12] 1 [2475,15]
[2475,15] 1 [2476,18]
[2476,18] 1 [2477,20]
[2477,20] 1 [2478,22]
[2478,22] 1 [2479,26]
[2479,26] 1 [2480,28]
[2480,28] 1 [2481,31]
[2481,31] 1 [2482,33]
[2482,33] 1 [2483,36]
[2483,36] 1 [2484,38]
[2484,38] 1 [2485,40]
[2485,40] 1 [2486,42]
[2486,42] 1 [2487,46]
[2487,46] 1 [2488,48]
[2488,48] 1 [2489,52]
[2489,52] 1 [2490,55]
[2490,55] 1 [2491,57]
[2491,57] 1 [2492,61]
[2492,61] 1 [2493,65]
[2493,65] 1 [2494,69]
[2494,69] 1 [2495,71]
[2495,71] 1 [2496,73]
[2496,73] 1 [2497,76]
[2497,76] 1 [2498,78]
[2498,78] 1 [2499,81]
[2499,81] 1 [2500,84]
[2500,84] 1 [2501,88]
[2501,88] 1 [2502,92]
[2502,92] 1 [2503,96]
[2503,96] 1 [2504,98]
[2504,98] 1 [2505,102]
[2505,102] 1 [2506,105]
[2506,105] 1 [2507,107]
[2507,107] 1 [2508,109]
[2508,109] 1 [2509,111]
[2509,111] 1 [2510,115]
[2510,115] 2 [2511,111]
[2511,111] 2 [2512,107]
[2512,107] 1 [2513,108]
[2513,108] 1 [2514,111]
[2514,111] 1 [2515,114]
[2515,114] 1 [2516,116]
[2516,116] 1 [2517,120]
[2517,120] 1 [2518,123]
[2518,123] 1 [2519,126]
[2519,126] 1 [2520,129]
[2520,129] 1 [2521,131]
[2521,131] 1 [2522,134]
[2522,134] 1 [2523,138]
[2523,138] 1 [2524,140]
[2524,140] 1 [2525,142]
[2525,142] 1 [2526,144]
[2526,144] 1 [2527,148]
[2527,148] 1 [2528,150]
[2528,150] 1 [2529,153]
[2529,153] 1 [2530,157]
[2530,157] 1 [2531,160]
[2531,160] 1 [2532,163]
[2532,163] 1 [2533,166]
[2533,166] 1 [2534,169]
[2534,169] 1 [2535,173]
[2535,173] 1 [2536,177]
[2536,177] 1 [2537,6]
[2537,6] 1 [2538,6]
[2538,6] 1 [2539,6]
[2539,6] 1 [2540,6]
[2540,6] 1 [2541,6]
[2541,6] 1 [2542,6]
[2542,6] 1 [2543,6]
[2543,6] 1 [2544,6]
[2544,6] 1 [2545,6]
[2545,6] 1 [2546,6]
[2546,6] 0 [2547,6]
[2547,6] 1 [2548,10]
[2548,10] 1 [2549,12]
[2549,12] 2 [2550,12]
[2550,12] 2 [2551,9]
[2551,9] 1 [2552,11]
[2552,11] 2 [2553,7]
[2553,7] 1 [2554,10]
[2554,10] 1 [2555,13]
[2555,13] 1 [2556,16]
[2556,16] 2 [2557,12]
[2557,12] 1 [2558,12]
[2558,12] 1 [2559,16]
[2559,16] 1 [2560,19]
[2560,19] 2 [2561,16]
[2561,16] 1 [2562,19]
[2562,19] 2 [2563,16]
[2563,16] 2 [2564,12]
[2564,12] 1 [2565,14]
[2565,14] 1 [2566,18]
[2566,18] 1 [2567,22]
[2567,22] 1 [2568,26]
[2568,26] 1 [2569,30]
[2569,30] 1 [2570,34]
[2570,34] 1 [2571,38]
[2571,38] 1 [2572,40]
[2572,40] 1 [2573,42]
[2573,42] 1 [2574,45]
[2574,45] 1 [2575,48]
[2575,48] 1 [2576,52]
[2576,52] 1 [2577,55]
[2577,55] 1 [2578,58]
[2578,58] 1 [2579,61]
[2579,61] 1 [2580,64]
[2580,64] 1 [2581,68]
[2581,68] 1 [2582,70]
[2582,70] 1 [2583,73]
[2583,73] 1 [2584,77]
[2584,77] 1 [2585,81]
[2585,81] 1 [2586,85]
[2586,85] 1 [2587,87]
[2587,87] 1 [2588,91]
[2588,91] 1 [2589,95]
[2589,95] 1 [2590,99]
[2590,99] 2 [2591,95]
[2591,95] 1 [2592,95]
[2592,95] 2 [2593,93]
[2593,93] 1 [2594,95]
[2594,95] 1 [2595,97]
[2595,97] 1 [2596,100]
[2596,100] 1 [2597,103]
[2597,103] 1 [2598,105]
[2598,105] 1 [2599,109]
[2599,109] 1 [2600,113]
[2600,113] 1 [2601,117]
[2601,117] 1 [2602,120]
[2602,120] 1 [2603,124]
[2603,124] 1 [2604,127]
[2604,127] 1 [2605,129]
[2605,129] 1 [2606,131]
[2606,131] 1 [2607,133]
[2607,133] 1 [2608,135]
[2608,135] 1 [2609,139]
[2609,139] 1 [2610,143]
[2610,143] 1 [2611,146]
[2611,146] 1 [2612,150]
[2612,150] 1 [2613,153]
[2613,153] 1 [2614,157]
[2614,157] 1 [2615,161]
[2615,161] 1 [2616,165]
[2616,165] 1 [2617,167]
[2617,167] 1 [2618,171]
[2618,171] 1 [2619,174]
[2619,174] 1 [2620,176]
[2620,176] 1 [2621,6]
[2621,6] 1 [2622,6]
[2622,6] 1 [2623,6]
[2623,6] 1 [2624,6]
[2624,6] 1 [2625,6]
[2625,6] 1 [2626,6]
[2626,6] 1 [2627,6]
[2627,6] 1 [2628,6]
[2628,6] 1 [2629,6]
[2629,6] 1 [2630,6]
[2630,6] 1 [2631,8]
[2631,8] 0 [2632,9]
[2632,9] 1 [2633,13]
[2633,13] 1 [2634,15]
[2634,15] 2 [2635,12]
[2635,12] 1 [2636,13]
[2636,13] 1 [2637,17]
[2637,17] 1 [2638,20]
[2638,20] 2 [2639,16]
[2639,16] 2 [2640,13]
[2640,13] 1 [2641,15]
[2641,15] 1 [2642,18]
[2642,18] 1 [2643,22]
[2643,22] 1 [2644,24]
[2644,24] 1 [2645,26]
[2645,26] 1 [2646,28]
[2646,28] 1 [2647,32]
[2647,32] 1 [2648,35]
[2648,35] 1 [2649,39]
[2649,39] 0 [2650,39]
[2650,39] 1 [2651,42]
[2651,42] 1 [2652,45]
[2652,45] 1 [2653,47]
[2653,47] 1 [2654,49]
[2654,49] 1 [2655,52]
[2655,52] 1 [2656,56]
[2656,56] 1 [2657,58]
[2657,58] 1 [2658,62]
[2658,62] 1 [2659,64]
[2659,64] 1 [2660,66]
[2660,66] 1 [2661,68]
[2661,68] 1 [2662,70]
[2662,70] 1 [2663,73]
[2663,73] 1 [2664,76]
[2664,76] 1 [2665,79]
[2665,79] 1 [2666,83]
[2666,83] 1 [2667,87]
[2667,87] 1 [2668,91]
[2668,91] 1 [2669,93]
[2669,93] 1 [2670,97]
[2670,97] 1 [2671,100]
[2671,100] 1 [2672,102]
[2672,102] 1 [2673,106]
[2673,106] 1 [2674,110]
[2674,110] 1 [2675,112]
[2675,112] 1 [2676,114]
[2676,114] 1 [2677,116]
[2677,116] 1 [2678,118]
[2678,118] 1 [2679,122]
[2679,122] 1 [2680,124]
[2680,124] 1 [2681,126]
[2681,126] 1 [2682,128]
[2682,128] 1 [2683,130]
[2683,130] 1 [2684,132]
[2684,132] 1 [2685,135]
[2685,135] 1 [2686,138]
[2686,138] 1 [2687,140]
[2687,140] 1 [2688,143]
[2688,143] 1 [2689,146]
[2689,146] 1 [2690,150]
[2690,150] 1 [2691,153]
[2691,153] 1 [2692,155]
[2692,155] 1 [2693,157]
[2693,157] 1 [2694,161]
[2694,161] 2 [2695,161]
[2695,161] 1 [2696,165]
[2696,165] 1 [2697,168]
[2697,168] 1 [2698,172]
[2698,172] 1 [2699,176]
[2620,176] 1 [2621,6]
[2621,6] 1 [2622,6]
[2622,6] 1 [2623,6]
[2623,6] 1 [2624,6]
[2624,6] 1 [2625,6]
[2625,6] 1 [2626,6]
[2626,6] 1 [2627,6]
[2627,6] 1 [2628,6]
[2628,6] 1 [2629,6]
[2629,6] 1 [2630,6]
[2630,6] 1 [2631,8]
[2631,8] 0 [2632,9]
[2632,9] 1 [2633,13]
[2633,13] 1 [2634,15]
[2634,15] 2 [2635,12]
[2635,12] 1 [2636,13]
[2636,13] 1 [2637,17]
[2637,17] 1 [2638,20]
[2638,20] 2 [2639,16]
[2639,16] 2 [2640,13]
[2640,13] 1 [2641,15]
[2641,15] 1 [2642,18]
[2642,18] 1 [2643,22]
[2643,22] 1 [2644,24]
[2644,24] 1 [2645,26]
[2645,26] 1 [2646,28]
[2646,28] 1 [2647,32]
[2647,32] 1 [2648,35]
[2648,35] 1 [2649,39]
[2649,39] 0 [2650,39]
[2650,39] 1 [2651,42]
[2651,42] 1 [2652,45]
[2652,45] 1 [2653,47]
[2653,47] 1 [2654,49]
[2654,49] 1 [2655,52]
[2655,52] 1 [2656,56]
[2656,56] 1 [2657,58]
[2657,58] 1 [2658,62]
[2658,62] 1 [2659,64]
[2659,64] 1 [2660,66]
[2660,66] 1 [2661,68]
[2661,68] 1 [2662,70]
[2662,70] 1 [2663,73]
[2663,73] 1 [2664,76]
[2664,76] 1 [2665,79]
[2665,79] 1 [2666,83]
[2666,83] 1 [2667,87]
[2667,87] 1 [2668,91]
[2668,91] 1 [2669,93]
[2669,93] 1 [2670,97]
[2670,97] 1 [2671,100]
[2671,100] 1 [2672,102]
[2672,102] 1 [2673,106]
[2673,106] 1 [2674,110]
[2674,110] 1 [2675,112]
[2675,112] 1 [2676,114]
[2676,114] 1 [2677,116]
[2677,116] 1 [2678,118]
[2678,118] 1 [2679,122]
[2679,122] 1 [2680,124]
[2680,124] 1 [2681,126]
[2681,126] 1 [2682,128]
[2682,128] 1 [2683,130]
[2683,130] 1 [2684,132]
[2684,132] 1 [2685,135]
[2685,135] 1 [2686,138]
[2686,138] 1 [2687,140]
[2687,140] 1 [2688,143]
[2688,143] 1 [2689,146]
[2689,146] 1 [2690,150]
[2690,150] 1 [2691,153]
[2691,153] 1 [2692,155]
[2692,155] 1 [2693,157]
[2693,157] 1 [2694,161]
[2694,161] 2 [2695,161]
[2695,161] 1 [2696,165]
[2696,165] 1 [2697,168]
[2697,168] 1 [2698,172]
[2698,172] 1 [2699,176]
