[0,6] 1 [1,8]
[1,8] 1 [2,11]
[2,11] 1 [3,14]
[3,14] 1 [4,18]
[4,18] 1 [5,21]
[5,21] 1 [6,25]
[6,25] 1 [7,27]
[7,27] 1 [8,29]
[8,29] 1 [9,33]
[9,33] 1 [10,36]
[10,36] 1 [11,38]
[11,38] 1 [12,40]
[12,40] 1 [13,44]
[13,44] 1 [14,47]
[14,47] 1 [15,51]
[15,51] 1 [16,53]
[16,53] 1 [17,56]
[17,56] 1 [18,59]
[18,59] 1 [19,62]
[19,62] 1 [20,65]
[20,65] 1 [21,68]
[21,68] 1 [22,71]
[22,71] 1 [23,73]
[23,73] 1 [24,77]
[24,77] 1 [25,81]
[25,81] 1 [26,84]
[26,84] 1 [27,88]
[27,88] 1 [28,91]
[28,91] 1 [29,95]
[29,95] 1 [30,97]
[30,97] 1 [31,99]
[31,99] 1 [32,102]
[32,102] 1 [33,105]
[33,105] 1 [34,108]
[34,108] 1 [35,112]
[35,112] 1 [36,116]
[36,116] 1 [37,120]
[37,120] 1 [38,123]
[38,123] 1 [39,125]
[39,125] 1 [40,127]
[40,127] 1 [41,129]
[41,129] 1 [42,133]
[42,133] 1 [43,136]
[43,136] 1 [44,138]
[44,138] 1 [45,140]
[45,140] 1 [46,142]
[46,142] 1 [47,145]
[47,145] 1 [48,148]
[48,148] 1 [49,152]
[49,152] 1 [50,155]
[50,155] 1 [51,159]
[51,159] 1 [52,161]
[52,161] 1 [53,165]
[53,165] 1 [54,168]
[54,168] 1 [55,172]
[55,172] 1 [56,174]
[56,174] 1 [57,177]
[57,177] 1 [58,6]
[58,6] 1 [59,6]
[59,6] 1 [60,6]
[60,6] 1 [61,6]
[61,6] 1 [62,6]
[62,6] 1 [63,6]
[63,6] 1 [64,6]
[64,6] 1 [65,6]
[65,6] 1 [66,7]
[66,7] 2 [67,6]
[67,6] 1 [68,10]
[68,10] 1 [69,13]
[69,13] 2 [70,9]
[70,9] 2 [71,6]
[71,6] 1 [72,8]
[72,8] 1 [73,12]
[73,12] 2 [74,8]
[74,8] 0 [75,6]
[75,6] 1 [76,9]
[76,9] 0 [77,9]
[77,9] 2 [78,6]
[78,6] 1 [79,8]
[79,8] 1 [80,11]
[80,11] 2 [81,7]
[81,7] 0 [82,7]
[82,7] 1 [83,9]
[83,9] 1 [84,12]
[84,12] 1 [85,14]
[85,14] 1 [86,16]
[86,16] 1 [87,19]
[87,19] 1 [88,23]
[88,23] 1 [89,25]
[89,25] 1 [90,29]
[90,29] 1 [91,33]
[91,33] 1 [92,35]
[92,35] 1 [93,39]
[93,39] 1 [94,41]
[94,41] 1 [95,43]
[95,43] 1 [96,47]
[96,47] 1 [97,49]
[97,49] 1 [98,52]
[98,52] 1 [99,56]
[99,56] 1 [100,60]
[100,60] 1 [101,64]
[101,64] 1 [102,68]
[102,68] 1 [103,71]
[103,71] 1 [104,74]
[104,74] 1 [105,78]
[105,78] 1 [106,82]
[106,82] 1 [107,86]
[107,86] 1 [108,89]
[108,89] 1 [109,92]
[109,92] 1 [110,94]
[110,94] 1 [111,96]
[111,96] 1 [112,98]
[112,98] 1 [113,100]
[113,100] 1 [114,104]
[114,104] 1 [115,108]
[115,108] 1 [116,111]
[116,111] 1 [117,114]
[117,114] 1 [118,118]
[118,118] 1 [119,122]
[119,122] 1 [120,126]
[120,126] 1 [121,130]
[121,130] 1 [122,133]
[122,133] 1 [123,136]
[123,136] 1 [124,138]
[124,138] 1 [125,141]
[125,141] 1 [126,145]
[126,145] 1 [127,147]
[127,147] 1 [128,151]
[128,151] 1 [129,155]
[129,155] 1 [130,157]
[130,157] 1 [131,159]
[131,159] 1 [132,162]
[132,162] 1 [133,166]
[133,166] 1 [134,168]
[134,168] 1 [135,172]
[135,172] 1 [136,176]
[136,176] 1 [137,6]
[137,6] 1 [138,6]
[138,6] 1 [139,6]
[139,6] 1 [140,6]
[140,6] 1 [141,6]
[141,6] 1 [142,6]
[142,6] 1 [143,6]
[143,6] 1 [144,6]
[144,6] 1 [145,6]
[145,6] 1 [146,6]
[146,6] 1 [147,9]
[147,9] 1 [148,11]
[148,11] 0 [149,11]
[149,11] 1 [150,14]
[150,14] 1 [151,18]
[151,18] 1 [152,22]
[152,22] 1 [153,25]
[153,25] 1 [154,27]
[154,27] 1 [155,31]
[155,31] 1 [156,34]
[156,34] 1 [157,38]
[157,38] 1 [158,41]
[158,41] 1 [159,45]
[159,45] 1 [160,48]
[160,48] 1 [161,51]
[161,51] 1 [162,55]
[162,55] 1 [163,59]
[163,59] 1 [164,61]
[164,61] 1 [165,63]
[165,63] 1 [166,65]
[166,65] 1 [167,69]
[167,69] 1 [168,73]
[168,73] 1 [169,76]
[169,76] 1 [170,78]
[170,78] 1 [171,81]
[171,81] 1 [172,83]
[172,83] 1 [173,86]
[173,86] 1 [174,88]
[174,88] 1 [175,90]
[175,90] 1 [176,92]
[176,92] 1 [177,96]
[177,96] 1 [178,100]
[178,100] 1 [179,103]
[179,103] 1 [180,107]
[180,107] 1 [181,109]
[181,109] 1 [182,113]
[182,113] 1 [183,117]
[183,117] 1 [184,119]
[184,119] 1 [185,121]
[185,121] 1 [186,125]
[186,125] 1 [187,128]
[187,128] 1 [188,132]
[188,132] 1 [189,136]
[189,136] 1 [190,138]
[190,138] 1 [191,142]
[191,142] 1 [192,144]
[192,144] 1 [193,148]
[193,148] 1 [194,152]
[194,152] 1 [195,154]
[195,154] 1 [196,156]
[196,156] 1 [197,159]
[197,159] 1 [198,163]
[198,163] 1 [199,166]
[199,166] 1 [200,168]
[200,168] 1 [201,172]
[201,172] 1 [202,174]
[202,174] 1 [203,176]
[203,176] 1 [204,6]
[204,6] 1 [205,6]
[205,6] 1 [206,6]
[206,6] 1 [207,6]
[207,6] 1 [208,6]
[208,6] 1 [209,6]
[209,6] 1 [210,6]
[210,6] 1 [211,6]
[211,6] 1 [212,6]
[212,6] 1 [213,6]
[213,6] 1 [214,6]
[214,6] 1 [215,9]
[215,9] 0 [216,10]
[216,10] 1 [217,12]
[217,12] 1 [218,15]
[218,15] 1 [219,17]
[219,17] 1 [220,20]
[220,20] 1 [221,23]
[221,23] 2 [222,19]
[222,19] 2 [223,15]
[223,15] 2 [224,12]
[224,12] 1 [225,15]
[225,15] 2 [226,11]
[226,11] 1 [227,13]
[227,13] 1 [228,16]
[228,16] 2 [229,12]
[229,12] 1 [230,15]
[230,15] 1 [231,17]
[231,17] 1 [232,20]
[232,20] 1 [233,23]
[233,23] 2 [234,19]
[234,19] 2 [235,15]
[235,15] 1 [236,18]
[236,18] 1 [237,21]
[237,21] 1 [238,24]
[238,24] 1 [239,28]
[239,28] 1 [240,31]
[240,31] 1 [241,33]
[241,33] 1 [242,35]
[242,35] 1 [243,37]
[243,37] 1 [244,39]
[244,39] 1 [245,41]
[245,41] 1 [246,43]
[246,43] 1 [247,46]
[247,46] 1 [248,49]
[248,49] 1 [249,51]
[249,51] 1 [250,54]
[250,54] 1 [251,57]
[251,57] 1 [252,59]
[252,59] 1 [253,61]
[253,61] 1 [254,64]
[254,64] 1 [255,67]
[255,67] 1 [256,71]
[256,71] 1 [257,74]
[257,74] 1 [258,76]
[258,76] 1 [259,78]
[259,78] 1 [260,80]
[260,80] 1 [261,82]
[261,82] 1 [262,85]
[262,85] 1 [263,88]
[263,88] 1 [264,90]
[264,90] 1 [265,92]
[265,92] 1 [266,95]
[266,95] 1 [267,98]
[267,98] 1 [268,101]
[268,101] 1 [269,104]
[269,104] 1 [270,106]
[270,106] 1 [271,108]
[271,108] 1 [272,112]
[272,112] 1 [273,115]
[273,115] 1 [274,118]
[274,118] 1 [275,121]
[275,121] 1 [276,124]
[276,124] 1 [277,128]
[277,128] 1 [278,132]
[278,132] 1 [279,134]
[279,134] 1 [280,137]
[280,137] 1 [281,139]
[281,139] 1 [282,142]
[282,142] 1 [283,144]
[283,144] 1 [284,148]
[284,148] 1 [285,150]
[285,150] 1 [286,152]
[286,152] 1 [287,155]
[287,155] 1 [288,157]
[288,157] 1 [289,160]
[289,160] 1 [290,163]
[290,163] 1 [291,166]
[291,166] 1 [292,170]
[292,170] 1 [293,173]
[293,173] 1 [294,176]
[294,176] 1 [295,6]
[295,6] 1 [296,6]
[296,6] 1 [297,6]
[297,6] 1 [298,6]
[298,6] 1 [299,6]
[299,6] 1 [300,6]
[300,6] 1 [301,6]
[301,6] 1 [302,6]
[302,6] 1 [303,6]
[303,6] 0 [304,6]
[304,6] 1 [305,10]
[305,10] 1 [306,12]
[306,12] 0 [307,13]
[307,13] 2 [308,10]
[308,10] 1 [309,12]
[309,12] 1 [310,15]
[310,15] 1 [311,17]
[311,17] 1 [312,21]
[312,21] 1 [313,24]
[313,24] 2 [314,21]
[314,21] 2 [315,17]
[315,17] 1 [316,19]
[316,19] 2 [317,16]
[317,16] 2 [318,12]
[318,12] 1 [319,15]
[319,15] 1 [320,17]
[320,17] 1 [321,21]
[321,21] 1 [322,25]
[322,25] 1 [323,27]
[323,27] 1 [324,29]
[324,29] 1 [325,31]
[325,31] 1 [326,34]
[326,34] 1 [327,37]
[327,37] 1 [328,41]
[328,41] 1 [329,44]
[329,44] 1 [330,47]
[330,47] 1 [331,50]
[331,50] 1 [332,54]
[332,54] 1 [333,57]
[333,57] 1 [334,61]
[334,61] 1 [335,64]
[335,64] 1 [336,66]
[336,66] 1 [337,68]
[337,68] 1 [338,70]
[338,70] 1 [339,74]
[339,74] 1 [340,76]
[340,76] 1 [341,78]
[341,78] 1 [342,82]
[342,82] 1 [343,86]
[343,86] 1 [344,89]
[344,89] 1 [345,91]
[345,91] 1 [346,93]
[346,93] 1 [347,97]
[347,97] 1 [348,99]
[348,99] 1 [349,101]
[349,101] 1 [350,103]
[350,103] 1 [351,106]
[351,106] 1 [352,108]
[352,108] 1 [353,112]
[353,112] 1 [354,114]
[354,114] 1 [355,118]
[355,118] 1 [356,121]
[356,121] 1 [357,125]
[357,125] 2 [358,121]
[358,121] 2 [359,117]
[359,117] 1 [360,115]
[360,115] 1 [361,117]
[361,117] 1 [362,119]
[362,119] 1 [363,121]
[363,121] 1 [364,125]
[364,125] 1 [365,129]
[365,129] 1 [366,133]
[366,133] 1 [367,136]
[367,136] 1 [368,140]
[368,140] 1 [369,144]
[369,144] 1 [370,147]
[370,147] 1 [371,149]
[371,149] 1 [372,153]
[372,153] 1 [373,155]
[373,155] 1 [374,158]
[374,158] 1 [375,160]
[375,160] 1 [376,162]
[376,162] 1 [377,164]
[377,164] 1 [378,168]
[378,168] 1 [379,171]
[379,171] 1 [380,175]
[380,175] 1 [381,177]
[381,177] 1 [382,6]
[382,6] 1 [383,6]
[383,6] 1 [384,6]
[384,6] 1 [385,6]
[385,6] 1 [386,6]
[386,6] 1 [387,6]
[387,6] 1 [388,6]
[388,6] 1 [389,6]
[389,6] 1 [390,6]
[390,6] 1 [391,8]
[391,8] 0 [392,9]
[392,9] 0 [393,9]
[393,9] 1 [394,10]
[394,10] 1 [395,12]
[395,12] 2 [396,10]
[396,10] 1 [397,11]
[397,11] 2 [398,9]
[398,9] 1 [399,11]
[399,11] 2 [400,9]
[400,9] 2 [401,6]
[401,6] 1 [402,8]
[402,8] 1 [403,10]
[403,10] 1 [404,12]
[404,12] 1 [405,15]
[405,15] 2 [406,12]
[406,12] 2 [407,8]
[407,8] 2 [408,6]
[408,6] 1 [409,8]
[409,8] 1 [410,12]
[410,12] 1 [411,14]
[411,14] 1 [412,18]
[412,18] 1 [413,20]
[413,20] 1 [414,23]
[414,23] 1 [415,25]
[415,25] 1 [416,29]
[416,29] 1 [417,33]
[417,33] 1 [418,36]
[418,36] 1 [419,38]
[419,38] 1 [420,40]
[420,40] 1 [421,42]
[421,42] 1 [422,46]
[422,46] 1 [423,50]
[423,50] 1 [424,53]
[424,53] 1 [425,55]
[425,55] 1 [426,58]
[426,58] 1 [427,60]
[427,60] 1 [428,62]
[428,62] 1 [429,66]
[429,66] 1 [430,68]
[430,68] 1 [431,70]
[431,70] 1 [432,74]
[432,74] 1 [433,78]
[433,78] 1 [434,80]
[434,80] 1 [435,83]
[435,83] 1 [436,87]
[436,87] 1 [437,91]
[437,91] 1 [438,93]
[438,93] 1 [439,97]
[439,97] 1 [440,99]
[440,99] 1 [441,101]
[441,101] 2 [442,97]
[442,97] 2 [443,95]
[443,95] 1 [444,95]
[444,95] 1 [445,98]
[445,98] 1 [446,101]
[446,101] 1 [447,105]
[447,105] 1 [448,108]
[448,108] 1 [449,110]
[449,110] 1 [450,114]
[450,114] 1 [451,118]
[451,118] 1 [452,121]
[452,121] 1 [453,124]
[453,124] 1 [454,126]
[454,126] 1 [455,128]
[455,128] 1 [456,131]
[456,131] 1 [457,134]
[457,134] 1 [458,136]
[458,136] 1 [459,140]
[459,140] 1 [460,144]
[460,144] 1 [461,146]
[461,146] 1 [462,149]
[462,149] 1 [463,152]
[463,152] 1 [464,154]
[464,154] 1 [465,157]
[465,157] 1 [466,161]
[466,161] 1 [467,163]
[467,163] 1 [468,167]
[468,167] 1 [469,171]
[469,171] 1 [470,174]
[470,174] 1 [471,177]
[471,177] 1 [472,6]
[472,6] 1 [473,6]
[473,6] 1 [474,6]
[474,6] 1 [475,6]
[475,6] 1 [476,6]
[476,6] 1 [477,6]
[477,6] 1 [478,6]
[478,6] 1 [479,6]
[479,6] 1 [480,7]
[480,7] 1 [481,11]
[481,11] 0 [482,11]
[482,11] 1 [483,13]
[483,13] 1 [484,17]
[484,17] 2 [485,15]
[485,15] 2 [486,11]
[486,11] 1 [487,12]
[487,12] 1 [488,14]
[488,14] 1 [489,16]
[489,16] 1 [490,19]
[490,19] 2 [491,16]
[491,16] 1 [492,18]
[492,18] 1 [493,22]
[493,22] 1 [494,25]
[494,25] 1 [495,29]
[495,29] 1 [496,32]
[496,32] 1 [497,36]
[497,36] 1 [498,40]
[498,40] 1 [499,44]
[499,44] 1 [500,48]
[500,48] 1 [501,51]
[501,51] 1 [502,54]
[502,54] 1 [503,58]
[503,58] 1 [504,60]
[504,60] 1 [505,62]
[505,62] 1 [506,65]
[506,65] 1 [507,69]
[507,69] 1 [508,72]
[508,72] 1 [509,76]
[509,76] 1 [510,80]
[510,80] 1 [511,82]
[511,82] 1 [512,84]
[512,84] 1 [513,87]
[513,87] 1 [514,89]
[514,89] 1 [515,91]
[515,91] 1 [516,95]
[516,95] 1 [517,99]
[517,99] 1 [518,102]
[518,102] 1 [519,105]
[519,105] 1 [520,109]
[520,109] 1 [521,113]
[521,113] 1 [522,115]
[522,115] 1 [523,117]
[523,117] 1 [524,120]
[524,120] 1 [525,122]
[525,122] 1 [526,124]
[526,124] 1 [527,126]
[527,126] 1 [528,128]
[528,128] 1 [529,130]
[529,130] 1 [530,132]
[530,132] 1 [531,134]
[531,134] 1 [532,136]
[532,136] 1 [533,140]
[533,140] 1 [534,144]
[534,144] 1 [535,146]
[535,146] 1 [536,148]
[536,148] 1 [537,151]
[537,151] 1 [538,153]
[538,153] 1 [539,156]
[539,156] 1 [540,160]
[540,160] 1 [541,163]
[541,163] 1 [542,167]
[542,167] 1 [543,169]
[543,169] 1 [544,171]
[544,171] 1 [545,173]
[545,173] 1 [546,177]
[546,177] 1 [547,6]
[547,6] 1 [548,6]
[548,6] 1 [549,6]
[549,6] 1 [550,6]
[550,6] 1 [551,6]
[551,6] 1 [552,6]
[552,6] 1 [553,6]
[553,6] 1 [554,6]
[554,6] 1 [555,6]
[555,6] 1 [556,6]
[556,6] 1 [557,8]
[557,8] 2 [558,6]
[558,6] 1 [559,10]
[559,10] 1 [560,12]
[560,12] 1 [561,14]
[561,14] 1 [562,16]
[562,16] 1 [563,20]
[563,20] 1 [564,22]
[564,22] 1 [565,26]
[565,26] 1 [566,29]
[566,29] 1 [567,33]
[567,33] 1 [568,36]
[568,36] 1 [569,38]
[569,38] 1 [570,40]
[570,40] 1 [571,42]
[571,42] 1 [572,44]
[572,44] 1 [573,47]
[573,47] 1 [574,51]
[574,51] 1 [575,55]
[575,55] 1 [576,58]
[576,58] 1 [577,62]
[577,62] 1 [578,65]
[578,65] 1 [579,68]
[579,68] 1 [580,72]
[580,72] 1 [581,74]
[581,74] 1 [582,78]
[582,78] 1 [583,80]
[583,80] 1 [584,84]
[584,84] 1 [585,87]
[585,87] 1 [586,89]
[586,89] 1 [587,93]
[587,93] 1 [588,96]
[588,96] 1 [589,100]
[589,100] 1 [590,102]
[590,102] 1 [591,105]
[591,105] 1 [592,108]
[592,108] 1 [593,111]
[593,111] 1 [594,115]
[594,115] 1 [595,118]
[595,118] 1 [596,122]
[596,122] 1 [597,126]
[597,126] 1 [598,130]
[598,130] 1 [599,133]
[599,133] 1 [600,135]
[600,135] 1 [601,138]
[601,138] 1 [602,140]
[602,140] 1 [603,143]
[603,143] 1 [604,147]
[604,147] 1 [605,151]
[605,151] 1 [606,155]
[606,155] 1 [607,159]
[607,159] 1 [608,161]
[608,161] 1 [609,164]
[609,164] 1 [610,166]
[610,166] 1 [611,168]
[611,168] 1 [612,171]
[612,171] 1 [613,174]
[613,174] 1 [614,176]
[614,176] 1 [615,6]
[615,6] 1 [616,6]
[616,6] 1 [617,6]
[617,6] 1 [618,6]
[618,6] 1 [619,6]
[619,6] 1 [620,6]
[620,6] 1 [621,6]
[621,6] 1 [622,6]
[622,6] 1 [623,6]
[623,6] 1 [624,6]
[624,6] 1 [625,6]
[625,6] 1 [626,8]
[626,8] 0 [627,9]
[627,9] 1 [628,11]
[628,11] 1 [629,13]
[629,13] 1 [630,15]
[630,15] 2 [631,11]
[631,11] 1 [632,13]
[632,13] 2 [633,10]
[633,10] 1 [634,12]
[634,12] 2 [635,9]
[635,9] 1 [636,11]
[636,11] 1 [637,14]
[637,14] 1 [638,17]
[638,17] 1 [639,20]
[639,20] 1 [640,24]
[640,24] 1 [641,26]
[641,26] 1 [642,30]
[642,30] 1 [643,32]
[643,32] 1 [644,35]
[644,35] 1 [645,39]
[645,39] 1 [646,43]
[646,43] 1 [647,46]
[647,46] 1 [648,49]
[648,49] 1 [649,53]
[649,53] 1 [650,57]
[650,57] 1 [651,61]
[651,61] 1 [652,64]
[652,64] 1 [653,66]
[653,66] 1 [654,70]
[654,70] 1 [655,74]
[655,74] 1 [656,77]
[656,77] 1 [657,81]
[657,81] 1 [658,85]
[658,85] 1 [659,87]
[659,87] 1 [660,90]
[660,90] 1 [661,94]
[661,94] 1 [662,97]
[662,97] 1 [663,99]
[663,99] 1 [664,101]
[664,101] 1 [665,103]
[665,103] 1 [666,107]
[666,107] 1 [667,111]
[667,111] 1 [668,114]
[668,114] 1 [669,116]
[669,116] 1 [670,120]
[670,120] 1 [671,124]
[671,124] 1 [672,127]
[672,127] 1 [673,131]
[673,131] 1 [674,135]
[674,135] 1 [675,137]
[675,137] 1 [676,139]
[676,139] 1 [677,143]
[677,143] 1 [678,146]
[678,146] 1 [679,150]
[679,150] 1 [680,154]
[680,154] 1 [681,156]
[681,156] 1 [682,160]
[682,160] 1 [683,164]
[683,164] 1 [684,166]
[684,166] 1 [685,168]
[685,168] 1 [686,172]
[686,172] 1 [687,176]
[687,176] 1 [688,6]
[688,6] 1 [689,6]
[689,6] 1 [690,6]
[690,6] 1 [691,6]
[691,6] 1 [692,6]
[692,6] 1 [693,6]
[693,6] 1 [694,6]
[694,6] 1 [695,6]
[695,6] 1 [696,6]
[696,6] 1 [697,6]
[697,6] 0 [698,6]
[698,6] 1 [699,9]
[699,9] 1 [700,11]
[700,11] 1 [701,13]
[701,13] 1 [702,15]
[702,15] 2 [703,11]
[703,11] 1 [704,15]
[704,15] 1 [705,18]
[705,18] 1 [706,20]
[706,20] 1 [707,23]
[707,23] 1 [708,26]
[708,26] 1 [709,28]
[709,28] 1 [710,30]
[710,30] 1 [711,34]
[711,34] 1 [712,36]
[712,36] 1 [713,38]
[713,38] 1 [714,42]
[714,42] 1 [715,46]
[715,46] 1 [716,48]
[716,48] 1 [717,52]
[717,52] 1 [718,54]
[718,54] 1 [719,56]
[719,56] 1 [720,58]
[720,58] 1 [721,61]
[721,61] 1 [722,64]
[722,64] 1 [723,67]
[723,67] 1 [724,69]
[724,69] 1 [725,71]
[725,71] 1 [726,75]
[726,75] 1 [727,78]
[727,78] 1 [728,81]
[728,81] 1 [729,85]
[729,85] 1 [730,89]
[730,89] 1 [731,92]
[731,92] 1 [732,94]
[732,94] 1 [733,97]
[733,97] 1 [734,100]
[734,100] 1 [735,102]
[735,102] 1 [736,104]
[736,104] 1 [737,108]
[737,108] 1 [738,112]
[738,112] 1 [739,116]
[739,116] 1 [740,119]
[740,119] 1 [741,122]
[741,122] 1 [742,126]
[742,126] 1 [743,128]
[743,128] 1 [744,130]
[744,130] 1 [745,133]
[745,133] 1 [746,136]
[746,136] 1 [747,139]
[747,139] 1 [748,141]
[748,141] 1 [749,145]
[749,145] 1 [750,148]
[750,148] 1 [751,151]
[751,151] 1 [752,153]
[752,153] 1 [753,156]
[753,156] 1 [754,160]
[754,160] 1 [755,163]
[755,163] 1 [756,165]
[756,165] 1 [757,168]
[757,168] 1 [758,171]
[758,171] 1 [759,173]
[759,173] 1 [760,176]
[760,176] 1 [761,6]
[761,6] 1 [762,6]
[762,6] 1 [763,6]
[763,6] 1 [764,6]
[764,6] 1 [765,6]
[765,6] 1 [766,6]
[766,6] 1 [767,6]
[767,6] 1 [768,6]
[768,6] 1 [769,6]
[769,6] 1 [770,9]
[770,9] 1 [771,12]
[771,12] 1 [772,16]
[772,16] 1 [773,19]
[773,19] 1 [774,21]
[774,21] 1 [775,23]
[775,23] 1 [776,25]
[776,25] 1 [777,29]
[777,29] 1 [778,31]
[778,31] 1 [779,35]
[779,35] 1 [780,39]
[780,39] 1 [781,43]
[781,43] 1 [782,46]
[782,46] 1 [783,48]
[783,48] 1 [784,52]
[784,52] 1 [785,54]
[785,54] 1 [786,58]
[786,58] 1 [787,60]
[787,60] 1 [788,64]
[788,64] 1 [789,66]
[789,66] 1 [790,69]
[790,69] 1 [791,73]
[791,73] 1 [792,76]
[792,76] 1 [793,79]
[793,79] 1 [794,83]
[794,83] 1 [795,85]
[795,85] 1 [796,88]
[796,88] 1 [797,90]
[797,90] 1 [798,92]
[798,92] 1 [799,94]
[799,94] 1 [800,96]
[800,96] 1 [801,100]
[801,100] 1 [802,102]
[802,102] 1 [803,106]
[803,106] 1 [804,109]
[804,109] 1 [805,112]
[805,112] 1 [806,114]
[806,114] 1 [807,117]
[807,117] 1 [808,121]
[808,121] 1 [809,124]
[809,124] 1 [810,126]
[810,126] 1 [811,128]
[811,128] 1 [812,130]
[812,130] 1 [813,132]
[813,132] 1 [814,136]
[814,136] 1 [815,139]
[815,139] 1 [816,142]
[816,142] 1 [817,144]
[817,144] 1 [818,148]
[818,148] 1 [819,150]
[819,150] 1 [820,153]
[820,153] 1 [821,157]
[821,157] 1 [822,160]
[822,160] 1 [823,163]
[823,163] 1 [824,167]
[824,167] 1 [825,170]
[825,170] 1 [826,174]
[826,174] 1 [827,176]
[827,176] 1 [828,6]
[828,6] 1 [829,6]
[829,6] 1 [830,6]
[830,6] 1 [831,6]
[831,6] 1 [832,6]
[832,6] 1 [833,6]
[833,6] 1 [834,6]
[834,6] 1 [835,6]
[835,6] 1 [836,6]
[836,6] 1 [837,9]
[837,9] 0 [838,10]
[838,10] 1 [839,10]
[839,10] 1 [840,10]
[840,10] 1 [841,14]
[841,14] 1 [842,18]
[842,18] 2 [843,16]
[843,16] 2 [844,13]
[844,13] 2 [845,11]
[845,11] 2 [846,8]
[846,8] 1 [847,11]
[847,11] 1 [848,13]
[848,13] 1 [849,15]
[849,15] 1 [850,18]
[850,18] 1 [851,21]
[851,21] 1 [852,25]
[852,25] 1 [853,28]
[853,28] 1 [854,31]
[854,31] 1 [855,33]
[855,33] 1 [856,37]
[856,37] 1 [857,40]
[857,40] 1 [858,42]
[858,42] 1 [859,44]
[859,44] 1 [860,47]
[860,47] 1 [861,50]
[861,50] 1 [862,52]
[862,52] 1 [863,55]
[863,55] 1 [864,58]
[864,58] 1 [865,61]
[865,61] 1 [866,63]
[866,63] 1 [867,66]
[867,66] 1 [868,70]
[868,70] 1 [869,72]
[869,72] 1 [870,75]
[870,75] 1 [871,79]
[871,79] 1 [872,83]
[872,83] 1 [873,86]
[873,86] 1 [874,90]
[874,90] 1 [875,94]
[875,94] 1 [876,97]
[876,97] 1 [877,100]
[877,100] 1 [878,102]
[878,102] 1 [879,106]
[879,106] 1 [880,110]
[880,110] 1 [881,112]
[881,112] 1 [882,115]
[882,115] 1 [883,117]
[883,117] 1 [884,119]
[884,119] 1 [885,122]
[885,122] 1 [886,125]
[886,125] 1 [887,129]
[887,129] 1 [888,131]
[888,131] 1 [889,134]
[889,134] 1 [890,138]
[890,138] 1 [891,142]
[891,142] 1 [892,146]
[892,146] 1 [893,149]
[893,149] 1 [894,153]
[894,153] 1 [895,155]
[895,155] 1 [896,158]
[896,158] 1 [897,161]
[897,161] 1 [898,163]
[898,163] 1 [899,165]
[899,165] 1 [900,169]
[900,169] 1 [901,173]
[901,173] 1 [902,175]
[902,175] 1 [903,6]
[903,6] 1 [904,6]
[904,6] 1 [905,6]
[905,6] 1 [906,6]
[906,6] 1 [907,6]
[907,6] 1 [908,6]
[908,6] 1 [909,6]
[909,6] 1 [910,6]
[910,6] 1 [911,6]
[911,6] 1 [912,6]
[912,6] 1 [913,7]
[913,7] 1 [914,10]
[914,10] 1 [915,12]
[915,12] 1 [916,16]
[916,16] 2 [917,12]
[917,12] 1 [918,15]
[918,15] 1 [919,19]
[919,19] 1 [920,22]
[920,22] 1 [921,25]
[921,25] 1 [922,29]
[922,29] 1 [923,32]
[923,32] 1 [924,35]
[924,35] 1 [925,37]
[925,37] 1 [926,39]
[926,39] 1 [927,43]
[927,43] 1 [928,47]
[928,47] 1 [929,50]
[929,50] 1 [930,53]
[930,53] 1 [931,56]
[931,56] 1 [932,59]
[932,59] 1 [933,63]
[933,63] 1 [934,65]
[934,65] 1 [935,67]
[935,67] 1 [936,69]
[936,69] 1 [937,72]
[937,72] 1 [938,75]
[938,75] 1 [939,77]
[939,77] 1 [940,79]
[940,79] 1 [941,83]
[941,83] 1 [942,87]
[942,87] 1 [943,90]
[943,90] 1 [944,94]
[944,94] 0 [945,95]
[945,95] 1 [946,97]
[946,97] 1 [947,101]
[947,101] 1 [948,103]
[948,103] 1 [949,107]
[949,107] 1 [950,110]
[950,110] 1 [951,113]
[951,113] 1 [952,117]
[952,117] 1 [953,119]
[953,119] 1 [954,122]
[954,122] 1 [955,124]
[955,124] 1 [956,128]
[956,128] 1 [957,131]
[957,131] 1 [958,134]
[958,134] 1 [959,136]
[959,136] 1 [960,138]
[960,138] 1 [961,141]
[961,141] 1 [962,144]
[962,144] 1 [963,147]
[963,147] 1 [964,149]
[964,149] 1 [965,153]
[965,153] 1 [966,157]
[966,157] 1 [967,160]
[967,160] 1 [968,164]
[968,164] 1 [969,166]
[969,166] 1 [970,168]
[970,168] 1 [971,171]
[971,171] 1 [972,173]
[972,173] 1 [973,175]
[973,175] 1 [974,6]
[974,6] 1 [975,6]
[975,6] 1 [976,6]
[976,6] 1 [977,6]
[977,6] 1 [978,6]
[978,6] 1 [979,6]
[979,6] 1 [980,6]
[980,6] 1 [981,6]
[981,6] 1 [982,6]
[982,6] 1 [983,9]
[983,9] 2 [984,6]
[984,6] 1 [985,9]
[985,9] 1 [986,11]
[986,11] 1 [987,13]
[987,13] 2 [988,10]
[988,10] 1 [989,11]
[989,11] 2 [990,8]
[990,8] 1 [991,11]
[991,11] 1 [992,15]
[992,15] 2 [993,11]
[993,11] 1 [994,11]
[994,11] 1 [995,14]
[995,14] 1 [996,18]
[996,18] 1 [997,22]
[997,22] 2 [998,18]
[998,18] 2 [999,14]
[999,14] 1 [1000,16]
[1000,16] 2 [1001,12]
[1001,12] 2 [1002,8]
[1002,8] 1 [1003,11]
[1003,11] 1 [1004,13]
[1004,13] 2 [1005,10]
[1005,10] 1 [1006,12]
[1006,12] 1 [1007,14]
[1007,14] 1 [1008,16]
[1008,16] 1 [1009,18]
[1009,18] 1 [1010,21]
[1010,21] 1 [1011,25]
[1011,25] 1 [1012,28]
[1012,28] 1 [1013,32]
[1013,32] 1 [1014,36]
[1014,36] 1 [1015,39]
[1015,39] 1 [1016,43]
[1016,43] 1 [1017,45]
[1017,45] 1 [1018,47]
[1018,47] 1 [1019,50]
[1019,50] 1 [1020,52]
[1020,52] 1 [1021,54]
[1021,54] 1 [1022,57]
[1022,57] 1 [1023,61]
[1023,61] 1 [1024,63]
[1024,63] 1 [1025,67]
[1025,67] 1 [1026,71]
[1026,71] 1 [1027,73]
[1027,73] 1 [1028,76]
[1028,76] 1 [1029,79]
[1029,79] 1 [1030,83]
[1030,83] 1 [1031,85]
[1031,85] 1 [1032,88]
[1032,88] 1 [1033,92]
[1033,92] 1 [1034,96]
[1034,96] 1 [1035,98]
[1035,98] 1 [1036,100]
[1036,100] 1 [1037,103]
[1037,103] 1 [1038,105]
[1038,105] 1 [1039,108]
[1039,108] 1 [1040,110]
[1040,110] 1 [1041,112]
[1041,112] 1 [1042,116]
[1042,116] 1 [1043,118]
[1043,118] 1 [1044,121]
[1044,121] 1 [1045,123]
[1045,123] 1 [1046,126]
[1046,126] 1 [1047,130]
[1047,130] 1 [1048,133]
[1048,133] 1 [1049,136]
[1049,136] 1 [1050,140]
[1050,140] 1 [1051,144]
[1051,144] 1 [1052,147]
[1052,147] 1 [1053,150]
[1053,150] 1 [1054,153]
[1054,153] 1 [1055,156]
[1055,156] 1 [1056,158]
[1056,158] 1 [1057,161]
[1057,161] 1 [1058,165]
[1058,165] 1 [1059,169]
[1059,169] 1 [1060,173]
[1060,173] 1 [1061,176]
[1061,176] 1 [1062,6]
[1062,6] 1 [1063,6]
[1063,6] 1 [1064,6]
[1064,6] 1 [1065,6]
[1065,6] 1 [1066,6]
[1066,6] 1 [1067,6]
[1067,6] 1 [1068,6]
[1068,6] 1 [1069,6]
[1069,6] 1 [1070,6]
[1070,6] 1 [1071,6]
[1071,6] 1 [1072,7]
[1072,7] 0 [1073,7]
[1073,7] 1 [1074,11]
[1074,11] 2 [1075,8]
[1075,8] 1 [1076,11]
[1076,11] 2 [1077,9]
[1077,9] 1 [1078,11]
[1078,11] 2 [1079,9]
[1079,9] 1 [1080,11]
[1080,11] 2 [1081,9]
[1081,9] 1 [1082,9]
[1082,9] 1 [1083,12]
[1083,12] 1 [1084,15]
[1084,15] 1 [1085,18]
[1085,18] 1 [1086,22]
[1086,22] 1 [1087,25]
[1087,25] 1 [1088,29]
[1088,29] 1 [1089,33]
[1089,33] 1 [1090,37]
[1090,37] 1 [1091,39]
[1091,39] 1 [1092,43]
[1092,43] 1 [1093,45]
[1093,45] 1 [1094,48]
[1094,48] 1 [1095,50]
[1095,50] 1 [1096,52]
[1096,52] 1 [1097,56]
[1097,56] 1 [1098,59]
[1098,59] 1 [1099,62]
[1099,62] 1 [1100,64]
[1100,64] 1 [1101,67]
[1101,67] 1 [1102,70]
[1102,70] 1 [1103,72]
[1103,72] 1 [1104,76]
[1104,76] 1 [1105,78]
[1105,78] 1 [1106,81]
[1106,81] 1 [1107,85]
[1107,85] 1 [1108,87]
[1108,87] 1 [1109,89]
[1109,89] 1 [1110,92]
[1110,92] 1 [1111,96]
[1111,96] 1 [1112,100]
[1112,100] 1 [1113,104]
[1113,104] 1 [1114,107]
[1114,107] 1 [1115,111]
[1115,111] 1 [1116,113]
[1116,113] 1 [1117,117]
[1117,117] 1 [1118,120]
[1118,120] 1 [1119,123]
[1119,123] 1 [1120,126]
[1120,126] 1 [1121,128]
[1121,128] 1 [1122,130]
[1122,130] 1 [1123,132]
[1123,132] 1 [1124,134]
[1124,134] 1 [1125,137]
[1125,137] 1 [1126,140]
[1126,140] 1 [1127,144]
[1127,144] 1 [1128,148]
[1128,148] 1 [1129,152]
[1129,152] 1 [1130,155]
[1130,155] 1 [1131,158]
[1131,158] 1 [1132,161]
[1132,161] 1 [1133,163]
[1133,163] 1 [1134,165]
[1134,165] 1 [1135,167]
[1135,167] 1 [1136,170]
[1136,170] 1 [1137,172]
[1137,172] 1 [1138,176]
[1138,176] 1 [1139,6]
[1139,6] 1 [1140,6]
[1140,6] 1 [1141,6]
[1141,6] 1 [1142,6]
[1142,6] 1 [1143,6]
[1143,6] 1 [1144,6]
[1144,6] 1 [1145,6]
[1145,6] 1 [1146,6]
[1146,6] 1 [1147,6]
[1147,6] 1 [1148,9]
[1148,9] 0 [1149,9]
[1149,9] 2 [1150,6]
[1150,6] 1 [1151,8]
[1151,8] 1 [1152,12]
[1152,12] 2 [1153,11]
[1153,11] 2 [1154,9]
[1154,9] 2 [1155,6]
[1155,6] 1 [1156,8]
[1156,8] 1 [1157,10]
[1157,10] 1 [1158,13]
[1158,13] 2 [1159,9]
[1159,9] 1 [1160,8]
[1160,8] 1 [1161,10]
[1161,10] 1 [1162,12]
[1162,12] 1 [1163,16]
[1163,16] 2 [1164,13]
[1164,13] 1 [1165,15]
[1165,15] 2 [1166,12]
[1166,12] 1 [1167,12]
[1167,12] 1 [1168,14]
[1168,14] 1 [1169,17]
[1169,17] 1 [1170,19]
[1170,19] 1 [1171,23]
[1171,23] 2 [1172,19]
[1172,19] 2 [1173,15]
[1173,15] 1 [1174,13]
[1174,13] 1 [1175,17]
[1175,17] 1 [1176,20]
[1176,20] 1 [1177,23]
[1177,23] 1 [1178,26]
[1178,26] 1 [1179,28]
[1179,28] 1 [1180,31]
[1180,31] 1 [1181,33]
[1181,33] 1 [1182,37]
[1182,37] 1 [1183,41]
[1183,41] 1 [1184,43]
[1184,43] 1 [1185,45]
[1185,45] 1 [1186,48]
[1186,48] 1 [1187,50]
[1187,50] 1 [1188,52]
[1188,52] 1 [1189,56]
[1189,56] 1 [1190,60]
[1190,60] 1 [1191,64]
[1191,64] 1 [1192,67]
[1192,67] 1 [1193,71]
[1193,71] 1 [1194,73]
[1194,73] 1 [1195,75]
[1195,75] 1 [1196,79]
[1196,79] 1 [1197,81]
[1197,81] 1 [1198,83]
[1198,83] 1 [1199,87]
[1199,87] 1 [1200,90]
[1200,90] 1 [1201,94]
[1201,94] 1 [1202,98]
[1202,98] 1 [1203,102]
[1203,102] 1 [1204,104]
[1204,104] 1 [1205,108]
[1205,108] 1 [1206,111]
[1206,111] 1 [1207,114]
[1207,114] 1 [1208,117]
[1208,117] 2 [1209,113]
[1209,113] 1 [1210,111]
[1210,111] 1 [1211,115]
[1211,115] 1 [1212,117]
[1212,117] 1 [1213,119]
[1213,119] 1 [1214,123]
[1214,123] 2 [1215,120]
[1215,120] 1 [1216,121]
[1216,121] 1 [1217,125]
[1217,125] 1 [1218,127]
[1218,127] 1 [1219,131]
[1219,131] 1 [1220,135]
[1220,135] 1 [1221,137]
[1221,137] 1 [1222,139]
[1222,139] 1 [1223,142]
[1223,142] 1 [1224,144]
[1224,144] 1 [1225,147]
[1225,147] 1 [1226,150]
[1226,150] 1 [1227,153]
[1227,153] 1 [1228,155]
[1228,155] 1 [1229,159]
[1229,159] 1 [1230,162]
[1230,162] 1 [1231,165]
[1231,165] 1 [1232,167]
[1232,167] 1 [1233,170]
[1233,170] 1 [1234,174]
[1234,174] 1 [1235,176]
[1235,176] 1 [1236,6]
[1236,6] 1 [1237,6]
[1237,6] 1 [1238,6]
[1238,6] 1 [1239,6]
[1239,6] 1 [1240,6]
[1240,6] 1 [1241,6]
[1241,6] 1 [1242,6]
[1242,6] 1 [1243,6]
[1243,6] 1 [1244,6]
[1244,6] 1 [1245,6]
[1245,6] 1 [1246,9]
[1246,9] 1 [1247,11]
[1247,11] 1 [1248,13]
[1248,13] 1 [1249,16]
[1249,16] 1 [1250,20]
[1250,20] 1 [1251,24]
[1251,24] 1 [1252,26]
[1252,26] 1 [1253,30]
[1253,30] 1 [1254,33]
[1254,33] 1 [1255,35]
[1255,35] 1 [1256,38]
[1256,38] 1 [1257,40]
[1257,40] 1 [1258,44]
[1258,44] 1 [1259,46]
[1259,46] 1 [1260,49]
[1260,49] 1 [1261,52]
[1261,52] 1 [1262,55]
[1262,55] 1 [1263,57]
[1263,57] 1 [1264,59]
[1264,59] 1 [1265,62]
[1265,62] 1 [1266,64]
[1266,64] 1 [1267,68]
[1267,68] 1 [1268,71]
[1268,71] 1 [1269,75]
[1269,75] 1 [1270,78]
[1270,78] 1 [1271,80]
[1271,80] 1 [1272,84]
[1272,84] 1 [1273,88]
[1273,88] 1 [1274,90]
[1274,90] 1 [1275,94]
[1275,94] 1 [1276,96]
[1276,96] 1 [1277,99]
[1277,99] 1 [1278,103]
[1278,103] 1 [1279,107]
[1279,107] 1 [1280,111]
[1280,111] 1 [1281,113]
[1281,113] 1 [1282,116]
[1282,116] 1 [1283,119]
[1283,119] 1 [1284,122]
[1284,122] 1 [1285,125]
[1285,125] 1 [1286,129]
[1286,129] 1 [1287,133]
[1287,133] 1 [1288,135]
[1288,135] 1 [1289,137]
[1289,137] 1 [1290,140]
[1290,140] 1 [1291,143]
[1291,143] 1 [1292,146]
[1292,146] 1 [1293,149]
[1293,149] 1 [1294,151]
[1294,151] 1 [1295,154]
[1295,154] 1 [1296,158]
[1296,158] 1 [1297,160]
[1297,160] 1 [1298,164]
[1298,164] 1 [1299,168]
[1299,168] 1 [1300,172]
[1300,172] 1 [1301,176]
[1301,176] 1 [1302,6]
[1302,6] 1 [1303,6]
[1303,6] 1 [1304,6]
[1304,6] 1 [1305,6]
[1305,6] 1 [1306,6]
[1306,6] 1 [1307,6]
[1307,6] 1 [1308,6]
[1308,6] 1 [1309,6]
[1309,6] 1 [1310,6]
[1310,6] 0 [1311,6]
[1311,6] 1 [1312,9]
[1312,9] 0 [1313,9]
[1313,9] 1 [1314,11]
[1314,11] 2 [1315,8]
[1315,8] 1 [1316,7]
[1316,7] 1 [1317,9]
[1317,9] 1 [1318,11]
[1318,11] 1 [1319,15]
[1319,15] 1 [1320,19]
[1320,19] 1 [1321,23]
[1321,23] 1 [1322,26]
[1322,26] 1 [1323,29]
[1323,29] 1 [1324,31]
[1324,31] 1 [1325,35]
[1325,35] 1 [1326,37]
[1326,37] 1 [1327,39]
[1327,39] 1 [1328,42]
[1328,42] 1 [1329,44]
[1329,44] 1 [1330,46]
[1330,46] 1 [1331,49]
[1331,49] 1 [1332,52]
[1332,52] 1 [1333,55]
[1333,55] 1 [1334,57]
[1334,57] 2 [1335,53]
[1335,53] 1 [1336,50]
[1336,50] 1 [1337,54]
[1337,54] 1 [1338,58]
[1338,58] 2 [1339,54]
[1339,54] 1 [1340,56]
[1340,56] 1 [1341,59]
[1341,59] 1 [1342,62]
[1342,62] 1 [1343,65]
[1343,65] 1 [1344,69]
[1344,69] 1 [1345,73]
[1345,73] 1 [1346,75]
[1346,75] 1 [1347,79]
[1347,79] 1 [1348,83]
[1348,83] 1 [1349,87]
[1349,87] 1 [1350,91]
[1350,91] 1 [1351,94]
[1351,94] 1 [1352,97]
[1352,97] 1 [1353,99]
[1353,99] 1 [1354,101]
[1354,101] 1 [1355,105]
[1355,105] 1 [1356,107]
[1356,107] 1 [1357,109]
[1357,109] 1 [1358,111]
[1358,111] 1 [1359,114]
[1359,114] 1 [1360,118]
[1360,118] 1 [1361,122]
[1361,122] 1 [1362,126]
[1362,126] 1 [1363,129]
[1363,129] 1 [1364,132]
[1364,132] 1 [1365,134]
[1365,134] 1 [1366,138]
[1366,138] 1 [1367,140]
[1367,140] 1 [1368,144]
[1368,144] 1 [1369,147]
[1369,147] 1 [1370,150]
[1370,150] 1 [1371,154]
[1371,154] 1 [1372,157]
[1372,157] 1 [1373,159]
[1373,159] 1 [1374,162]
[1374,162] 1 [1375,165]
[1375,165] 1 [1376,169]
[1376,169] 1 [1377,171]
[1377,171] 1 [1378,174]
[1378,174] 1 [1379,176]
[1379,176] 1 [1380,6]
[1380,6] 1 [1381,6]
[1381,6] 1 [1382,6]
[1382,6] 1 [1383,6]
[1383,6] 1 [1384,6]
[1384,6] 1 [1385,6]
[1385,6] 1 [1386,6]
[1386,6] 1 [1387,6]
[1387,6] 1 [1388,6]
[1388,6] 1 [1389,6]
[1389,6] 1 [1390,6]
[1390,6] 1 [1391,7]
[1391,7] 1 [1392,11]
[1392,11] 0 [1393,13]
[1393,13] 2 [1394,10]
[1394,10] 2 [1395,7]
[1395,7] 1 [1396,8]
[1396,8] 1 [1397,11]
[1397,11] 1 [1398,14]
[1398,14] 2 [1399,10]
[1399,10] 1 [1400,11]
[1400,11] 0 [1401,11]
[1401,11] 2 [1402,7]
[1402,7] 1 [1403,9]
[1403,9] 1 [1404,11]
[1404,11] 2 [1405,8]
[1405,8] 2 [1406,6]
[1406,6] 1 [1407,8]
[1407,8] 2 [1408,6]
[1408,6] 1 [1409,8]
[1409,8] 1 [1410,10]
[1410,10] 1 [1411,13]
[1411,13] 2 [1412,10]
[1412,10] 1 [1413,12]
[1413,12] 2 [1414,8]
[1414,8] 2 [1415,6]
[1415,6] 1 [1416,8]
[1416,8] 1 [1417,11]
[1417,11] 2 [1418,7]
[1418,7] 1 [1419,8]
[1419,8] 1 [1420,12]
[1420,12] 1 [1421,14]
[1421,14] 1 [1422,16]
[1422,16] 2 [1423,12]
[1423,12] 1 [1424,15]
[1424,15] 1 [1425,17]
[1425,17] 1 [1426,21]
[1426,21] 1 [1427,24]
[1427,24] 1 [1428,27]
[1428,27] 1 [1429,31]
[1429,31] 1 [1430,35]
[1430,35] 1 [1431,38]
[1431,38] 1 [1432,41]
[1432,41] 1 [1433,44]
[1433,44] 1 [1434,47]
[1434,47] 1 [1435,49]
[1435,49] 1 [1436,52]
[1436,52] 1 [1437,54]
[1437,54] 1 [1438,57]
[1438,57] 1 [1439,59]
[1439,59] 1 [1440,62]
[1440,62] 1 [1441,64]
[1441,64] 1 [1442,68]
[1442,68] 1 [1443,72]
[1443,72] 1 [1444,74]
[1444,74] 1 [1445,77]
[1445,77] 1 [1446,80]
[1446,80] 1 [1447,84]
[1447,84] 1 [1448,88]
[1448,88] 1 [1449,92]
[1449,92] 1 [1450,95]
[1450,95] 1 [1451,97]
[1451,97] 2 [1452,94]
[1452,94] 1 [1453,96]
[1453,96] 1 [1454,99]
[1454,99] 2 [1455,97]
[1455,97] 0 [1456,96]
[1456,96] 2 [1457,92]
[1457,92] 1 [1458,92]
[1458,92] 1 [1459,95]
[1459,95] 1 [1460,97]
[1460,97] 1 [1461,101]
[1461,101] 1 [1462,104]
[1462,104] 1 [1463,107]
[1463,107] 1 [1464,109]
[1464,109] 1 [1465,112]
[1465,112] 1 [1466,115]
[1466,115] 1 [1467,117]
[1467,117] 1 [1468,120]
[1468,120] 1 [1469,122]
[1469,122] 1 [1470,125]
[1470,125] 1 [1471,129]
[1471,129] 1 [1472,133]
[1472,133] 1 [1473,137]
[1473,137] 1 [1474,139]
[1474,139] 1 [1475,142]
[1475,142] 1 [1476,144]
[1476,144] 1 [1477,147]
[1477,147] 1 [1478,151]
[1478,151] 1 [1479,154]
[1479,154] 1 [1480,157]
[1480,157] 1 [1481,161]
[1481,161] 1 [1482,163]
[1482,163] 1 [1483,165]
[1483,165] 1 [1484,168]
[1484,168] 1 [1485,171]
[1485,171] 1 [1486,175]
[1486,175] 1 [1487,6]
[1487,6] 1 [1488,6]
[1488,6] 1 [1489,6]
[1489,6] 1 [1490,6]
[1490,6] 1 [1491,6]
[1491,6] 1 [1492,6]
[1492,6] 1 [1493,6]
[1493,6] 1 [1494,6]
[1494,6] 1 [1495,6]
[1495,6] 1 [1496,8]
[1496,8] 1 [1497,10]
[1497,10] 0 [1498,11]
[1498,11] 2 [1499,8]
[1499,8] 1 [1500,10]
[1500,10] 2 [1501,9]
[1501,9] 0 [1502,8]
[1502,8] 2 [1503,6]
[1503,6] 1 [1504,8]
[1504,8] 1 [1505,11]
[1505,11] 1 [1506,13]
[1506,13] 1 [1507,16]
[1507,16] 2 [1508,13]
[1508,13] 2 [1509,10]
[1509,10] 1 [1510,11]
[1510,11] 2 [1511,9]
[1511,9] 1 [1512,11]
[1512,11] 2 [1513,9]
[1513,9] 1 [1514,11]
[1514,11] 2 [1515,8]
[1515,8] 1 [1516,11]
[1516,11] 2 [1517,7]
[1517,7] 1 [1518,9]
[1518,9] 1 [1519,11]
[1519,11] 1 [1520,13]
[1520,13] 1 [1521,16]
[1521,16] 1 [1522,20]
[1522,20] 2 [1523,16]
[1523,16] 1 [1524,18]
[1524,18] 1 [1525,20]
[1525,20] 1 [1526,22]
[1526,22] 1 [1527,25]
[1527,25] 1 [1528,29]
[1528,29] 1 [1529,31]
[1529,31] 1 [1530,35]
[1530,35] 1 [1531,37]
[1531,37] 1 [1532,39]
[1532,39] 1 [1533,41]
[1533,41] 1 [1534,43]
[1534,43] 1 [1535,45]
[1535,45] 1 [1536,48]
[1536,48] 1 [1537,52]
[1537,52] 1 [1538,54]
[1538,54] 1 [1539,58]
[1539,58] 1 [1540,62]
[1540,62] 1 [1541,66]
[1541,66] 1 [1542,69]
[1542,69] 1 [1543,71]
[1543,71] 1 [1544,73]
[1544,73] 1 [1545,75]
[1545,75] 1 [1546,78]
[1546,78] 1 [1547,81]
[1547,81] 1 [1548,83]
[1548,83] 1 [1549,85]
[1549,85] 1 [1550,88]
[1550,88] 1 [1551,90]
[1551,90] 1 [1552,94]
[1552,94] 1 [1553,97]
[1553,97] 1 [1554,101]
[1554,101] 1 [1555,105]
[1555,105] 1 [1556,107]
[1556,107] 1 [1557,111]
[1557,111] 1 [1558,114]
[1558,114] 1 [1559,118]
[1559,118] 1 [1560,120]
[1560,120] 1 [1561,123]
[1561,123] 1 [1562,126]
[1562,126] 1 [1563,128]
[1563,128] 1 [1564,130]
[1564,130] 1 [1565,134]
[1565,134] 1 [1566,137]
[1566,137] 1 [1567,141]
[1567,141] 1 [1568,145]
[1568,145] 1 [1569,147]
[1569,147] 1 [1570,150]
[1570,150] 1 [1571,154]
[1571,154] 1 [1572,157]
[1572,157] 1 [1573,159]
[1573,159] 1 [1574,162]
[1574,162] 1 [1575,166]
[1575,166] 1 [1576,169]
[1576,169] 1 [1577,173]
[1577,173] 1 [1578,177]
[1578,177] 1 [1579,6]
[1579,6] 1 [1580,6]
[1580,6] 1 [1581,6]
[1581,6] 1 [1582,6]
[1582,6] 1 [1583,6]
[1583,6] 1 [1584,6]
[1584,6] 1 [1585,6]
[1585,6] 1 [1586,6]
[1586,6] 1 [1587,6]
[1587,6] 1 [1588,7]
[1588,7] 0 [1589,7]
[1589,7] 1 [1590,9]
[1590,9] 1 [1591,11]
[1591,11] 2 [1592,8]
[1592,8] 1 [1593,8]
[1593,8] 1 [1594,11]
[1594,11] 1 [1595,15]
[1595,15] 2 [1596,11]
[1596,11] 1 [1597,12]
[1597,12] 1 [1598,16]
[1598,16] 2 [1599,13]
[1599,13] 2 [1600,10]
[1600,10] 2 [1601,6]
[1601,6] 1 [1602,8]
[1602,8] 1 [1603,11]
[1603,11] 1 [1604,14]
[1604,14] 1 [1605,16]
[1605,16] 1 [1606,18]
[1606,18] 1 [1607,21]
[1607,21] 1 [1608,25]
[1608,25] 1 [1609,27]
[1609,27] 1 [1610,31]
[1610,31] 1 [1611,33]
[1611,33] 1 [1612,36]
[1612,36] 1 [1613,39]
[1613,39] 1 [1614,41]
[1614,41] 1 [1615,45]
[1615,45] 1 [1616,48]
[1616,48] 1 [1617,51]
[1617,51] 1 [1618,54]
[1618,54] 1 [1619,56]
[1619,56] 1 [1620,59]
[1620,59] 1 [1621,63]
[1621,63] 1 [1622,67]
[1622,67] 1 [1623,69]
[1623,69] 1 [1624,73]
[1624,73] 1 [1625,77]
[1625,77] 1 [1626,80]
[1626,80] 1 [1627,83]
[1627,83] 1 [1628,85]
[1628,85] 1 [1629,87]
[1629,87] 1 [1630,90]
[1630,90] 1 [1631,92]
[1631,92] 1 [1632,95]
[1632,95] 1 [1633,98]
[1633,98] 1 [1634,101]
[1634,101] 1 [1635,103]
[1635,103] 1 [1636,105]
[1636,105] 1 [1637,109]
[1637,109] 1 [1638,113]
[1638,113] 1 [1639,115]
[1639,115] 1 [1640,119]
[1640,119] 2 [1641,116]
[1641,116] 2 [1642,113]
[1642,113] 2 [1643,109]
[1643,109] 1 [1644,109]
[1644,109] 1 [1645,111]
[1645,111] 1 [1646,114]
[1646,114] 1 [1647,117]
[1647,117] 1 [1648,121]
[1648,121] 1 [1649,124]
[1649,124] 1 [1650,128]
[1650,128] 1 [1651,130]
[1651,130] 1 [1652,133]
[1652,133] 1 [1653,135]
[1653,135] 1 [1654,137]
[1654,137] 1 [1655,139]
[1655,139] 1 [1656,143]
[1656,143] 1 [1657,145]
[1657,145] 1 [1658,147]
[1658,147] 1 [1659,149]
[1659,149] 1 [1660,152]
[1660,152] 1 [1661,156]
[1661,156] 1 [1662,159]
[1662,159] 1 [1663,162]
[1663,162] 1 [1664,165]
[1664,165] 1 [1665,168]
[1665,168] 1 [1666,171]
[1666,171] 1 [1667,173]
[1667,173] 1 [1668,177]
[1668,177] 1 [1669,6]
[1669,6] 1 [1670,6]
[1670,6] 1 [1671,6]
[1671,6] 1 [1672,6]
[1672,6] 1 [1673,6]
[1673,6] 1 [1674,6]
[1674,6] 1 [1675,6]
[1675,6] 1 [1676,6]
[1676,6] 1 [1677,6]
[1677,6] 1 [1678,6]
[1678,6] 1 [1679,6]
[1679,6] 1 [1680,8]
[1680,8] 0 [1681,8]
[1681,8] 1 [1682,10]
[1682,10] 2 [1683,6]
[1683,6] 1 [1684,8]
[1684,8] 1 [1685,12]
[1685,12] 0 [1686,12]
[1686,12] 0 [1687,12]
[1687,12] 2 [1688,8]
[1688,8] 1 [1689,7]
[1689,7] 0 [1690,7]
[1690,7] 1 [1691,11]
[1691,11] 1 [1692,14]
[1692,14] 1 [1693,18]
[1693,18] 1 [1694,21]
[1694,21] 1 [1695,23]
[1695,23] 1 [1696,26]
[1696,26] 1 [1697,30]
[1697,30] 1 [1698,32]
[1698,32] 1 [1699,34]
[1699,34] 1 [1700,38]
[1700,38] 1 [1701,41]
[1701,41] 1 [1702,45]
[1702,45] 1 [1703,48]
[1703,48] 1 [1704,52]
[1704,52] 1 [1705,54]
[1705,54] 1 [1706,58]
[1706,58] 1 [1707,60]
[1707,60] 1 [1708,64]
[1708,64] 1 [1709,67]
[1709,67] 1 [1710,69]
[1710,69] 1 [1711,71]
[1711,71] 1 [1712,74]
[1712,74] 1 [1713,76]
[1713,76] 1 [1714,79]
[1714,79] 1 [1715,82]
[1715,82] 1 [1716,84]
[1716,84] 1 [1717,88]
[1717,88] 1 [1718,90]
[1718,90] 1 [1719,94]
[1719,94] 1 [1720,96]
[1720,96] 1 [1721,98]
[1721,98] 1 [1722,102]
[1722,102] 1 [1723,105]
[1723,105] 1 [1724,108]
[1724,108] 1 [1725,110]
[1725,110] 1 [1726,113]
[1726,113] 1 [1727,117]
[1727,117] 1 [1728,121]
[1728,121] 1 [1729,125]
[1729,125] 1 [1730,128]
[1730,128] 1 [1731,131]
[1731,131] 1 [1732,135]
[1732,135] 1 [1733,137]
[1733,137] 1 [1734,140]
[1734,140] 1 [1735,142]
[1735,142] 1 [1736,145]
[1736,145] 1 [1737,147]
[1737,147] 1 [1738,151]
[1738,151] 1 [1739,153]
[1739,153] 1 [1740,155]
[1740,155] 1 [1741,157]
[1741,157] 1 [1742,159]
[1742,159] 1 [1743,162]
[1743,162] 1 [1744,166]
[1744,166] 1 [1745,170]
[1745,170] 1 [1746,174]
[1746,174] 1 [1747,176]
[1747,176] 1 [1748,6]
[1748,6] 1 [1749,6]
[1749,6] 1 [1750,6]
[1750,6] 1 [1751,6]
[1751,6] 1 [1752,6]
[1752,6] 1 [1753,6]
[1753,6] 1 [1754,6]
[1754,6] 1 [1755,6]
[1755,6] 1 [1756,6]
[1756,6] 1 [1757,9]
[1757,9] 0 [1758,10]
[1758,10] 1 [1759,12]
[1759,12] 1 [1760,14]
[1760,14] 2 [1761,10]
[1761,10] 2 [1762,6]
[1762,6] 1 [1763,8]
[1763,8] 1 [1764,10]
[1764,10] 2 [1765,6]
[1765,6] 1 [1766,8]
[1766,8] 1 [1767,10]
[1767,10] 1 [1768,12]
[1768,12] 2 [1769,8]
[1769,8] 1 [1770,8]
[1770,8] 1 [1771,12]
[1771,12] 1 [1772,15]
[1772,15] 2 [1773,11]
[1773,11] 2 [1774,7]
[1774,7] 1 [1775,7]
[1775,7] 1 [1776,9]
[1776,9] 1 [1777,13]
[1777,13] 1 [1778,17]
[1778,17] 1 [1779,20]
[1779,20] 1 [1780,23]
[1780,23] 1 [1781,25]
[1781,25] 1 [1782,29]
[1782,29] 1 [1783,33]
[1783,33] 1 [1784,35]
[1784,35] 1 [1785,38]
[1785,38] 1 [1786,41]
[1786,41] 1 [1787,44]
[1787,44] 1 [1788,46]
[1788,46] 1 [1789,49]
[1789,49] 1 [1790,52]
[1790,52] 1 [1791,55]
[1791,55] 1 [1792,57]
[1792,57] 1 [1793,61]
[1793,61] 1 [1794,63]
[1794,63] 1 [1795,66]
[1795,66] 1 [1796,68]
[1796,68] 1 [1797,71]
[1797,71] 1 [1798,74]
[1798,74] 1 [1799,76]
[1799,76] 1 [1800,79]
[1800,79] 1 [1801,81]
[1801,81] 1 [1802,84]
[1802,84] 1 [1803,88]
[1803,88] 1 [1804,91]
[1804,91] 1 [1805,95]
[1805,95] 1 [1806,97]
[1806,97] 1 [1807,100]
[1807,100] 1 [1808,104]
[1808,104] 1 [1809,107]
[1809,107] 1 [1810,109]
[1810,109] 1 [1811,112]
[1811,112] 1 [1812,116]
[1812,116] 1 [1813,119]
[1813,119] 1 [1814,122]
[1814,122] 1 [1815,124]
[1815,124] 1 [1816,128]
[1816,128] 1 [1817,132]
[1817,132] 1 [1818,136]
[1818,136] 1 [1819,140]
[1819,140] 1 [1820,144]
[1820,144] 1 [1821,148]
[1821,148] 1 [1822,152]
[1822,152] 1 [1823,154]
[1823,154] 1 [1824,156]
[1824,156] 1 [1825,160]
[1825,160] 1 [1826,163]
[1826,163] 1 [1827,166]
[1827,166] 1 [1828,170]
[1828,170] 1 [1829,172]
[1829,172] 1 [1830,175]
[1830,175] 1 [1831,6]
[1831,6] 1 [1832,6]
[1832,6] 1 [1833,6]
[1833,6] 1 [1834,6]
[1834,6] 1 [1835,6]
[1835,6] 1 [1836,6]
[1836,6] 1 [1837,6]
[1837,6] 1 [1838,6]
[1838,6] 1 [1839,6]
[1839,6] 1 [1840,9]
[1840,9] 1 [1841,13]
[1841,13] 1 [1842,15]
[1842,15] 1 [1843,19]
[1843,19] 1 [1844,23]
[1844,23] 1 [1845,27]
[1845,27] 1 [1846,29]
[1846,29] 0 [1847,30]
[1847,30] 0 [1848,30]
[1848,30] 1 [1849,33]
[1849,33] 1 [1850,35]
[1850,35] 1 [1851,38]
[1851,38] 1 [1852,41]
[1852,41] 1 [1853,44]
[1853,44] 1 [1854,46]
[1854,46] 1 [1855,48]
[1855,48] 1 [1856,51]
[1856,51] 1 [1857,55]
[1857,55] 1 [1858,58]
[1858,58] 1 [1859,62]
[1859,62] 1 [1860,66]
[1860,66] 1 [1861,69]
[1861,69] 1 [1862,72]
[1862,72] 1 [1863,76]
[1863,76] 1 [1864,78]
[1864,78] 1 [1865,80]
[1865,80] 1 [1866,84]
[1866,84] 1 [1867,86]
[1867,86] 1 [1868,88]
[1868,88] 1 [1869,92]
[1869,92] 1 [1870,95]
[1870,95] 1 [1871,97]
[1871,97] 1 [1872,101]
[1872,101] 1 [1873,104]
[1873,104] 1 [1874,108]
[1874,108] 1 [1875,110]
[1875,110] 1 [1876,114]
[1876,114] 1 [1877,117]
[1877,117] 1 [1878,119]
[1878,119] 1 [1879,122]
[1879,122] 1 [1880,125]
[1880,125] 1 [1881,127]
[1881,127] 1 [1882,130]
[1882,130] 1 [1883,134]
[1883,134] 1 [1884,137]
[1884,137] 1 [1885,141]
[1885,141] 1 [1886,143]
[1886,143] 1 [1887,147]
[1887,147] 1 [1888,151]
[1888,151] 1 [1889,154]
[1889,154] 1 [1890,157]
[1890,157] 1 [1891,159]
[1891,159] 1 [1892,163]
[1892,163] 1 [1893,166]
[1893,166] 1 [1894,168]
[1894,168] 1 [1895,170]
[1895,170] 1 [1896,172]
[1896,172] 1 [1897,174]
[1897,174] 1 [1898,176]
[1898,176] 1 [1899,6]
[1899,6] 1 [1900,6]
[1900,6] 1 [1901,6]
[1901,6] 1 [1902,6]
[1902,6] 1 [1903,6]
[1903,6] 1 [1904,6]
[1904,6] 1 [1905,6]
[1905,6] 1 [1906,6]
[1906,6] 1 [1907,6]
[1907,6] 1 [1908,6]
[1908,6] 1 [1909,6]
[1909,6] 1 [1910,8]
[1910,8] 1 [1911,12]
[1911,12] 2 [1912,8]
[1912,8] 1 [1913,12]
[1913,12] 2 [1914,8]
[1914,8] 1 [1915,10]
[1915,10] 2 [1916,6]
[1916,6] 1 [1917,8]
[1917,8] 1 [1918,12]
[1918,12] 1 [1919,14]
[1919,14] 1 [1920,17]
[1920,17] 1 [1921,20]
[1921,20] 1 [1922,23]
[1922,23] 1 [1923,26]
[1923,26] 1 [1924,29]
[1924,29] 1 [1925,31]
[1925,31] 1 [1926,33]
[1926,33] 1 [1927,36]
[1927,36] 1 [1928,39]
[1928,39] 1 [1929,41]
[1929,41] 1 [1930,45]
[1930,45] 1 [1931,47]
[1931,47] 1 [1932,49]
[1932,49] 1 [1933,52]
[1933,52] 1 [1934,55]
[1934,55] 1 [1935,59]
[1935,59] 1 [1936,61]
[1936,61] 1 [1937,65]
[1937,65] 1 [1938,68]
[1938,68] 1 [1939,72]
[1939,72] 1 [1940,75]
[1940,75] 1 [1941,79]
[1941,79] 1 [1942,81]
[1942,81] 1 [1943,84]
[1943,84] 1 [1944,86]
[1944,86] 1 [1945,90]
[1945,90] 1 [1946,94]
[1946,94] 1 [1947,97]
[1947,97] 1 [1948,99]
[1948,99] 1 [1949,102]
[1949,102] 1 [1950,105]
[1950,105] 1 [1951,108]
[1951,108] 1 [1952,111]
[1952,111] 1 [1953,113]
[1953,113] 1 [1954,116]
[1954,116] 1 [1955,120]
[1955,120] 1 [1956,122]
[1956,122] 1 [1957,126]
[1957,126] 1 [1958,128]
[1958,128] 1 [1959,131]
[1959,131] 1 [1960,134]
[1960,134] 1 [1961,138]
[1961,138] 1 [1962,142]
[1962,142] 1 [1963,145]
[1963,145] 1 [1964,147]
[1964,147] 1 [1965,149]
[1965,149] 1 [1966,153]
[1966,153] 1 [1967,156]
[1967,156] 1 [1968,160]
[1968,160] 1 [1969,163]
[1969,163] 1 [1970,166]
[1970,166] 1 [1971,168]
[1971,168] 1 [1972,172]
[1972,172] 1 [1973,174]
[1973,174] 1 [1974,177]
[1974,177] 1 [1975,6]
[1975,6] 1 [1976,6]
[1976,6] 1 [1977,6]
[1977,6] 1 [1978,6]
[1978,6] 1 [1979,6]
[1979,6] 1 [1980,6]
[1980,6] 1 [1981,6]
[1981,6] 1 [1982,6]
[1982,6] 1 [1983,6]
[1983,6] 1 [1984,6]
[1984,6] 1 [1985,8]
[1985,8] 2 [1986,6]
[1986,6] 1 [1987,8]
[1987,8] 1 [1988,10]
[1988,10] 1 [1989,13]
[1989,13] 1 [1990,17]
[1990,17] 1 [1991,19]
[1991,19] 1 [1992,22]
[1992,22] 1 [1993,24]
[1993,24] 1 [1994,28]
[1994,28] 1 [1995,32]
[1995,32] 1 [1996,34]
[1996,34] 1 [1997,37]
[1997,37] 1 [1998,39]
[1998,39] 1 [1999,42]
[1999,42] 1 [2000,45]
[2000,45] 1 [2001,47]
[2001,47] 1 [2002,51]
[2002,51] 1 [2003,54]
[2003,54] 1 [2004,56]
[2004,56] 1 [2005,59]
[2005,59] 1 [2006,62]
[2006,62] 1 [2007,64]
[2007,64] 1 [2008,66]
[2008,66] 1 [2009,70]
[2009,70] 1 [2010,73]
[2010,73] 1 [2011,77]
[2011,77] 1 [2012,79]
[2012,79] 1 [2013,83]
[2013,83] 1 [2014,86]
[2014,86] 1 [2015,89]
[2015,89] 1 [2016,92]
[2016,92] 1 [2017,94]
[2017,94] 1 [2018,97]
[2018,97] 1 [2019,100]
[2019,100] 1 [2020,104]
[2020,104] 1 [2021,108]
[2021,108] 1 [2022,110]
[2022,110] 1 [2023,114]
[2023,114] 1 [2024,116]
[2024,116] 1 [2025,120]
[2025,120] 1 [2026,123]
[2026,123] 1 [2027,127]
[2027,127] 1 [2028,130]
[2028,130] 1 [2029,133]
[2029,133] 1 [2030,137]
[2030,137] 1 [2031,140]
[2031,140] 1 [2032,142]
[2032,142] 1 [2033,146]
[2033,146] 1 [2034,150]
[2034,150] 1 [2035,152]
[2035,152] 1 [2036,156]
[2036,156] 1 [2037,159]
[2037,159] 1 [2038,163]
[2038,163] 1 [2039,165]
[2039,165] 1 [2040,169]
[2040,169] 1 [2041,171]
[2041,171] 1 [2042,173]
[2042,173] 1 [2043,176]
[2043,176] 1 [2044,6]
[2044,6] 1 [2045,6]
[2045,6] 1 [2046,6]
[2046,6] 1 [2047,6]
[2047,6] 1 [2048,6]
[2048,6] 1 [2049,6]
[2049,6] 1 [2050,6]
[2050,6] 1 [2051,6]
[2051,6] 1 [2052,6]
[2052,6] 1 [2053,6]
[2053,6] 1 [2054,8]
[2054,8] 1 [2055,11]
[2055,11] 1 [2056,14]
[2056,14] 1 [2057,17]
[2057,17] 1 [2058,20]
[2058,20] 1 [2059,23]
[2059,23] 1 [2060,26]
[2060,26] 1 [2061,28]
[2061,28] 1 [2062,30]
[2062,30] 1 [2063,33]
[2063,33] 1 [2064,37]
[2064,37] 1 [2065,39]
[2065,39] 1 [2066,43]
[2066,43] 1 [2067,46]
[2067,46] 1 [2068,49]
[2068,49] 1 [2069,52]
[2069,52] 1 [2070,55]
[2070,55] 1 [2071,59]
[2071,59] 1 [2072,62]
[2072,62] 1 [2073,66]
[2073,66] 1 [2074,70]
[2074,70] 1 [2075,74]
[2075,74] 1 [2076,76]
[2076,76] 1 [2077,80]
[2077,80] 1 [2078,83]
[2078,83] 1 [2079,87]
[2079,87] 1 [2080,90]
[2080,90] 1 [2081,94]
[2081,94] 1 [2082,96]
[2082,96] 1 [2083,99]
[2083,99] 1 [2084,102]
[2084,102] 1 [2085,106]
[2085,106] 1 [2086,108]
[2086,108] 1 [2087,110]
[2087,110] 1 [2088,112]
[2088,112] 1 [2089,115]
[2089,115] 1 [2090,119]
[2090,119] 1 [2091,123]
[2091,123] 1 [2092,127]
[2092,127] 1 [2093,131]
[2093,131] 1 [2094,134]
[2094,134] 1 [2095,136]
[2095,136] 1 [2096,140]
[2096,140] 1 [2097,143]
[2097,143] 1 [2098,147]
[2098,147] 1 [2099,151]
[2099,151] 1 [2100,155]
[2100,155] 1 [2101,157]
[2101,157] 1 [2102,161]
[2102,161] 1 [2103,163]
[2103,163] 1 [2104,166]
[2104,166] 1 [2105,170]
[2105,170] 1 [2106,174]
[2106,174] 1 [2107,176]
[2107,176] 1 [2108,6]
[2108,6] 1 [2109,6]
[2109,6] 1 [2110,6]
[2110,6] 1 [2111,6]
[2111,6] 1 [2112,6]
[2112,6] 1 [2113,6]
[2113,6] 1 [2114,6]
[2114,6] 1 [2115,6]
[2115,6] 1 [2116,6]
[2116,6] 1 [2117,6]
[2117,6] 0 [2118,6]
[2118,6] 1 [2119,10]
[2119,10] 1 [2120,13]
[2120,13] 0 [2121,14]
[2121,14] 2 [2122,10]
[2122,10] 1 [2123,12]
[2123,12] 1 [2124,14]
[2124,14] 1 [2125,17]
[2125,17] 2 [2126,13]
[2126,13] 1 [2127,15]
[2127,15] 1 [2128,18]
[2128,18] 1 [2129,20]
[2129,20] 1 [2130,23]
[2130,23] 2 [2131,19]
[2131,19] 1 [2132,22]
[2132,22] 1 [2133,24]
[2133,24] 1 [2134,26]
[2134,26] 1 [2135,29]
[2135,29] 1 [2136,32]
[2136,32] 1 [2137,35]
[2137,35] 1 [2138,37]
[2138,37] 1 [2139,40]
[2139,40] 1 [2140,44]
[2140,44] 1 [2141,47]
[2141,47] 1 [2142,49]
[2142,49] 1 [2143,53]
[2143,53] 1 [2144,56]
[2144,56] 1 [2145,60]
[2145,60] 1 [2146,63]
[2146,63] 1 [2147,66]
[2147,66] 1 [2148,68]
[2148,68] 1 [2149,71]
[2149,71] 1 [2150,73]
[2150,73] 1 [2151,76]
[2151,76] 1 [2152,78]
[2152,78] 1 [2153,80]
[2153,80] 1 [2154,83]
[2154,83] 1 [2155,87]
[2155,87] 1 [2156,90]
[2156,90] 1 [2157,94]
[2157,94] 1 [2158,98]
[2158,98] 1 [2159,100]
[2159,100] 1 [2160,104]
[2160,104] 1 [2161,107]
[2161,107] 1 [2162,111]
[2162,111] 1 [2163,115]
[2163,115] 1 [2164,119]
[2164,119] 1 [2165,122]
[2165,122] 1 [2166,126]
[2166,126] 1 [2167,130]
[2167,130] 1 [2168,132]
[2168,132] 1 [2169,134]
[2169,134] 1 [2170,136]
[2170,136] 1 [2171,139]
[2171,139] 1 [2172,143]
[2172,143] 1 [2173,145]
[2173,145] 1 [2174,147]
[2174,147] 1 [2175,149]
[2175,149] 1 [2176,152]
[2176,152] 1 [2177,155]
[2177,155] 1 [2178,157]
[2178,157] 1 [2179,160]
[2179,160] 1 [2180,164]
[2180,164] 1 [2181,167]
[2181,167] 1 [2182,171]
[2182,171] 1 [2183,173]
[2183,173] 1 [2184,177]
[2184,177] 1 [2185,6]
[2185,6] 1 [2186,6]
[2186,6] 1 [2187,6]
[2187,6] 1 [2188,6]
[2188,6] 1 [2189,6]
[2189,6] 1 [2190,6]
[2190,6] 1 [2191,6]
[2191,6] 1 [2192,6]
[2192,6] 1 [2193,6]
[2193,6] 1 [2194,7]
[2194,7] 1 [2195,9]
[2195,9] 2 [2196,9]
[2196,9] 0 [2197,9]
[2197,9] 1 [2198,12]
[2198,12] 2 [2199,9]
[2199,9] 2 [2200,6]
[2200,6] 1 [2201,8]
[2201,8] 1 [2202,10]
[2202,10] 1 [2203,12]
[2203,12] 1 [2204,15]
[2204,15] 2 [2205,11]
[2205,11] 1 [2206,13]
[2206,13] 2 [2207,11]
[2207,11] 2 [2208,7]
[2208,7] 1 [2209,9]
[2209,9] 2 [2210,7]
[2210,7] 1 [2211,7]
[2211,7] 1 [2212,10]
[2212,10] 2 [2213,6]
[2213,6] 1 [2214,7]
[2214,7] 1 [2215,10]
[2215,10] 2 [2216,10]
[2216,10] 2 [2217,7]
[2217,7] 1 [2218,10]
[2218,10] 2 [2219,6]
[2219,6] 1 [2220,9]
[2220,9] 1 [2221,12]
[2221,12] 1 [2222,15]
[2222,15] 2 [2223,11]
[2223,11] 1 [2224,11]
[2224,11] 1 [2225,15]
[2225,15] 1 [2226,19]
[2226,19] 1 [2227,21]
[2227,21] 1 [2228,25]
[2228,25] 1 [2229,28]
[2229,28] 1 [2230,31]
[2230,31] 1 [2231,34]
[2231,34] 1 [2232,36]
[2232,36] 1 [2233,40]
[2233,40] 1 [2234,42]
[2234,42] 1 [2235,45]
[2235,45] 1 [2236,49]
[2236,49] 1 [2237,52]
[2237,52] 1 [2238,54]
[2238,54] 1 [2239,56]
[2239,56] 1 [2240,60]
[2240,60] 1 [2241,63]
[2241,63] 1 [2242,67]
[2242,67] 1 [2243,70]
[2243,70] 1 [2244,73]
[2244,73] 1 [2245,77]
[2245,77] 1 [2246,80]
[2246,80] 1 [2247,83]
[2247,83] 1 [2248,85]
[2248,85] 1 [2249,87]
[2249,87] 1 [2250,89]
[2250,89] 1 [2251,93]
[2251,93] 1 [2252,95]
[2252,95] 1 [2253,99]
[2253,99] 1 [2254,101]
[2254,101] 1 [2255,104]
[2255,104] 1 [2256,108]
[2256,108] 1 [2257,111]
[2257,111] 1 [2258,113]
[2258,113] 1 [2259,117]
[2259,117] 1 [2260,121]
[2260,121] 1 [2261,125]
[2261,125] 1 [2262,127]
[2262,127] 1 [2263,129]
[2263,129] 1 [2264,132]
[2264,132] 1 [2265,135]
[2265,135] 1 [2266,138]
[2266,138] 1 [2267,141]
[2267,141] 1 [2268,143]
[2268,143] 1 [2269,146]
[2269,146] 1 [2270,148]
[2270,148] 1 [2271,152]
[2271,152] 1 [2272,156]
[2272,156] 1 [2273,160]
[2273,160] 1 [2274,163]
[2274,163] 1 [2275,167]
[2275,167] 1 [2276,170]
[2276,170] 1 [2277,172]
[2277,172] 1 [2278,176]
[2278,176] 1 [2279,6]
[2279,6] 1 [2280,6]
[2280,6] 1 [2281,6]
[2281,6] 1 [2282,6]
[2282,6] 1 [2283,6]
[2283,6] 1 [2284,6]
[2284,6] 1 [2285,6]
[2285,6] 1 [2286,6]
[2286,6] 1 [2287,6]
[2287,6] 1 [2288,7]
[2288,7] 1 [2289,9]
[2289,9] 1 [2290,11]
[2290,11] 1 [2291,14]
[2291,14] 1 [2292,18]
[2292,18] 1 [2293,22]
[2293,22] 1 [2294,26]
[2294,26] 1 [2295,28]
[2295,28] 1 [2296,31]
[2296,31] 1 [2297,33]
[2297,33] 1 [2298,35]
[2298,35] 1 [2299,37]
[2299,37] 1 [2300,39]
[2300,39] 1 [2301,41]
[2301,41] 1 [2302,44]
[2302,44] 1 [2303,48]
[2303,48] 1 [2304,51]
[2304,51] 1 [2305,53]
[2305,53] 1 [2306,56]
[2306,56] 1 [2307,60]
[2307,60] 1 [2308,64]
[2308,64] 1 [2309,68]
[2309,68] 1 [2310,70]
[2310,70] 1 [2311,72]
[2311,72] 1 [2312,74]
[2312,74] 1 [2313,77]
[2313,77] 1 [2314,80]
[2314,80] 1 [2315,84]
[2315,84] 1 [2316,88]
[2316,88] 1 [2317,92]
[2317,92] 1 [2318,95]
[2318,95] 1 [2319,97]
[2319,97] 1 [2320,100]
[2320,100] 1 [2321,103]
[2321,103] 1 [2322,105]
[2322,105] 1 [2323,107]
[2323,107] 1 [2324,109]
[2324,109] 1 [2325,111]
[2325,111] 1 [2326,114]
[2326,114] 1 [2327,118]
[2327,118] 1 [2328,122]
[2328,122] 1 [2329,126]
[2329,126] 1 [2330,128]
[2330,128] 1 [2331,131]
[2331,131] 1 [2332,135]
[2332,135] 1 [2333,138]
[2333,138] 1 [2334,140]
[2334,140] 1 [2335,142]
[2335,142] 1 [2336,146]
[2336,146] 1 [2337,148]
[2337,148] 1 [2338,150]
[2338,150] 1 [2339,154]
[2339,154] 1 [2340,157]
[2340,157] 1 [2341,161]
[2341,161] 1 [2342,163]
[2342,163] 1 [2343,167]
[2343,167] 1 [2344,170]
[2344,170] 1 [2345,172]
[2345,172] 1 [2346,175]
[2346,175] 1 [2347,6]
[2347,6] 1 [2348,6]
[2348,6] 1 [2349,6]
[2349,6] 1 [2350,6]
[2350,6] 1 [2351,6]
[2351,6] 1 [2352,6]
[2352,6] 1 [2353,6]
[2353,6] 1 [2354,6]
[2354,6] 1 [2355,6]
[2355,6] 1 [2356,6]
[2356,6] 1 [2357,9]
[2357,9] 1 [2358,12]
[2358,12] 2 [2359,10]
[2359,10] 1 [2360,13]
[2360,13] 1 [2361,16]
[2361,16] 1 [2362,20]
[2362,20] 1 [2363,22]
[2363,22] 1 [2364,26]
[2364,26] 1 [2365,29]
[2365,29] 1 [2366,31]
[2366,31] 1 [2367,35]
[2367,35] 2 [2368,33]
[2368,33] 1 [2369,37]
[2369,37] 2 [2370,33]
[2370,33] 1 [2371,31]
[2371,31] 2 [2372,29]
[2372,29] 1 [2373,31]
[2373,31] 1 [2374,34]
[2374,34] 1 [2375,36]
[2375,36] 1 [2376,38]
[2376,38] 1 [2377,42]
[2377,42] 1 [2378,46]
[2378,46] 1 [2379,48]
[2379,48] 1 [2380,50]
[2380,50] 1 [2381,52]
[2381,52] 1 [2382,55]
[2382,55] 1 [2383,58]
[2383,58] 1 [2384,62]
[2384,62] 1 [2385,64]
[2385,64] 1 [2386,68]
[2386,68] 1 [2387,70]
[2387,70] 1 [2388,73]
[2388,73] 1 [2389,75]
[2389,75] 1 [2390,79]
[2390,79] 1 [2391,83]
[2391,83] 1 [2392,85]
[2392,85] 1 [2393,88]
[2393,88] 1 [2394,90]
[2394,90] 1 [2395,92]
[2395,92] 1 [2396,95]
[2396,95] 1 [2397,98]
[2397,98] 1 [2398,101]
[2398,101] 1 [2399,105]
[2399,105] 1 [2400,109]
[2400,109] 1 [2401,112]
[2401,112] 1 [2402,114]
[2402,114] 1 [2403,118]
[2403,118] 1 [2404,121]
[2404,121] 1 [2405,124]
[2405,124] 1 [2406,126]
[2406,126] 1 [2407,129]
[2407,129] 1 [2408,131]
[2408,131] 1 [2409,135]
[2409,135] 1 [2410,139]
[2410,139] 1 [2411,141]
[2411,141] 1 [2412,145]
[2412,145] 1 [2413,147]
[2413,147] 1 [2414,150]
[2414,150] 1 [2415,152]
[2415,152] 1 [2416,154]
[2416,154] 1 [2417,156]
[2417,156] 1 [2418,159]
[2418,159] 1 [2419,162]
[2419,162] 1 [2420,165]
[2420,165] 1 [2421,167]
[2421,167] 1 [2422,170]
[2422,170] 1 [2423,173]
[2423,173] 1 [2424,176]
[2424,176] 1 [2425,6]
[2425,6] 1 [2426,6]
[2426,6] 1 [2427,6]
[2427,6] 1 [2428,6]
[2428,6] 1 [2429,6]
[2429,6] 1 [2430,6]
[2430,6] 1 [2431,6]
[2431,6] 1 [2432,6]
[2432,6] 1 [2433,6]
[2433,6] 1 [2434,6]
[2434,6] 1 [2435,6]
[2435,6] 1 [2436,9]
[2436,9] 1 [2437,12]
[2437,12] 1 [2438,14]
[2438,14] 1 [2439,16]
[2439,16] 2 [2440,14]
[2440,14] 0 [2441,13]
[2441,13] 2 [2442,9]
[2442,9] 1 [2443,11]
[2443,11] 1 [2444,15]
[2444,15] 2 [2445,11]
[2445,11] 1 [2446,14]
[2446,14] 1 [2447,16]
[2447,16] 2 [2448,12]
[2448,12] 2 [2449,9]
[2449,9] 1 [2450,11]
[2450,11] 2 [2451,7]
[2451,7] 1 [2452,10]
[2452,10] 1 [2453,14]
[2453,14] 1 [2454,17]
[2454,17] 2 [2455,13]
[2455,13] 1 [2456,11]
[2456,11] 2 [2457,7]
[2457,7] 1 [2458,10]
[2458,10] 2 [2459,6]
[2459,6] 1 [2460,8]
[2460,8] 1 [2461,12]
[2461,12] 1 [2462,15]
[2462,15] 1 [2463,18]
[2463,18] 1 [2464,21]
[2464,21] 1 [2465,24]
[2465,24] 1 [2466,28]
[2466,28] 1 [2467,31]
[2467,31] 1 [2468,35]
[2468,35] 1 [2469,39]
[2469,39] 1 [2470,42]
[2470,42] 1 [2471,46]
[2471,46] 1 [2472,50]
[2472,50] 1 [2473,53]
[2473,53] 1 [2474,57]
[2474,57] 1 [2475,59]
[2475,59] 1 [2476,63]
[2476,63] 1 [2477,67]
[2477,67] 1 [2478,71]
[2478,71] 1 [2479,74]
[2479,74] 1 [2480,76]
[2480,76] 1 [2481,78]
[2481,78] 1 [2482,81]
[2482,81] 1 [2483,84]
[2483,84] 1 [2484,86]
[2484,86] 1 [2485,89]
[2485,89] 1 [2486,91]
[2486,91] 1 [2487,93]
[2487,93] 1 [2488,96]
[2488,96] 1 [2489,98]
[2489,98] 1 [2490,102]
[2490,102] 1 [2491,106]
[2491,106] 1 [2492,110]
[2492,110] 1 [2493,113]
[2493,113] 1 [2494,116]
[2494,116] 2 [2495,116]
[2495,116] 2 [2496,112]
[2496,112] 2 [2497,108]
[2497,108] 1 [2498,110]
[2498,110] 1 [2499,112]
[2499,112] 1 [2500,114]
[2500,114] 1 [2501,117]
[2501,117] 1 [2502,120]
[2502,120] 1 [2503,122]
[2503,122] 1 [2504,124]
[2504,124] 1 [2505,128]
[2505,128] 1 [2506,130]
[2506,130] 1 [2507,132]
[2507,132] 1 [2508,135]
[2508,135] 1 [2509,137]
[2509,137] 1 [2510,141]
[2510,141] 1 [2511,143]
[2511,143] 1 [2512,145]
[2512,145] 1 [2513,148]
[2513,148] 1 [2514,150]
[2514,150] 1 [2515,152]
[2515,152] 1 [2516,154]
[2516,154] 1 [2517,157]
[2517,157] 1 [2518,161]
[2518,161] 1 [2519,163]
[2519,163] 1 [2520,167]
[2520,167] 1 [2521,170]
[2521,170] 1 [2522,172]
[2522,172] 1 [2523,176]
[2523,176] 1 [2524,6]
[2524,6] 1 [2525,6]
[2525,6] 1 [2526,6]
[2526,6] 1 [2527,6]
[2527,6] 1 [2528,6]
[2528,6] 1 [2529,6]
[2529,6] 1 [2530,6]
[2530,6] 1 [2531,6]
[2531,6] 1 [2532,6]
[2532,6] 1 [2533,6]
[2533,6] 1 [2534,6]
[2534,6] 1 [2535,6]
[2535,6] 0 [2536,7]
[2536,7] 0 [2537,7]
[2537,7] 1 [2538,11]
[2538,11] 1 [2539,15]
[2539,15] 2 [2540,11]
[2540,11] 1 [2541,14]
[2541,14] 2 [2542,10]
[2542,10] 1 [2543,12]
[2543,12] 1 [2544,15]
[2544,15] 2 [2545,11]
[2545,11] 1 [2546,9]
[2546,9] 1 [2547,9]
[2547,9] 1 [2548,12]
[2548,12] 1 [2549,15]
[2549,15] 2 [2550,12]
[2550,12] 2 [2551,8]
[2551,8] 1 [2552,10]
[2552,10] 1 [2553,13]
[2553,13] 1 [2554,16]
[2554,16] 1 [2555,20]
[2555,20] 1 [2556,22]
[2556,22] 1 [2557,26]
[2557,26] 1 [2558,28]
[2558,28] 1 [2559,30]
[2559,30] 1 [2560,33]
[2560,33] 1 [2561,35]
[2561,35] 1 [2562,38]
[2562,38] 1 [2563,42]
[2563,42] 1 [2564,46]
[2564,46] 1 [2565,50]
[2565,50] 1 [2566,53]
[2566,53] 1 [2567,56]
[2567,56] 1 [2568,59]
[2568,59] 1 [2569,62]
[2569,62] 1 [2570,64]
[2570,64] 1 [2571,66]
[2571,66] 1 [2572,69]
[2572,69] 1 [2573,71]
[2573,71] 1 [2574,75]
[2574,75] 1 [2575,79]
[2575,79] 1 [2576,82]
[2576,82] 1 [2577,86]
[2577,86] 1 [2578,88]
[2578,88] 1 [2579,91]
[2579,91] 1 [2580,93]
[2580,93] 1 [2581,96]
[2581,96] 1 [2582,99]
[2582,99] 1 [2583,101]
[2583,101] 1 [2584,103]
[2584,103] 1 [2585,105]
[2585,105] 1 [2586,107]
[2586,107] 1 [2587,111]
[2587,111] 1 [2588,115]
[2588,115] 2 [2589,111]
[2589,111] 1 [2590,109]
[2590,109] 1 [2591,111]
[2591,111] 1 [2592,114]
[2592,114] 1 [2593,118]
[2593,118] 1 [2594,122]
[2594,122] 1 [2595,125]
[2595,125] 1 [2596,129]
[2596,129] 1 [2597,133]
[2597,133] 1 [2598,135]
[2598,135] 1 [2599,137]
[2599,137] 1 [2600,140]
[2600,140] 1 [2601,142]
[2601,142] 1 [2602,145]
[2602,145] 1 [2603,147]
[2603,147] 1 [2604,150]
[2604,150] 1 [2605,153]
[2605,153] 1 [2606,155]
[2606,155] 1 [2607,159]
[2607,159] 1 [2608,162]
[2608,162] 1 [2609,164]
[2609,164] 1 [2610,166]
[2610,166] 1 [2611,170]
[2611,170] 1 [2612,174]
[2612,174] 1 [2613,177]
[2613,177] 1 [2614,6]
[2614,6] 1 [2615,6]
[2615,6] 1 [2616,6]
[2616,6] 1 [2617,6]
[2617,6] 1 [2618,6]
[2618,6] 1 [2619,6]
[2619,6] 1 [2620,6]
[2620,6] 1 [2621,6]
[2621,6] 1 [2622,6]
[2622,6] 1 [2623,8]
[2623,8] 0 [2624,8]
[2624,8] 1 [2625,11]
[2625,11] 1 [2626,13]
[2626,13] 1 [2627,16]
[2627,16] 2 [2628,12]
[2628,12] 1 [2629,14]
[2629,14] 2 [2630,10]
[2630,10] 1 [2631,11]
[2631,11] 1 [2632,14]
[2632,14] 1 [2633,16]
[2633,16] 1 [2634,18]
[2634,18] 1 [2635,21]
[2635,21] 1 [2636,25]
[2636,25] 1 [2637,29]
[2637,29] 1 [2638,31]
[2638,31] 1 [2639,34]
[2639,34] 1 [2640,38]
[2640,38] 1 [2641,41]
[2641,41] 1 [2642,44]
[2642,44] 1 [2643,46]
[2643,46] 1 [2644,48]
[2644,48] 1 [2645,52]
[2645,52] 1 [2646,56]
[2646,56] 1 [2647,60]
[2647,60] 1 [2648,62]
[2648,62] 1 [2649,64]
[2649,64] 1 [2650,68]
[2650,68] 1 [2651,71]
[2651,71] 1 [2652,74]
[2652,74] 1 [2653,76]
[2653,76] 1 [2654,78]
[2654,78] 1 [2655,80]
[2655,80] 1 [2656,83]
[2656,83] 1 [2657,87]
[2657,87] 1 [2658,90]
[2658,90] 1 [2659,93]
[2659,93] 1 [2660,97]
[2660,97] 1 [2661,100]
[2661,100] 1 [2662,103]
[2662,103] 1 [2663,106]
[2663,106] 1 [2664,108]
[2664,108] 1 [2665,110]
[2665,110] 1 [2666,113]
[2666,113] 1 [2667,116]
[2667,116] 1 [2668,120]
[2668,120] 1 [2669,122]
[2669,122] 1 [2670,124]
[2670,124] 1 [2671,128]
[2671,128] 1 [2672,131]
[2672,131] 1 [2673,135]
[2673,135] 1 [2674,138]
[2674,138] 1 [2675,141]
[2675,141] 1 [2676,145]
[2676,145] 1 [2677,148]
[2677,148] 1 [2678,152]
[2678,152] 1 [2679,156]
[2679,156] 1 [2680,160]
[2680,160] 1 [2681,164]
[2681,164] 1 [2682,168]
[2682,168] 1 [2683,172]
[2683,172] 1 [2684,175]
[2613,177] 1 [2614,6]
[2614,6] 1 [2615,6]
[2615,6] 1 [2616,6]
[2616,6] 1 [2617,6]
[2617,6] 1 [2618,6]
[2618,6] 1 [2619,6]
[2619,6] 1 [2620,6]
[2620,6] 1 [2621,6]
[2621,6] 1 [2622,6]
[2622,6] 1 [2623,8]
[2623,8] 0 [2624,8]
[2624,8] 1 [2625,11]
[2625,11] 1 [2626,13]
[2626,13] 1 [2627,16]
[2627,16] 2 [2628,12]
[2628,12] 1 [2629,14]
[2629,14] 2 [2630,10]
[2630,10] 1 [2631,11]
[2631,11] 1 [2632,14]
[2632,14] 1 [2633,16]
[2633,16] 1 [2634,18]
[2634,18] 1 [2635,21]
[2635,21] 1 [2636,25]
[2636,25] 1 [2637,29]
[2637,29] 1 [2638,31]
[2638,31] 1 [2639,34]
[2639,34] 1 [2640,38]
[2640,38] 1 [2641,41]
[2641,41] 1 [2642,44]
[2642,44] 1 [2643,46]
[2643,46] 1 [2644,48]
[2644,48] 1 [2645,52]
[2645,52] 1 [2646,56]
[2646,56] 1 [2647,60]
[2647,60] 1 [2648,62]
[2648,62] 1 [2649,64]
[2649,64] 1 [2650,68]
[2650,68] 1 [2651,71]
[2651,71] 1 [2652,74]
[2652,74] 1 [2653,76]
[2653,76] 1 [2654,78]
[2654,78] 1 [2655,80]
[2655,80] 1 [2656,83]
[2656,83] 1 [2657,87]
[2657,87] 1 [2658,90]
[2658,90] 1 [2659,93]
[2659,93] 1 [2660,97]
[2660,97] 1 [2661,100]
[2661,100] 1 [2662,103]
[2662,103] 1 [2663,106]
[2663,106] 1 [2664,108]
[2664,108] 1 [2665,110]
[2665,110] 1 [2666,113]
[2666,113] 1 [2667,116]
[2667,116] 1 [2668,120]
[2668,120] 1 [2669,122]
[2669,122] 1 [2670,124]
[2670,124] 1 [2671,128]
[2671,128] 1 [2672,131]
[2672,131] 1 [2673,135]
[2673,135] 1 [2674,138]
[2674,138] 1 [2675,141]
[2675,141] 1 [2676,145]
[2676,145] 1 [2677,148]
[2677,148] 1 [2678,152]
[2678,152] 1 [2679,156]
[2679,156] 1 [2680,160]
[2680,160] 1 [2681,164]
[2681,164] 1 [2682,168]
[2682,168] 1 [2683,172]
[2683,172] 1 [2684,175]
