[0,6] 1 [1,9]
[1,9] 1 [2,12]
[2,12] 1 [3,15]
[3,15] 1 [4,17]
[4,17] 1 [5,21]
[5,21] 1 [6,23]
[6,23] 1 [7,25]
[7,25] 1 [8,29]
[8,29] 1 [9,31]
[9,31] 1 [10,34]
[10,34] 1 [11,37]
[11,37] 1 [12,39]
[12,39] 1 [13,43]
[13,43] 1 [14,45]
[14,45] 1 [15,47]
[15,47] 1 [16,50]
[16,50] 1 [17,54]
[17,54] 1 [18,57]
[18,57] 1 [19,61]
[19,61] 1 [20,65]
[20,65] 1 [21,67]
[21,67] 1 [22,70]
[22,70] 1 [23,72]
[23,72] 1 [24,76]
[24,76] 1 [25,78]
[25,78] 1 [26,82]
[26,82] 1 [27,84]
[27,84] 1 [28,86]
[28,86] 1 [29,90]
[29,90] 1 [30,94]
[30,94] 1 [31,97]
[31,97] 1 [32,101]
[32,101] 1 [33,104]
[33,104] 1 [34,107]
[34,107] 1 [35,111]
[35,111] 1 [36,113]
[36,113] 1 [37,115]
[37,115] 1 [38,119]
[38,119] 1 [39,123]
[39,123] 1 [40,126]
[40,126] 1 [41,128]
[41,128] 1 [42,132]
[42,132] 1 [43,134]
[43,134] 1 [44,137]
[44,137] 1 [45,139]
[45,139] 1 [46,142]
[46,142] 1 [47,146]
[47,146] 1 [48,150]
[48,150] 1 [49,154]
[49,154] 1 [50,157]
[50,157] 1 [51,159]
[51,159] 1 [52,163]
[52,163] 1 [53,167]
[53,167] 1 [54,169]
[54,169] 1 [55,172]
[55,172] 1 [56,174]
[56,174] 1 [57,177]
[57,177] 1 [58,6]
[58,6] 1 [59,6]
[59,6] 1 [60,6]
[60,6] 1 [61,6]
[61,6] 1 [62,6]
[62,6] 1 [63,6]
[63,6] 1 [64,6]
[64,6] 1 [65,6]
[65,6] 1 [66,6]
[66,6] 1 [67,10]
[67,10] 1 [68,13]
[68,13] 2 [69,10]
[69,10] 1 [70,12]
[70,12] 1 [71,15]
[71,15] 2 [72,12]
[72,12] 0 [73,11]
[73,11] 2 [74,7]
[74,7] 1 [75,7]
[75,7] 1 [76,10]
[76,10] 0 [77,10]
[77,10] 1 [78,12]
[78,12] 2 [79,8]
[79,8] 1 [80,11]
[80,11] 2 [81,8]
[81,8] 1 [82,11]
[82,11] 2 [83,8]
[83,8] 1 [84,10]
[84,10] 1 [85,12]
[85,12] 1 [86,14]
[86,14] 2 [87,10]
[87,10] 1 [88,14]
[88,14] 1 [89,17]
[89,17] 1 [90,20]
[90,20] 1 [91,23]
[91,23] 1 [92,26]
[92,26] 1 [93,28]
[93,28] 1 [94,31]
[94,31] 1 [95,35]
[95,35] 1 [96,39]
[96,39] 1 [97,42]
[97,42] 1 [98,46]
[98,46] 1 [99,48]
[99,48] 1 [100,50]
[100,50] 1 [101,53]
[101,53] 1 [102,57]
[102,57] 1 [103,59]
[103,59] 1 [104,63]
[104,63] 1 [105,66]
[105,66] 1 [106,70]
[106,70] 1 [107,74]
[107,74] 1 [108,76]
[108,76] 1 [109,78]
[109,78] 1 [110,81]
[110,81] 1 [111,83]
[111,83] 1 [112,85]
[112,85] 1 [113,88]
[113,88] 1 [114,91]
[114,91] 1 [115,93]
[115,93] 1 [116,97]
[116,97] 1 [117,99]
[117,99] 1 [118,102]
[118,102] 1 [119,105]
[119,105] 1 [120,109]
[120,109] 1 [121,112]
[121,112] 1 [122,115]
[122,115] 1 [123,118]
[123,118] 1 [124,121]
[124,121] 1 [125,125]
[125,125] 1 [126,128]
[126,128] 1 [127,130]
[127,130] 1 [128,133]
[128,133] 1 [129,135]
[129,135] 1 [130,137]
[130,137] 1 [131,140]
[131,140] 1 [132,142]
[132,142] 1 [133,146]
[133,146] 1 [134,149]
[134,149] 1 [135,153]
[135,153] 1 [136,157]
[136,157] 1 [137,159]
[137,159] 1 [138,162]
[138,162] 1 [139,166]
[139,166] 1 [140,168]
[140,168] 1 [141,171]
[141,171] 1 [142,174]
[142,174] 1 [143,177]
[143,177] 1 [144,6]
[144,6] 1 [145,6]
[145,6] 1 [146,6]
[146,6] 1 [147,6]
[147,6] 1 [148,6]
[148,6] 1 [149,6]
[149,6] 1 [150,6]
[150,6] 1 [151,6]
[151,6] 1 [152,6]
[152,6] 1 [153,6]
[153,6] 1 [154,7]
[154,7] 1 [155,9]
[155,9] 1 [156,13]
[156,13] 1 [157,17]
[157,17] 1 [158,19]
[158,19] 1 [159,21]
[159,21] 0 [160,21]
[160,21] 1 [161,24]
[161,24] 1 [162,28]
[162,28] 1 [163,32]
[163,32] 1 [164,36]
[164,36] 1 [165,38]
[165,38] 1 [166,41]
[166,41] 1 [167,43]
[167,43] 1 [168,47]
[168,47] 1 [169,49]
[169,49] 1 [170,53]
[170,53] 1 [171,57]
[171,57] 1 [172,61]
[172,61] 1 [173,65]
[173,65] 1 [174,69]
[174,69] 1 [175,73]
[175,73] 1 [176,75]
[176,75] 1 [177,78]
[177,78] 1 [178,81]
[178,81] 1 [179,85]
[179,85] 1 [180,87]
[180,87] 1 [181,91]
[181,91] 1 [182,95]
[182,95] 1 [183,98]
[183,98] 1 [184,102]
[184,102] 1 [185,106]
[185,106] 1 [186,108]
[186,108] 1 [187,112]
[187,112] 1 [188,115]
[188,115] 1 [189,117]
[189,117] 1 [190,119]
[190,119] 1 [191,123]
[191,123] 1 [192,126]
[192,126] 1 [193,130]
[193,130] 1 [194,133]
[194,133] 1 [195,136]
[195,136] 1 [196,138]
[196,138] 1 [197,141]
[197,141] 1 [198,143]
[198,143] 1 [199,146]
[199,146] 1 [200,150]
[200,150] 1 [201,154]
[201,154] 1 [202,157]
[202,157] 1 [203,161]
[203,161] 1 [204,164]
[204,164] 1 [205,167]
[205,167] 1 [206,169]
[206,169] 1 [207,172]
[207,172] 1 [208,174]
[208,174] 1 [209,177]
[209,177] 1 [210,6]
[210,6] 1 [211,6]
[211,6] 1 [212,6]
[212,6] 1 [213,6]
[213,6] 1 [214,6]
[214,6] 1 [215,6]
[215,6] 1 [216,6]
[216,6] 1 [217,6]
[217,6] 1 [218,6]
[218,6] 1 [219,6]
[219,6] 1 [220,8]
[220,8] 1 [221,11]
[221,11] 0 [222,12]
[222,12] 1 [223,14]
[223,14] 2 [224,10]
[224,10] 1 [225,6]
[225,6] 1 [226,8]
[226,8] 1 [227,11]
[227,11] 1 [228,15]
[228,15] 2 [229,12]
[229,12] 2 [230,8]
[230,8] 1 [231,10]
[231,10] 2 [232,6]
[232,6] 1 [233,8]
[233,8] 2 [234,6]
[234,6] 1 [235,8]
[235,8] 1 [236,10]
[236,10] 1 [237,12]
[237,12] 1 [238,14]
[238,14] 1 [239,17]
[239,17] 1 [240,21]
[240,21] 1 [241,25]
[241,25] 1 [242,29]
[242,29] 1 [243,32]
[243,32] 1 [244,36]
[244,36] 1 [245,38]
[245,38] 1 [246,41]
[246,41] 2 [247,37]
[247,37] 1 [248,39]
[248,39] 2 [249,35]
[249,35] 1 [250,37]
[250,37] 1 [251,39]
[251,39] 1 [252,43]
[252,43] 1 [253,46]
[253,46] 1 [254,50]
[254,50] 1 [255,53]
[255,53] 1 [256,56]
[256,56] 1 [257,58]
[257,58] 1 [258,61]
[258,61] 1 [259,64]
[259,64] 1 [260,66]
[260,66] 1 [261,70]
[261,70] 1 [262,74]
[262,74] 1 [263,77]
[263,77] 1 [264,81]
[264,81] 1 [265,85]
[265,85] 1 [266,88]
[266,88] 1 [267,90]
[267,90] 1 [268,94]
[268,94] 1 [269,98]
[269,98] 1 [270,101]
[270,101] 1 [271,103]
[271,103] 1 [272,107]
[272,107] 1 [273,109]
[273,109] 1 [274,112]
[274,112] 1 [275,114]
[275,114] 1 [276,116]
[276,116] 1 [277,119]
[277,119] 1 [278,121]
[278,121] 1 [279,125]
[279,125] 1 [280,129]
[280,129] 1 [281,132]
[281,132] 1 [282,136]
[282,136] 1 [283,138]
[283,138] 1 [284,140]
[284,140] 1 [285,143]
[285,143] 1 [286,145]
[286,145] 1 [287,149]
[287,149] 1 [288,152]
[288,152] 1 [289,154]
[289,154] 1 [290,157]
[290,157] 1 [291,160]
[291,160] 1 [292,163]
[292,163] 1 [293,166]
[293,166] 1 [294,169]
[294,169] 1 [295,172]
[295,172] 1 [296,174]
[296,174] 1 [297,177]
[297,177] 1 [298,6]
[298,6] 1 [299,6]
[299,6] 1 [300,6]
[300,6] 1 [301,6]
[301,6] 1 [302,6]
[302,6] 1 [303,6]
[303,6] 1 [304,6]
[304,6] 1 [305,6]
[305,6] 1 [306,6]
[306,6] 1 [307,6]
[307,6] 1 [308,6]
[308,6] 1 [309,9]
[309,9] 0 [310,9]
[310,9] 1 [311,11]
[311,11] 1 [312,15]
[312,15] 0 [313,16]
[313,16] 2 [314,13]
[314,13] 1 [315,15]
[315,15] 2 [316,11]
[316,11] 1 [317,13]
[317,13] 1 [318,15]
[318,15] 2 [319,12]
[319,12] 1 [320,15]
[320,15] 2 [321,13]
[321,13] 0 [322,12]
[322,12] 2 [323,8]
[323,8] 1 [324,10]
[324,10] 1 [325,12]
[325,12] 1 [326,16]
[326,16] 1 [327,18]
[327,18] 1 [328,21]
[328,21] 1 [329,24]
[329,24] 1 [330,26]
[330,26] 1 [331,30]
[331,30] 1 [332,32]
[332,32] 1 [333,34]
[333,34] 1 [334,37]
[334,37] 1 [335,39]
[335,39] 1 [336,43]
[336,43] 1 [337,46]
[337,46] 1 [338,48]
[338,48] 1 [339,51]
[339,51] 1 [340,55]
[340,55] 1 [341,58]
[341,58] 1 [342,60]
[342,60] 1 [343,63]
[343,63] 1 [344,66]
[344,66] 1 [345,69]
[345,69] 1 [346,71]
[346,71] 1 [347,73]
[347,73] 1 [348,76]
[348,76] 1 [349,79]
[349,79] 1 [350,82]
[350,82] 1 [351,85]
[351,85] 1 [352,89]
[352,89] 1 [353,92]
[353,92] 1 [354,95]
[354,95] 1 [355,97]
[355,97] 1 [356,101]
[356,101] 1 [357,105]
[357,105] 1 [358,109]
[358,109] 1 [359,111]
[359,111] 1 [360,113]
[360,113] 1 [361,115]
[361,115] 1 [362,118]
[362,118] 1 [363,122]
[363,122] 1 [364,125]
[364,125] 2 [365,121]
[365,121] 2 [366,117]
[366,117] 1 [367,117]
[367,117] 1 [368,120]
[368,120] 1 [369,124]
[369,124] 1 [370,127]
[370,127] 1 [371,129]
[371,129] 1 [372,131]
[372,131] 1 [373,133]
[373,133] 1 [374,135]
[374,135] 1 [375,137]
[375,137] 1 [376,141]
[376,141] 1 [377,145]
[377,145] 1 [378,148]
[378,148] 1 [379,150]
[379,150] 1 [380,152]
[380,152] 1 [381,156]
[381,156] 1 [382,160]
[382,160] 1 [383,162]
[383,162] 1 [384,165]
[384,165] 1 [385,169]
[385,169] 1 [386,172]
[386,172] 1 [387,175]
[387,175] 1 [388,177]
[388,177] 1 [389,6]
[389,6] 1 [390,6]
[390,6] 1 [391,6]
[391,6] 1 [392,6]
[392,6] 1 [393,6]
[393,6] 1 [394,6]
[394,6] 1 [395,6]
[395,6] 1 [396,6]
[396,6] 1 [397,6]
[397,6] 1 [398,6]
[398,6] 0 [399,6]
[399,6] 1 [400,10]
[400,10] 1 [401,12]
[401,12] 2 [402,10]
[402,10] 1 [403,11]
[403,11] 1 [404,13]
[404,13] 1 [405,15]
[405,15] 2 [406,12]
[406,12] 1 [407,15]
[407,15] 2 [408,12]
[408,12] 1 [409,8]
[409,8] 1 [410,11]
[410,11] 1 [411,15]
[411,15] 2 [412,12]
[412,12] 2 [413,9]
[413,9] 1 [414,7]
[414,7] 1 [415,10]
[415,10] 1 [416,14]
[416,14] 1 [417,17]
[417,17] 1 [418,20]
[418,20] 1 [419,22]
[419,22] 1 [420,24]
[420,24] 1 [421,26]
[421,26] 1 [422,30]
[422,30] 1 [423,34]
[423,34] 1 [424,38]
[424,38] 1 [425,40]
[425,40] 1 [426,42]
[426,42] 1 [427,46]
[427,46] 1 [428,49]
[428,49] 1 [429,51]
[429,51] 1 [430,53]
[430,53] 1 [431,55]
[431,55] 1 [432,59]
[432,59] 1 [433,63]
[433,63] 1 [434,67]
[434,67] 1 [435,70]
[435,70] 1 [436,73]
[436,73] 1 [437,75]
[437,75] 1 [438,78]
[438,78] 1 [439,82]
[439,82] 1 [440,86]
[440,86] 1 [441,89]
[441,89] 1 [442,91]
[442,91] 1 [443,93]
[443,93] 1 [444,95]
[444,95] 1 [445,97]
[445,97] 1 [446,100]
[446,100] 2 [447,97]
[447,97] 1 [448,95]
[448,95] 1 [449,96]
[449,96] 1 [450,98]
[450,98] 1 [451,102]
[451,102] 1 [452,106]
[452,106] 1 [453,109]
[453,109] 1 [454,113]
[454,113] 1 [455,115]
[455,115] 1 [456,119]
[456,119] 1 [457,121]
[457,121] 1 [458,125]
[458,125] 1 [459,128]
[459,128] 1 [460,132]
[460,132] 2 [461,130]
[461,130] 1 [462,132]
[462,132] 1 [463,134]
[463,134] 1 [464,137]
[464,137] 1 [465,141]
[465,141] 1 [466,144]
[466,144] 1 [467,146]
[467,146] 1 [468,149]
[468,149] 1 [469,152]
[469,152] 1 [470,155]
[470,155] 1 [471,158]
[471,158] 1 [472,160]
[472,160] 1 [473,163]
[473,163] 1 [474,166]
[474,166] 1 [475,168]
[475,168] 1 [476,170]
[476,170] 1 [477,173]
[477,173] 1 [478,175]
[478,175] 1 [479,6]
[479,6] 1 [480,6]
[480,6] 1 [481,6]
[481,6] 1 [482,6]
[482,6] 1 [483,6]
[483,6] 1 [484,6]
[484,6] 1 [485,6]
[485,6] 1 [486,6]
[486,6] 1 [487,6]
[487,6] 1 [488,6]
[488,6] 1 [489,6]
[489,6] 0 [490,6]
[490,6] 1 [491,8]
[491,8] 1 [492,12]
[492,12] 0 [493,12]
[493,12] 2 [494,9]
[494,9] 1 [495,11]
[495,11] 2 [496,8]
[496,8] 1 [497,11]
[497,11] 1 [498,14]
[498,14] 1 [499,17]
[499,17] 1 [500,21]
[500,21] 1 [501,23]
[501,23] 1 [502,25]
[502,25] 1 [503,28]
[503,28] 1 [504,31]
[504,31] 2 [505,29]
[505,29] 1 [506,33]
[506,33] 1 [507,35]
[507,35] 1 [508,39]
[508,39] 1 [509,43]
[509,43] 1 [510,46]
[510,46] 1 [511,50]
[511,50] 1 [512,53]
[512,53] 1 [513,57]
[513,57] 1 [514,59]
[514,59] 1 [515,63]
[515,63] 1 [516,65]
[516,65] 1 [517,69]
[517,69] 1 [518,72]
[518,72] 1 [519,76]
[519,76] 1 [520,80]
[520,80] 1 [521,84]
[521,84] 1 [522,88]
[522,88] 1 [523,90]
[523,90] 1 [524,94]
[524,94] 1 [525,96]
[525,96] 1 [526,98]
[526,98] 1 [527,101]
[527,101] 1 [528,104]
[528,104] 1 [529,106]
[529,106] 1 [530,110]
[530,110] 1 [531,114]
[531,114] 1 [532,116]
[532,116] 1 [533,119]
[533,119] 1 [534,122]
[534,122] 1 [535,125]
[535,125] 1 [536,127]
[536,127] 1 [537,129]
[537,129] 1 [538,133]
[538,133] 1 [539,135]
[539,135] 1 [540,137]
[540,137] 1 [541,140]
[541,140] 1 [542,144]
[542,144] 1 [543,147]
[543,147] 1 [544,150]
[544,150] 1 [545,153]
[545,153] 1 [546,156]
[546,156] 1 [547,158]
[547,158] 1 [548,160]
[548,160] 1 [549,164]
[549,164] 1 [550,168]
[550,168] 1 [551,171]
[551,171] 1 [552,175]
[552,175] 1 [553,6]
[553,6] 1 [554,6]
[554,6] 1 [555,6]
[555,6] 1 [556,6]
[556,6] 1 [557,6]
[557,6] 1 [558,6]
[558,6] 1 [559,6]
[559,6] 1 [560,6]
[560,6] 1 [561,6]
[561,6] 1 [562,6]
[562,6] 1 [563,9]
[563,9] 1 [564,12]
[564,12] 1 [565,15]
[565,15] 1 [566,17]
[566,17] 1 [567,20]
[567,20] 1 [568,24]
[568,24] 1 [569,28]
[569,28] 2 [570,24]
[570,24] 1 [571,27]
[571,27] 1 [572,29]
[572,29] 1 [573,33]
[573,33] 1 [574,35]
[574,35] 1 [575,37]
[575,37] 1 [576,39]
[576,39] 1 [577,43]
[577,43] 1 [578,45]
[578,45] 1 [579,49]
[579,49] 1 [580,52]
[580,52] 1 [581,55]
[581,55] 1 [582,58]
[582,58] 1 [583,60]
[583,60] 1 [584,63]
[584,63] 1 [585,65]
[585,65] 1 [586,68]
[586,68] 1 [587,72]
[587,72] 1 [588,76]
[588,76] 1 [589,78]
[589,78] 1 [590,82]
[590,82] 1 [591,86]
[591,86] 1 [592,88]
[592,88] 1 [593,90]
[593,90] 1 [594,94]
[594,94] 1 [595,97]
[595,97] 1 [596,99]
[596,99] 1 [597,102]
[597,102] 1 [598,105]
[598,105] 1 [599,109]
[599,109] 1 [600,112]
[600,112] 1 [601,116]
[601,116] 1 [602,120]
[602,120] 1 [603,122]
[603,122] 1 [604,124]
[604,124] 1 [605,128]
[605,128] 1 [606,131]
[606,131] 1 [607,133]
[607,133] 1 [608,136]
[608,136] 1 [609,138]
[609,138] 1 [610,140]
[610,140] 1 [611,144]
[611,144] 1 [612,146]
[612,146] 1 [613,149]
[613,149] 1 [614,152]
[614,152] 1 [615,156]
[615,156] 1 [616,158]
[616,158] 1 [617,162]
[617,162] 1 [618,166]
[618,166] 1 [619,169]
[619,169] 1 [620,173]
[620,173] 1 [621,176]
[621,176] 1 [622,6]
[622,6] 1 [623,6]
[623,6] 1 [624,6]
[624,6] 1 [625,6]
[625,6] 1 [626,6]
[626,6] 1 [627,6]
[627,6] 1 [628,6]
[628,6] 1 [629,6]
[629,6] 1 [630,6]
[630,6] 1 [631,6]
[631,6] 1 [632,6]
[632,6] 1 [633,10]
[633,10] 1 [634,12]
[634,12] 2 [635,8]
[635,8] 1 [636,10]
[636,10] 1 [637,12]
[637,12] 1 [638,16]
[638,16] 1 [639,18]
[639,18] 1 [640,20]
[640,20] 1 [641,24]
[641,24] 1 [642,27]
[642,27] 2 [643,24]
[643,24] 2 [644,20]
[644,20] 1 [645,23]
[645,23] 1 [646,25]
[646,25] 1 [647,27]
[647,27] 1 [648,31]
[648,31] 1 [649,33]
[649,33] 1 [650,36]
[650,36] 1 [651,40]
[651,40] 1 [652,42]
[652,42] 1 [653,44]
[653,44] 1 [654,46]
[654,46] 1 [655,49]
[655,49] 1 [656,51]
[656,51] 1 [657,55]
[657,55] 1 [658,58]
[658,58] 1 [659,61]
[659,61] 1 [660,63]
[660,63] 1 [661,66]
[661,66] 1 [662,68]
[662,68] 1 [663,71]
[663,71] 1 [664,74]
[664,74] 1 [665,76]
[665,76] 1 [666,78]
[666,78] 1 [667,81]
[667,81] 1 [668,85]
[668,85] 1 [669,88]
[669,88] 1 [670,90]
[670,90] 1 [671,94]
[671,94] 1 [672,97]
[672,97] 1 [673,101]
[673,101] 1 [674,104]
[674,104] 1 [675,107]
[675,107] 1 [676,110]
[676,110] 1 [677,113]
[677,113] 1 [678,117]
[678,117] 1 [679,120]
[679,120] 1 [680,122]
[680,122] 1 [681,126]
[681,126] 1 [682,129]
[682,129] 1 [683,133]
[683,133] 1 [684,136]
[684,136] 1 [685,138]
[685,138] 1 [686,141]
[686,141] 1 [687,143]
[687,143] 1 [688,147]
[688,147] 1 [689,150]
[689,150] 1 [690,153]
[690,153] 1 [691,156]
[691,156] 1 [692,158]
[692,158] 1 [693,162]
[693,162] 1 [694,166]
[694,166] 1 [695,170]
[695,170] 1 [696,172]
[696,172] 1 [697,175]
[697,175] 1 [698,6]
[698,6] 1 [699,6]
[699,6] 1 [700,6]
[700,6] 1 [701,6]
[701,6] 1 [702,6]
[702,6] 1 [703,6]
[703,6] 1 [704,6]
[704,6] 1 [705,6]
[705,6] 1 [706,6]
[706,6] 1 [707,6]
[707,6] 1 [708,8]
[708,8] 1 [709,10]
[709,10] 0 [710,10]
[710,10] 1 [711,12]
[711,12] 1 [712,16]
[712,16] 2 [713,12]
[713,12] 1 [714,16]
[714,16] 1 [715,18]
[715,18] 1 [716,22]
[716,22] 1 [717,25]
[717,25] 1 [718,29]
[718,29] 1 [719,32]
[719,32] 1 [720,36]
[720,36] 1 [721,38]
[721,38] 1 [722,42]
[722,42] 1 [723,44]
[723,44] 1 [724,47]
[724,47] 1 [725,51]
[725,51] 1 [726,55]
[726,55] 1 [727,58]
[727,58] 1 [728,62]
[728,62] 1 [729,65]
[729,65] 1 [730,67]
[730,67] 1 [731,71]
[731,71] 1 [732,73]
[732,73] 1 [733,75]
[733,75] 1 [734,78]
[734,78] 1 [735,81]
[735,81] 1 [736,85]
[736,85] 1 [737,88]
[737,88] 1 [738,91]
[738,91] 1 [739,94]
[739,94] 1 [740,97]
[740,97] 1 [741,99]
[741,99] 1 [742,101]
[742,101] 1 [743,103]
[743,103] 1 [744,107]
[744,107] 1 [745,111]
[745,111] 1 [746,113]
[746,113] 1 [747,115]
[747,115] 1 [748,118]
[748,118] 1 [749,122]
[749,122] 1 [750,126]
[750,126] 1 [751,130]
[751,130] 1 [752,132]
[752,132] 1 [753,136]
[753,136] 1 [754,139]
[754,139] 1 [755,142]
[755,142] 1 [756,145]
[756,145] 1 [757,148]
[757,148] 1 [758,152]
[758,152] 1 [759,155]
[759,155] 1 [760,159]
[760,159] 1 [761,163]
[761,163] 1 [762,167]
[762,167] 1 [763,170]
[763,170] 1 [764,172]
[764,172] 1 [765,176]
[765,176] 1 [766,6]
[766,6] 1 [767,6]
[767,6] 1 [768,6]
[768,6] 1 [769,6]
[769,6] 1 [770,6]
[770,6] 1 [771,6]
[771,6] 1 [772,6]
[772,6] 1 [773,6]
[773,6] 1 [774,6]
[774,6] 1 [775,6]
[775,6] 1 [776,6]
[776,6] 1 [777,8]
[777,8] 1 [778,12]
[778,12] 1 [779,14]
[779,14] 1 [780,16]
[780,16] 0 [781,17]
[781,17] 1 [782,20]
[782,20] 1 [783,24]
[783,24] 1 [784,26]
[784,26] 1 [785,28]
[785,28] 1 [786,32]
[786,32] 1 [787,36]
[787,36] 1 [788,40]
[788,40] 1 [789,44]
[789,44] 1 [790,47]
[790,47] 1 [791,49]
[791,49] 1 [792,53]
[792,53] 1 [793,57]
[793,57] 1 [794,59]
[794,59] 1 [795,63]
[795,63] 1 [796,67]
[796,67] 1 [797,69]
[797,69] 1 [798,72]
[798,72] 1 [799,75]
[799,75] 1 [800,78]
[800,78] 1 [801,80]
[801,80] 1 [802,82]
[802,82] 1 [803,85]
[803,85] 1 [804,88]
[804,88] 1 [805,92]
[805,92] 1 [806,94]
[806,94] 1 [807,98]
[807,98] 1 [808,100]
[808,100] 1 [809,104]
[809,104] 1 [810,107]
[810,107] 1 [811,110]
[811,110] 1 [812,113]
[812,113] 1 [813,116]
[813,116] 1 [814,120]
[814,120] 1 [815,122]
[815,122] 1 [816,126]
[816,126] 1 [817,128]
[817,128] 1 [818,132]
[818,132] 1 [819,134]
[819,134] 1 [820,138]
[820,138] 1 [821,141]
[821,141] 1 [822,143]
[822,143] 1 [823,145]
[823,145] 1 [824,149]
[824,149] 1 [825,151]
[825,151] 1 [826,154]
[826,154] 1 [827,158]
[827,158] 1 [828,160]
[828,160] 1 [829,163]
[829,163] 1 [830,167]
[830,167] 1 [831,171]
[831,171] 1 [832,175]
[832,175] 1 [833,177]
[833,177] 1 [834,6]
[834,6] 1 [835,6]
[835,6] 1 [836,6]
[836,6] 1 [837,6]
[837,6] 1 [838,6]
[838,6] 1 [839,6]
[839,6] 1 [840,6]
[840,6] 1 [841,6]
[841,6] 1 [842,6]
[842,6] 1 [843,8]
[843,8] 0 [844,8]
[844,8] 1 [845,10]
[845,10] 1 [846,14]
[846,14] 1 [847,17]
[847,17] 1 [848,20]
[848,20] 1 [849,24]
[849,24] 0 [850,24]
[850,24] 1 [851,27]
[851,27] 2 [852,23]
[852,23] 2 [853,19]
[853,19] 1 [854,21]
[854,21] 1 [855,24]
[855,24] 1 [856,28]
[856,28] 1 [857,30]
[857,30] 1 [858,32]
[858,32] 1 [859,35]
[859,35] 1 [860,37]
[860,37] 1 [861,40]
[861,40] 1 [862,44]
[862,44] 1 [863,48]
[863,48] 1 [864,52]
[864,52] 1 [865,55]
[865,55] 1 [866,57]
[866,57] 1 [867,61]
[867,61] 1 [868,64]
[868,64] 1 [869,68]
[869,68] 1 [870,72]
[870,72] 1 [871,76]
[871,76] 1 [872,79]
[872,79] 1 [873,81]
[873,81] 1 [874,83]
[874,83] 1 [875,87]
[875,87] 1 [876,91]
[876,91] 1 [877,93]
[877,93] 1 [878,96]
[878,96] 1 [879,100]
[879,100] 1 [880,104]
[880,104] 1 [881,106]
[881,106] 1 [882,109]
[882,109] 1 [883,111]
[883,111] 1 [884,113]
[884,113] 1 [885,117]
[885,117] 1 [886,121]
[886,121] 1 [887,123]
[887,123] 1 [888,126]
[888,126] 1 [889,128]
[889,128] 1 [890,132]
[890,132] 1 [891,135]
[891,135] 1 [892,138]
[892,138] 1 [893,142]
[893,142] 1 [894,146]
[894,146] 1 [895,149]
[895,149] 1 [896,153]
[896,153] 1 [897,155]
[897,155] 1 [898,157]
[898,157] 1 [899,161]
[899,161] 1 [900,164]
[900,164] 1 [901,168]
[901,168] 1 [902,171]
[902,171] 1 [903,174]
[903,174] 1 [904,176]
[904,176] 1 [905,6]
[905,6] 1 [906,6]
[906,6] 1 [907,6]
[907,6] 1 [908,6]
[908,6] 1 [909,6]
[909,6] 1 [910,6]
[910,6] 1 [911,6]
[911,6] 1 [912,6]
[912,6] 1 [913,6]
[913,6] 1 [914,8]
[914,8] 0 [915,8]
[915,8] 2 [916,6]
[916,6] 1 [917,8]
[917,8] 1 [918,11]
[918,11] 1 [919,14]
[919,14] 1 [920,18]
[920,18] 1 [921,20]
[921,20] 1 [922,23]
[922,23] 1 [923,26]
[923,26] 1 [924,28]
[924,28] 1 [925,30]
[925,30] 1 [926,32]
[926,32] 1 [927,34]
[927,34] 1 [928,36]
[928,36] 1 [929,39]
[929,39] 1 [930,43]
[930,43] 1 [931,47]
[931,47] 1 [932,49]
[932,49] 1 [933,51]
[933,51] 1 [934,54]
[934,54] 1 [935,56]
[935,56] 1 [936,58]
[936,58] 1 [937,60]
[937,60] 1 [938,63]
[938,63] 1 [939,65]
[939,65] 1 [940,68]
[940,68] 1 [941,71]
[941,71] 1 [942,75]
[942,75] 1 [943,77]
[943,77] 1 [944,80]
[944,80] 1 [945,83]
[945,83] 1 [946,85]
[946,85] 1 [947,88]
[947,88] 1 [948,91]
[948,91] 1 [949,94]
[949,94] 1 [950,98]
[950,98] 1 [951,102]
[951,102] 1 [952,105]
[952,105] 1 [953,109]
[953,109] 1 [954,112]
[954,112] 1 [955,116]
[955,116] 1 [956,119]
[956,119] 1 [957,123]
[957,123] 1 [958,126]
[958,126] 1 [959,128]
[959,128] 1 [960,132]
[960,132] 1 [961,136]
[961,136] 1 [962,138]
[962,138] 1 [963,142]
[963,142] 1 [964,145]
[964,145] 1 [965,149]
[965,149] 1 [966,153]
[966,153] 1 [967,157]
[967,157] 1 [968,159]
[968,159] 1 [969,162]
[969,162] 1 [970,166]
[970,166] 1 [971,168]
[971,168] 1 [972,172]
[972,172] 1 [973,175]
[973,175] 1 [974,6]
[974,6] 1 [975,6]
[975,6] 1 [976,6]
[976,6] 1 [977,6]
[977,6] 1 [978,6]
[978,6] 1 [979,6]
[979,6] 1 [980,6]
[980,6] 1 [981,6]
[981,6] 1 [982,6]
[982,6] 1 [983,6]
[983,6] 0 [984,6]
[984,6] 1 [985,7]
[985,7] 1 [986,9]
[986,9] 1 [987,11]
[987,11] 2 [988,11]
[988,11] 2 [989,8]
[989,8] 1 [990,10]
[990,10] 1 [991,12]
[991,12] 1 [992,15]
[992,15] 1 [993,19]
[993,19] 2 [994,16]
[994,16] 1 [995,19]
[995,19] 2 [996,15]
[996,15] 2 [997,12]
[997,12] 2 [998,8]
[998,8] 1 [999,11]
[999,11] 2 [1000,8]
[1000,8] 1 [1001,9]
[1001,9] 1 [1002,12]
[1002,12] 1 [1003,15]
[1003,15] 1 [1004,17]
[1004,17] 2 [1005,13]
[1005,13] 1 [1006,14]
[1006,14] 2 [1007,10]
[1007,10] 1 [1008,11]
[1008,11] 1 [1009,13]
[1009,13] 1 [1010,17]
[1010,17] 1 [1011,19]
[1011,19] 1 [1012,21]
[1012,21] 1 [1013,25]
[1013,25] 1 [1014,29]
[1014,29] 1 [1015,31]
[1015,31] 1 [1016,34]
[1016,34] 1 [1017,36]
[1017,36] 1 [1018,40]
[1018,40] 1 [1019,44]
[1019,44] 1 [1020,46]
[1020,46] 1 [1021,50]
[1021,50] 1 [1022,53]
[1022,53] 1 [1023,55]
[1023,55] 1 [1024,58]
[1024,58] 1 [1025,62]
[1025,62] 1 [1026,65]
[1026,65] 1 [1027,69]
[1027,69] 1 [1028,71]
[1028,71] 1 [1029,73]
[1029,73] 1 [1030,76]
[1030,76] 1 [1031,78]
[1031,78] 1 [1032,80]
[1032,80] 1 [1033,82]
[1033,82] 1 [1034,84]
[1034,84] 1 [1035,88]
[1035,88] 1 [1036,92]
[1036,92] 1 [1037,95]
[1037,95] 1 [1038,98]
[1038,98] 1 [1039,102]
[1039,102] 1 [1040,105]
[1040,105] 1 [1041,107]
[1041,107] 1 [1042,110]
[1042,110] 1 [1043,113]
[1043,113] 1 [1044,117]
[1044,117] 1 [1045,119]
[1045,119] 1 [1046,123]
[1046,123] 1 [1047,127]
[1047,127] 1 [1048,129]
[1048,129] 1 [1049,131]
[1049,131] 1 [1050,133]
[1050,133] 1 [1051,137]
[1051,137] 1 [1052,140]
[1052,140] 1 [1053,144]
[1053,144] 1 [1054,147]
[1054,147] 1 [1055,151]
[1055,151] 1 [1056,154]
[1056,154] 1 [1057,156]
[1057,156] 1 [1058,159]
[1058,159] 1 [1059,162]
[1059,162] 1 [1060,166]
[1060,166] 1 [1061,169]
[1061,169] 1 [1062,172]
[1062,172] 1 [1063,175]
[1063,175] 1 [1064,177]
[1064,177] 1 [1065,6]
[1065,6] 1 [1066,6]
[1066,6] 1 [1067,6]
[1067,6] 1 [1068,6]
[1068,6] 1 [1069,6]
[1069,6] 1 [1070,6]
[1070,6] 1 [1071,6]
[1071,6] 1 [1072,6]
[1072,6] 1 [1073,6]
[1073,6] 1 [1074,6]
[1074,6] 1 [1075,8]
[1075,8] 2 [1076,6]
[1076,6] 1 [1077,10]
[1077,10] 1 [1078,13]
[1078,13] 2 [1079,9]
[1079,9] 1 [1080,10]
[1080,10] 1 [1081,14]
[1081,14] 1 [1082,17]
[1082,17] 2 [1083,13]
[1083,13] 1 [1084,11]
[1084,11] 1 [1085,14]
[1085,14] 1 [1086,16]
[1086,16] 1 [1087,18]
[1087,18] 1 [1088,22]
[1088,22] 1 [1089,25]
[1089,25] 1 [1090,28]
[1090,28] 1 [1091,32]
[1091,32] 1 [1092,35]
[1092,35] 1 [1093,37]
[1093,37] 1 [1094,39]
[1094,39] 1 [1095,41]
[1095,41] 1 [1096,45]
[1096,45] 1 [1097,47]
[1097,47] 1 [1098,50]
[1098,50] 1 [1099,53]
[1099,53] 1 [1100,56]
[1100,56] 1 [1101,59]
[1101,59] 1 [1102,62]
[1102,62] 1 [1103,64]
[1103,64] 1 [1104,68]
[1104,68] 1 [1105,71]
[1105,71] 1 [1106,75]
[1106,75] 1 [1107,79]
[1107,79] 1 [1108,82]
[1108,82] 1 [1109,84]
[1109,84] 1 [1110,87]
[1110,87] 1 [1111,89]
[1111,89] 1 [1112,91]
[1112,91] 1 [1113,93]
[1113,93] 1 [1114,95]
[1114,95] 1 [1115,98]
[1115,98] 1 [1116,101]
[1116,101] 1 [1117,103]
[1117,103] 1 [1118,107]
[1118,107] 1 [1119,110]
[1119,110] 1 [1120,114]
[1120,114] 1 [1121,116]
[1121,116] 1 [1122,120]
[1122,120] 1 [1123,122]
[1123,122] 1 [1124,125]
[1124,125] 1 [1125,129]
[1125,129] 1 [1126,132]
[1126,132] 1 [1127,136]
[1127,136] 1 [1128,138]
[1128,138] 1 [1129,141]
[1129,141] 1 [1130,145]
[1130,145] 1 [1131,147]
[1131,147] 1 [1132,151]
[1132,151] 1 [1133,154]
[1133,154] 1 [1134,156]
[1134,156] 1 [1135,160]
[1135,160] 1 [1136,162]
[1136,162] 1 [1137,165]
[1137,165] 1 [1138,169]
[1138,169] 1 [1139,171]
[1139,171] 1 [1140,173]
[1140,173] 1 [1141,175]
[1141,175] 1 [1142,6]
[1142,6] 1 [1143,6]
[1143,6] 1 [1144,6]
[1144,6] 1 [1145,6]
[1145,6] 1 [1146,6]
[1146,6] 1 [1147,6]
[1147,6] 1 [1148,6]
[1148,6] 1 [1149,6]
[1149,6] 1 [1150,6]
[1150,6] 1 [1151,9]
[1151,9] 1 [1152,11]
[1152,11] 0 [1153,12]
[1153,12] 0 [1154,12]
[1154,12] 1 [1155,14]
[1155,14] 2 [1156,10]
[1156,10] 1 [1157,11]
[1157,11] 2 [1158,9]
[1158,9] 1 [1159,11]
[1159,11] 1 [1160,13]
[1160,13] 2 [1161,9]
[1161,9] 2 [1162,7]
[1162,7] 1 [1163,6]
[1163,6] 1 [1164,8]
[1164,8] 1 [1165,12]
[1165,12] 2 [1166,9]
[1166,9] 1 [1167,9]
[1167,9] 1 [1168,12]
[1168,12] 1 [1169,15]
[1169,15] 2 [1170,11]
[1170,11] 2 [1171,7]
[1171,7] 1 [1172,10]
[1172,10] 1 [1173,13]
[1173,13] 1 [1174,15]
[1174,15] 2 [1175,11]
[1175,11] 1 [1176,13]
[1176,13] 1 [1177,15]
[1177,15] 2 [1178,11]
[1178,11] 1 [1179,13]
[1179,13] 1 [1180,16]
[1180,16] 1 [1181,18]
[1181,18] 1 [1182,21]
[1182,21] 1 [1183,24]
[1183,24] 1 [1184,26]
[1184,26] 1 [1185,28]
[1185,28] 1 [1186,30]
[1186,30] 1 [1187,32]
[1187,32] 1 [1188,36]
[1188,36] 1 [1189,39]
[1189,39] 1 [1190,43]
[1190,43] 1 [1191,46]
[1191,46] 1 [1192,50]
[1192,50] 1 [1193,54]
[1193,54] 1 [1194,56]
[1194,56] 1 [1195,58]
[1195,58] 1 [1196,62]
[1196,62] 1 [1197,64]
[1197,64] 1 [1198,67]
[1198,67] 1 [1199,69]
[1199,69] 1 [1200,72]
[1200,72] 1 [1201,76]
[1201,76] 1 [1202,79]
[1202,79] 1 [1203,83]
[1203,83] 1 [1204,87]
[1204,87] 1 [1205,91]
[1205,91] 1 [1206,93]
[1206,93] 1 [1207,96]
[1207,96] 1 [1208,98]
[1208,98] 1 [1209,102]
[1209,102] 1 [1210,105]
[1210,105] 1 [1211,109]
[1211,109] 1 [1212,112]
[1212,112] 1 [1213,115]
[1213,115] 1 [1214,118]
[1214,118] 2 [1215,115]
[1215,115] 2 [1216,111]
[1216,111] 1 [1217,109]
[1217,109] 1 [1218,111]
[1218,111] 1 [1219,113]
[1219,113] 1 [1220,115]
[1220,115] 1 [1221,117]
[1221,117] 1 [1222,119]
[1222,119] 1 [1223,121]
[1223,121] 1 [1224,123]
[1224,123] 1 [1225,126]
[1225,126] 1 [1226,128]
[1226,128] 1 [1227,131]
[1227,131] 1 [1228,133]
[1228,133] 1 [1229,137]
[1229,137] 1 [1230,140]
[1230,140] 1 [1231,142]
[1231,142] 1 [1232,146]
[1232,146] 1 [1233,149]
[1233,149] 1 [1234,152]
[1234,152] 1 [1235,155]
[1235,155] 1 [1236,157]
[1236,157] 1 [1237,159]
[1237,159] 1 [1238,161]
[1238,161] 1 [1239,165]
[1239,165] 1 [1240,167]
[1240,167] 1 [1241,170]
[1241,170] 1 [1242,173]
[1242,173] 1 [1243,177]
[1243,177] 1 [1244,6]
[1244,6] 1 [1245,6]
[1245,6] 1 [1246,6]
[1246,6] 1 [1247,6]
[1247,6] 1 [1248,6]
[1248,6] 1 [1249,6]
[1249,6] 1 [1250,6]
[1250,6] 1 [1251,6]
[1251,6] 1 [1252,6]
[1252,6] 1 [1253,7]
[1253,7] 1 [1254,10]
[1254,10] 1 [1255,13]
[1255,13] 1 [1256,17]
[1256,17] 1 [1257,19]
[1257,19] 1 [1258,23]
[1258,23] 1 [1259,25]
[1259,25] 1 [1260,28]
[1260,28] 1 [1261,32]
[1261,32] 1 [1262,34]
[1262,34] 1 [1263,38]
[1263,38] 1 [1264,41]
[1264,41] 1 [1265,45]
[1265,45] 1 [1266,47]
[1266,47] 1 [1267,51]
[1267,51] 1 [1268,54]
[1268,54] 1 [1269,56]
[1269,56] 1 [1270,60]
[1270,60] 1 [1271,63]
[1271,63] 1 [1272,65]
[1272,65] 1 [1273,67]
[1273,67] 1 [1274,71]
[1274,71] 1 [1275,74]
[1275,74] 1 [1276,77]
[1276,77] 1 [1277,81]
[1277,81] 1 [1278,84]
[1278,84] 1 [1279,88]
[1279,88] 1 [1280,91]
[1280,91] 1 [1281,93]
[1281,93] 1 [1282,97]
[1282,97] 1 [1283,100]
[1283,100] 1 [1284,102]
[1284,102] 1 [1285,106]
[1285,106] 1 [1286,108]
[1286,108] 1 [1287,111]
[1287,111] 1 [1288,114]
[1288,114] 1 [1289,116]
[1289,116] 1 [1290,119]
[1290,119] 1 [1291,123]
[1291,123] 1 [1292,127]
[1292,127] 1 [1293,129]
[1293,129] 1 [1294,133]
[1294,133] 1 [1295,136]
[1295,136] 1 [1296,139]
[1296,139] 1 [1297,141]
[1297,141] 1 [1298,143]
[1298,143] 1 [1299,147]
[1299,147] 1 [1300,150]
[1300,150] 1 [1301,152]
[1301,152] 1 [1302,154]
[1302,154] 1 [1303,158]
[1303,158] 1 [1304,160]
[1304,160] 1 [1305,163]
[1305,163] 1 [1306,167]
[1306,167] 1 [1307,169]
[1307,169] 1 [1308,172]
[1308,172] 1 [1309,176]
[1309,176] 1 [1310,6]
[1310,6] 1 [1311,6]
[1311,6] 1 [1312,6]
[1312,6] 1 [1313,6]
[1313,6] 1 [1314,6]
[1314,6] 1 [1315,6]
[1315,6] 1 [1316,6]
[1316,6] 1 [1317,6]
[1317,6] 1 [1318,6]
[1318,6] 1 [1319,7]
[1319,7] 1 [1320,9]
[1320,9] 0 [1321,9]
[1321,9] 2 [1322,7]
[1322,7] 1 [1323,7]
[1323,7] 1 [1324,10]
[1324,10] 1 [1325,14]
[1325,14] 1 [1326,18]
[1326,18] 1 [1327,20]
[1327,20] 2 [1328,16]
[1328,16] 1 [1329,18]
[1329,18] 1 [1330,22]
[1330,22] 1 [1331,24]
[1331,24] 1 [1332,26]
[1332,26] 1 [1333,30]
[1333,30] 1 [1334,34]
[1334,34] 1 [1335,37]
[1335,37] 1 [1336,40]
[1336,40] 1 [1337,42]
[1337,42] 1 [1338,44]
[1338,44] 1 [1339,48]
[1339,48] 2 [1340,44]
[1340,44] 1 [1341,47]
[1341,47] 1 [1342,50]
[1342,50] 1 [1343,52]
[1343,52] 1 [1344,56]
[1344,56] 2 [1345,52]
[1345,52] 1 [1346,54]
[1346,54] 1 [1347,56]
[1347,56] 1 [1348,58]
[1348,58] 1 [1349,61]
[1349,61] 1 [1350,64]
[1350,64] 1 [1351,67]
[1351,67] 1 [1352,70]
[1352,70] 1 [1353,73]
[1353,73] 1 [1354,75]
[1354,75] 1 [1355,78]
[1355,78] 1 [1356,82]
[1356,82] 1 [1357,85]
[1357,85] 1 [1358,89]
[1358,89] 1 [1359,91]
[1359,91] 1 [1360,95]
[1360,95] 1 [1361,97]
[1361,97] 1 [1362,101]
[1362,101] 1 [1363,104]
[1363,104] 1 [1364,107]
[1364,107] 1 [1365,110]
[1365,110] 1 [1366,113]
[1366,113] 1 [1367,116]
[1367,116] 1 [1368,119]
[1368,119] 1 [1369,123]
[1369,123] 1 [1370,127]
[1370,127] 1 [1371,129]
[1371,129] 1 [1372,132]
[1372,132] 1 [1373,134]
[1373,134] 1 [1374,136]
[1374,136] 1 [1375,140]
[1375,140] 1 [1376,144]
[1376,144] 1 [1377,148]
[1377,148] 1 [1378,152]
[1378,152] 1 [1379,156]
[1379,156] 1 [1380,158]
[1380,158] 1 [1381,162]
[1381,162] 1 [1382,165]
[1382,165] 1 [1383,169]
[1383,169] 1 [1384,171]
[1384,171] 1 [1385,173]
[1385,173] 1 [1386,177]
[1386,177] 1 [1387,6]
[1387,6] 1 [1388,6]
[1388,6] 1 [1389,6]
[1389,6] 1 [1390,6]
[1390,6] 1 [1391,6]
[1391,6] 1 [1392,6]
[1392,6] 1 [1393,6]
[1393,6] 1 [1394,6]
[1394,6] 1 [1395,6]
[1395,6] 1 [1396,6]
[1396,6] 1 [1397,6]
[1397,6] 1 [1398,8]
[1398,8] 1 [1399,12]
[1399,12] 0 [1400,12]
[1400,12] 2 [1401,9]
[1401,9] 1 [1402,13]
[1402,13] 2 [1403,9]
[1403,9] 2 [1404,7]
[1404,7] 1 [1405,6]
[1405,6] 1 [1406,10]
[1406,10] 1 [1407,12]
[1407,12] 2 [1408,10]
[1408,10] 1 [1409,13]
[1409,13] 2 [1410,9]
[1410,9] 1 [1411,9]
[1411,9] 1 [1412,11]
[1412,11] 2 [1413,9]
[1413,9] 1 [1414,7]
[1414,7] 0 [1415,6]
[1415,6] 1 [1416,8]
[1416,8] 0 [1417,8]
[1417,8] 1 [1418,10]
[1418,10] 1 [1419,12]
[1419,12] 2 [1420,9]
[1420,9] 1 [1421,9]
[1421,9] 0 [1422,9]
[1422,9] 2 [1423,6]
[1423,6] 1 [1424,9]
[1424,9] 1 [1425,13]
[1425,13] 1 [1426,15]
[1426,15] 1 [1427,19]
[1427,19] 1 [1428,23]
[1428,23] 1 [1429,25]
[1429,25] 1 [1430,29]
[1430,29] 1 [1431,33]
[1431,33] 1 [1432,35]
[1432,35] 1 [1433,38]
[1433,38] 1 [1434,41]
[1434,41] 1 [1435,44]
[1435,44] 1 [1436,47]
[1436,47] 1 [1437,50]
[1437,50] 1 [1438,53]
[1438,53] 1 [1439,55]
[1439,55] 1 [1440,59]
[1440,59] 1 [1441,62]
[1441,62] 1 [1442,66]
[1442,66] 1 [1443,68]
[1443,68] 1 [1444,72]
[1444,72] 1 [1445,75]
[1445,75] 1 [1446,78]
[1446,78] 1 [1447,82]
[1447,82] 1 [1448,85]
[1448,85] 1 [1449,87]
[1449,87] 1 [1450,89]
[1450,89] 1 [1451,93]
[1451,93] 1 [1452,96]
[1452,96] 1 [1453,100]
[1453,100] 1 [1454,104]
[1454,104] 1 [1455,106]
[1455,106] 1 [1456,108]
[1456,108] 1 [1457,112]
[1457,112] 1 [1458,116]
[1458,116] 1 [1459,120]
[1459,120] 1 [1460,122]
[1460,122] 1 [1461,124]
[1461,124] 1 [1462,128]
[1462,128] 1 [1463,132]
[1463,132] 1 [1464,135]
[1464,135] 1 [1465,138]
[1465,138] 1 [1466,142]
[1466,142] 1 [1467,144]
[1467,144] 1 [1468,146]
[1468,146] 1 [1469,148]
[1469,148] 1 [1470,151]
[1470,151] 1 [1471,154]
[1471,154] 1 [1472,157]
[1472,157] 1 [1473,161]
[1473,161] 1 [1474,165]
[1474,165] 1 [1475,169]
[1475,169] 1 [1476,173]
[1476,173] 1 [1477,175]
[1477,175] 1 [1478,177]
[1478,177] 1 [1479,6]
[1479,6] 1 [1480,6]
[1480,6] 1 [1481,6]
[1481,6] 1 [1482,6]
[1482,6] 1 [1483,6]
[1483,6] 1 [1484,6]
[1484,6] 1 [1485,6]
[1485,6] 1 [1486,6]
[1486,6] 1 [1487,6]
[1487,6] 1 [1488,6]
[1488,6] 0 [1489,7]
[1489,7] 0 [1490,7]
[1490,7] 1 [1491,10]
[1491,10] 1 [1492,14]
[1492,14] 1 [1493,17]
[1493,17] 1 [1494,19]
[1494,19] 1 [1495,23]
[1495,23] 1 [1496,25]
[1496,25] 1 [1497,28]
[1497,28] 1 [1498,32]
[1498,32] 1 [1499,34]
[1499,34] 1 [1500,36]
[1500,36] 1 [1501,39]
[1501,39] 1 [1502,43]
[1502,43] 1 [1503,45]
[1503,45] 1 [1504,49]
[1504,49] 1 [1505,51]
[1505,51] 1 [1506,53]
[1506,53] 1 [1507,55]
[1507,55] 1 [1508,57]
[1508,57] 1 [1509,60]
[1509,60] 1 [1510,62]
[1510,62] 1 [1511,66]
[1511,66] 1 [1512,69]
[1512,69] 1 [1513,72]
[1513,72] 1 [1514,76]
[1514,76] 1 [1515,79]
[1515,79] 1 [1516,81]
[1516,81] 1 [1517,85]
[1517,85] 1 [1518,87]
[1518,87] 1 [1519,90]
[1519,90] 1 [1520,92]
[1520,92] 1 [1521,95]
[1521,95] 1 [1522,97]
[1522,97] 1 [1523,99]
[1523,99] 1 [1524,101]
[1524,101] 1 [1525,104]
[1525,104] 1 [1526,107]
[1526,107] 1 [1527,111]
[1527,111] 1 [1528,114]
[1528,114] 1 [1529,118]
[1529,118] 1 [1530,120]
[1530,120] 1 [1531,123]
[1531,123] 1 [1532,126]
[1532,126] 1 [1533,130]
[1533,130] 1 [1534,132]
[1534,132] 1 [1535,136]
[1535,136] 1 [1536,138]
[1536,138] 1 [1537,141]
[1537,141] 1 [1538,143]
[1538,143] 1 [1539,145]
[1539,145] 1 [1540,148]
[1540,148] 1 [1541,152]
[1541,152] 1 [1542,156]
[1542,156] 1 [1543,158]
[1543,158] 1 [1544,160]
[1544,160] 1 [1545,162]
[1545,162] 1 [1546,165]
[1546,165] 1 [1547,169]
[1547,169] 1 [1548,171]
[1548,171] 1 [1549,173]
[1549,173] 1 [1550,176]
[1550,176] 1 [1551,6]
[1551,6] 1 [1552,6]
[1552,6] 1 [1553,6]
[1553,6] 1 [1554,6]
[1554,6] 1 [1555,6]
[1555,6] 1 [1556,6]
[1556,6] 1 [1557,6]
[1557,6] 1 [1558,6]
[1558,6] 1 [1559,6]
[1559,6] 1 [1560,6]
[1560,6] 0 [1561,6]
[1561,6] 1 [1562,10]
[1562,10] 1 [1563,14]
[1563,14] 1 [1564,17]
[1564,17] 1 [1565,20]
[1565,20] 0 [1566,20]
[1566,20] 1 [1567,24]
[1567,24] 1 [1568,27]
[1568,27] 2 [1569,25]
[1569,25] 1 [1570,27]
[1570,27] 1 [1571,29]
[1571,29] 1 [1572,32]
[1572,32] 1 [1573,35]
[1573,35] 1 [1574,38]
[1574,38] 1 [1575,40]
[1575,40] 1 [1576,44]
[1576,44] 1 [1577,48]
[1577,48] 1 [1578,50]
[1578,50] 1 [1579,53]
[1579,53] 1 [1580,55]
[1580,55] 1 [1581,58]
[1581,58] 1 [1582,60]
[1582,60] 1 [1583,64]
[1583,64] 1 [1584,68]
[1584,68] 1 [1585,70]
[1585,70] 1 [1586,73]
[1586,73] 1 [1587,76]
[1587,76] 1 [1588,80]
[1588,80] 1 [1589,83]
[1589,83] 1 [1590,85]
[1590,85] 1 [1591,89]
[1591,89] 1 [1592,91]
[1592,91] 1 [1593,95]
[1593,95] 1 [1594,98]
[1594,98] 1 [1595,101]
[1595,101] 1 [1596,103]
[1596,103] 1 [1597,106]
[1597,106] 1 [1598,110]
[1598,110] 1 [1599,114]
[1599,114] 1 [1600,116]
[1600,116] 1 [1601,120]
[1601,120] 1 [1602,122]
[1602,122] 1 [1603,125]
[1603,125] 1 [1604,128]
[1604,128] 1 [1605,132]
[1605,132] 1 [1606,135]
[1606,135] 1 [1607,138]
[1607,138] 1 [1608,141]
[1608,141] 1 [1609,144]
[1609,144] 1 [1610,147]
[1610,147] 1 [1611,149]
[1611,149] 1 [1612,153]
[1612,153] 1 [1613,155]
[1613,155] 1 [1614,159]
[1614,159] 1 [1615,162]
[1615,162] 1 [1616,164]
[1616,164] 1 [1617,168]
[1617,168] 1 [1618,170]
[1618,170] 1 [1619,173]
[1619,173] 1 [1620,175]
[1620,175] 1 [1621,177]
[1621,177] 1 [1622,6]
[1622,6] 1 [1623,6]
[1623,6] 1 [1624,6]
[1624,6] 1 [1625,6]
[1625,6] 1 [1626,6]
[1626,6] 1 [1627,6]
[1627,6] 1 [1628,6]
[1628,6] 1 [1629,6]
[1629,6] 1 [1630,6]
[1630,6] 0 [1631,6]
[1631,6] 1 [1632,9]
[1632,9] 1 [1633,12]
[1633,12] 1 [1634,14]
[1634,14] 1 [1635,16]
[1635,16] 2 [1636,12]
[1636,12] 2 [1637,9]
[1637,9] 1 [1638,11]
[1638,11] 1 [1639,14]
[1639,14] 1 [1640,16]
[1640,16] 1 [1641,20]
[1641,20] 2 [1642,16]
[1642,16] 2 [1643,12]
[1643,12] 1 [1644,14]
[1644,14] 1 [1645,18]
[1645,18] 2 [1646,14]
[1646,14] 2 [1647,10]
[1647,10] 1 [1648,11]
[1648,11] 1 [1649,13]
[1649,13] 1 [1650,16]
[1650,16] 1 [1651,20]
[1651,20] 1 [1652,22]
[1652,22] 1 [1653,26]
[1653,26] 1 [1654,28]
[1654,28] 1 [1655,32]
[1655,32] 1 [1656,36]
[1656,36] 2 [1657,32]
[1657,32] 2 [1658,28]
[1658,28] 1 [1659,31]
[1659,31] 1 [1660,34]
[1660,34] 1 [1661,38]
[1661,38] 1 [1662,42]
[1662,42] 1 [1663,46]
[1663,46] 1 [1664,50]
[1664,50] 1 [1665,53]
[1665,53] 1 [1666,56]
[1666,56] 1 [1667,59]
[1667,59] 1 [1668,62]
[1668,62] 1 [1669,66]
[1669,66] 1 [1670,70]
[1670,70] 1 [1671,74]
[1671,74] 1 [1672,77]
[1672,77] 1 [1673,79]
[1673,79] 1 [1674,83]
[1674,83] 1 [1675,85]
[1675,85] 1 [1676,89]
[1676,89] 1 [1677,91]
[1677,91] 1 [1678,95]
[1678,95] 1 [1679,97]
[1679,97] 1 [1680,99]
[1680,99] 1 [1681,103]
[1681,103] 1 [1682,106]
[1682,106] 1 [1683,109]
[1683,109] 1 [1684,112]
[1684,112] 1 [1685,115]
[1685,115] 1 [1686,119]
[1686,119] 1 [1687,122]
[1687,122] 1 [1688,125]
[1688,125] 1 [1689,128]
[1689,128] 1 [1690,130]
[1690,130] 1 [1691,132]
[1691,132] 1 [1692,136]
[1692,136] 1 [1693,140]
[1693,140] 1 [1694,142]
[1694,142] 1 [1695,145]
[1695,145] 1 [1696,149]
[1696,149] 1 [1697,151]
[1697,151] 1 [1698,155]
[1698,155] 1 [1699,157]
[1699,157] 1 [1700,160]
[1700,160] 1 [1701,162]
[1701,162] 1 [1702,164]
[1702,164] 1 [1703,167]
[1703,167] 1 [1704,169]
[1704,169] 1 [1705,171]
[1705,171] 1 [1706,175]
[1706,175] 1 [1707,177]
[1707,177] 1 [1708,6]
[1708,6] 1 [1709,6]
[1709,6] 1 [1710,6]
[1710,6] 1 [1711,6]
[1711,6] 1 [1712,6]
[1712,6] 1 [1713,6]
[1713,6] 1 [1714,6]
[1714,6] 1 [1715,6]
[1715,6] 0 [1716,6]
[1716,6] 1 [1717,8]
[1717,8] 0 [1718,8]
[1718,8] 2 [1719,6]
[1719,6] 1 [1720,6]
[1720,6] 1 [1721,8]
[1721,8] 2 [1722,6]
[1722,6] 1 [1723,8]
[1723,8] 1 [1724,10]
[1724,10] 1 [1725,13]
[1725,13] 1 [1726,15]
[1726,15] 1 [1727,17]
[1727,17] 1 [1728,21]
[1728,21] 1 [1729,23]
[1729,23] 2 [1730,19]
[1730,19] 1 [1731,19]
[1731,19] 1 [1732,21]
[1732,21] 1 [1733,23]
[1733,23] 1 [1734,25]
[1734,25] 1 [1735,29]
[1735,29] 1 [1736,33]
[1736,33] 1 [1737,36]
[1737,36] 1 [1738,38]
[1738,38] 1 [1739,42]
[1739,42] 1 [1740,46]
[1740,46] 1 [1741,50]
[1741,50] 1 [1742,53]
[1742,53] 1 [1743,55]
[1743,55] 1 [1744,58]
[1744,58] 1 [1745,60]
[1745,60] 1 [1746,62]
[1746,62] 1 [1747,65]
[1747,65] 1 [1748,69]
[1748,69] 1 [1749,73]
[1749,73] 1 [1750,75]
[1750,75] 1 [1751,78]
[1751,78] 1 [1752,81]
[1752,81] 1 [1753,84]
[1753,84] 1 [1754,87]
[1754,87] 1 [1755,90]
[1755,90] 1 [1756,92]
[1756,92] 1 [1757,95]
[1757,95] 1 [1758,99]
[1758,99] 1 [1759,102]
[1759,102] 1 [1760,106]
[1760,106] 1 [1761,108]
[1761,108] 1 [1762,110]
[1762,110] 1 [1763,113]
[1763,113] 1 [1764,116]
[1764,116] 1 [1765,120]
[1765,120] 1 [1766,122]
[1766,122] 1 [1767,126]
[1767,126] 1 [1768,130]
[1768,130] 1 [1769,134]
[1769,134] 1 [1770,136]
[1770,136] 1 [1771,138]
[1771,138] 1 [1772,140]
[1772,140] 1 [1773,144]
[1773,144] 1 [1774,146]
[1774,146] 1 [1775,149]
[1775,149] 1 [1776,151]
[1776,151] 1 [1777,154]
[1777,154] 1 [1778,158]
[1778,158] 1 [1779,160]
[1779,160] 1 [1780,162]
[1780,162] 1 [1781,166]
[1781,166] 1 [1782,170]
[1782,170] 1 [1783,172]
[1783,172] 1 [1784,175]
[1784,175] 1 [1785,6]
[1785,6] 1 [1786,6]
[1786,6] 1 [1787,6]
[1787,6] 1 [1788,6]
[1788,6] 1 [1789,6]
[1789,6] 1 [1790,6]
[1790,6] 1 [1791,6]
[1791,6] 1 [1792,6]
[1792,6] 1 [1793,6]
[1793,6] 1 [1794,8]
[1794,8] 1 [1795,10]
[1795,10] 1 [1796,14]
[1796,14] 2 [1797,12]
[1797,12] 1 [1798,15]
[1798,15] 1 [1799,18]
[1799,18] 1 [1800,21]
[1800,21] 1 [1801,25]
[1801,25] 2 [1802,23]
[1802,23] 2 [1803,19]
[1803,19] 2 [1804,15]
[1804,15] 1 [1805,15]
[1805,15] 2 [1806,11]
[1806,11] 1 [1807,11]
[1807,11] 1 [1808,13]
[1808,13] 2 [1809,10]
[1809,10] 1 [1810,12]
[1810,12] 1 [1811,15]
[1811,15] 1 [1812,18]
[1812,18] 2 [1813,16]
[1813,16] 2 [1814,12]
[1814,12] 1 [1815,14]
[1815,14] 1 [1816,17]
[1816,17] 1 [1817,20]
[1817,20] 1 [1818,24]
[1818,24] 1 [1819,28]
[1819,28] 1 [1820,31]
[1820,31] 1 [1821,34]
[1821,34] 1 [1822,38]
[1822,38] 1 [1823,41]
[1823,41] 1 [1824,43]
[1824,43] 1 [1825,46]
[1825,46] 1 [1826,48]
[1826,48] 1 [1827,52]
[1827,52] 1 [1828,56]
[1828,56] 2 [1829,52]
[1829,52] 1 [1830,54]
[1830,54] 1 [1831,57]
[1831,57] 1 [1832,61]
[1832,61] 1 [1833,64]
[1833,64] 1 [1834,68]
[1834,68] 1 [1835,72]
[1835,72] 1 [1836,75]
[1836,75] 1 [1837,78]
[1837,78] 1 [1838,82]
[1838,82] 1 [1839,84]
[1839,84] 1 [1840,87]
[1840,87] 1 [1841,89]
[1841,89] 1 [1842,93]
[1842,93] 1 [1843,96]
[1843,96] 1 [1844,98]
[1844,98] 1 [1845,100]
[1845,100] 1 [1846,104]
[1846,104] 1 [1847,108]
[1847,108] 1 [1848,111]
[1848,111] 1 [1849,113]
[1849,113] 1 [1850,115]
[1850,115] 2 [1851,111]
[1851,111] 1 [1852,113]
[1852,113] 1 [1853,116]
[1853,116] 1 [1854,119]
[1854,119] 1 [1855,122]
[1855,122] 1 [1856,125]
[1856,125] 1 [1857,129]
[1857,129] 1 [1858,132]
[1858,132] 1 [1859,135]
[1859,135] 2 [1860,131]
[1860,131] 1 [1861,135]
[1861,135] 2 [1862,131]
[1862,131] 1 [1863,133]
[1863,133] 1 [1864,137]
[1864,137] 1 [1865,139]
[1865,139] 1 [1866,142]
[1866,142] 1 [1867,145]
[1867,145] 1 [1868,148]
[1868,148] 1 [1869,150]
[1869,150] 1 [1870,152]
[1870,152] 1 [1871,154]
[1871,154] 1 [1872,156]
[1872,156] 1 [1873,158]
[1873,158] 1 [1874,162]
[1874,162] 1 [1875,165]
[1875,165] 1 [1876,167]
[1876,167] 1 [1877,171]
[1877,171] 1 [1878,175]
[1878,175] 1 [1879,6]
[1879,6] 1 [1880,6]
[1880,6] 1 [1881,6]
[1881,6] 1 [1882,6]
[1882,6] 1 [1883,6]
[1883,6] 1 [1884,6]
[1884,6] 1 [1885,6]
[1885,6] 1 [1886,6]
[1886,6] 1 [1887,8]
[1887,8] 1 [1888,11]
[1888,11] 1 [1889,14]
[1889,14] 1 [1890,17]
[1890,17] 1 [1891,19]
[1891,19] 1 [1892,23]
[1892,23] 1 [1893,27]
[1893,27] 1 [1894,29]
[1894,29] 1 [1895,31]
[1895,31] 1 [1896,35]
[1896,35] 1 [1897,38]
[1897,38] 1 [1898,41]
[1898,41] 1 [1899,45]
[1899,45] 1 [1900,48]
[1900,48] 1 [1901,51]
[1901,51] 1 [1902,53]
[1902,53] 1 [1903,57]
[1903,57] 1 [1904,61]
[1904,61] 1 [1905,65]
[1905,65] 1 [1906,67]
[1906,67] 1 [1907,69]
[1907,69] 1 [1908,71]
[1908,71] 1 [1909,75]
[1909,75] 1 [1910,78]
[1910,78] 1 [1911,80]
[1911,80] 1 [1912,84]
[1912,84] 1 [1913,86]
[1913,86] 1 [1914,89]
[1914,89] 1 [1915,92]
[1915,92] 1 [1916,96]
[1916,96] 1 [1917,98]
[1917,98] 1 [1918,100]
[1918,100] 1 [1919,104]
[1919,104] 1 [1920,108]
[1920,108] 1 [1921,112]
[1921,112] 1 [1922,115]
[1922,115] 1 [1923,118]
[1923,118] 1 [1924,121]
[1924,121] 1 [1925,124]
[1925,124] 1 [1926,127]
[1926,127] 1 [1927,129]
[1927,129] 1 [1928,131]
[1928,131] 1 [1929,135]
[1929,135] 1 [1930,137]
[1930,137] 1 [1931,141]
[1931,141] 1 [1932,144]
[1932,144] 1 [1933,148]
[1933,148] 1 [1934,150]
[1934,150] 1 [1935,152]
[1935,152] 1 [1936,154]
[1936,154] 1 [1937,156]
[1937,156] 1 [1938,158]
[1938,158] 1 [1939,161]
[1939,161] 1 [1940,164]
[1940,164] 1 [1941,168]
[1941,168] 1 [1942,171]
[1942,171] 1 [1943,175]
[1943,175] 1 [1944,6]
[1944,6] 1 [1945,6]
[1945,6] 1 [1946,6]
[1946,6] 1 [1947,6]
[1947,6] 1 [1948,6]
[1948,6] 1 [1949,6]
[1949,6] 1 [1950,6]
[1950,6] 1 [1951,6]
[1951,6] 1 [1952,6]
[1952,6] 1 [1953,8]
[1953,8] 1 [1954,12]
[1954,12] 1 [1955,16]
[1955,16] 0 [1956,18]
[1956,18] 2 [1957,15]
[1957,15] 1 [1958,11]
[1958,11] 1 [1959,13]
[1959,13] 1 [1960,15]
[1960,15] 1 [1961,19]
[1961,19] 1 [1962,23]
[1962,23] 1 [1963,26]
[1963,26] 1 [1964,28]
[1964,28] 1 [1965,32]
[1965,32] 1 [1966,36]
[1966,36] 1 [1967,38]
[1967,38] 1 [1968,42]
[1968,42] 1 [1969,45]
[1969,45] 1 [1970,47]
[1970,47] 1 [1971,50]
[1971,50] 2 [1972,50]
[1972,50] 1 [1973,52]
[1973,52] 1 [1974,54]
[1974,54] 1 [1975,57]
[1975,57] 2 [1976,53]
[1976,53] 1 [1977,50]
[1977,50] 1 [1978,52]
[1978,52] 1 [1979,56]
[1979,56] 1 [1980,60]
[1980,60] 1 [1981,64]
[1981,64] 1 [1982,68]
[1982,68] 1 [1983,71]
[1983,71] 1 [1984,73]
[1984,73] 1 [1985,76]
[1985,76] 1 [1986,79]
[1986,79] 1 [1987,83]
[1987,83] 1 [1988,85]
[1988,85] 1 [1989,88]
[1989,88] 1 [1990,91]
[1990,91] 1 [1991,95]
[1991,95] 1 [1992,99]
[1992,99] 1 [1993,103]
[1993,103] 1 [1994,105]
[1994,105] 1 [1995,107]
[1995,107] 1 [1996,111]
[1996,111] 1 [1997,115]
[1997,115] 1 [1998,117]
[1998,117] 1 [1999,119]
[1999,119] 1 [2000,121]
[2000,121] 1 [2001,124]
[2001,124] 1 [2002,127]
[2002,127] 1 [2003,129]
[2003,129] 1 [2004,132]
[2004,132] 1 [2005,136]
[2005,136] 1 [2006,139]
[2006,139] 1 [2007,143]
[2007,143] 1 [2008,146]
[2008,146] 1 [2009,148]
[2009,148] 1 [2010,150]
[2010,150] 1 [2011,153]
[2011,153] 1 [2012,155]
[2012,155] 1 [2013,158]
[2013,158] 1 [2014,160]
[2014,160] 1 [2015,162]
[2015,162] 1 [2016,164]
[2016,164] 1 [2017,166]
[2017,166] 1 [2018,169]
[2018,169] 1 [2019,173]
[2019,173] 1 [2020,177]
[2020,177] 1 [2021,6]
[2021,6] 1 [2022,6]
[2022,6] 1 [2023,6]
[2023,6] 1 [2024,6]
[2024,6] 1 [2025,6]
[2025,6] 1 [2026,6]
[2026,6] 1 [2027,6]
[2027,6] 1 [2028,6]
[2028,6] 1 [2029,6]
[2029,6] 1 [2030,8]
[2030,8] 1 [2031,12]
[2031,12] 1 [2032,15]
[2032,15] 1 [2033,19]
[2033,19] 2 [2034,15]
[2034,15] 1 [2035,19]
[2035,19] 2 [2036,16]
[2036,16] 1 [2037,19]
[2037,19] 2 [2038,15]
[2038,15] 1 [2039,12]
[2039,12] 1 [2040,14]
[2040,14] 1 [2041,16]
[2041,16] 1 [2042,20]
[2042,20] 1 [2043,22]
[2043,22] 1 [2044,25]
[2044,25] 1 [2045,28]
[2045,28] 1 [2046,30]
[2046,30] 1 [2047,33]
[2047,33] 1 [2048,35]
[2048,35] 1 [2049,37]
[2049,37] 1 [2050,39]
[2050,39] 1 [2051,43]
[2051,43] 1 [2052,45]
[2052,45] 1 [2053,47]
[2053,47] 1 [2054,49]
[2054,49] 1 [2055,53]
[2055,53] 1 [2056,55]
[2056,55] 1 [2057,58]
[2057,58] 1 [2058,61]
[2058,61] 1 [2059,65]
[2059,65] 1 [2060,68]
[2060,68] 1 [2061,70]
[2061,70] 1 [2062,72]
[2062,72] 1 [2063,76]
[2063,76] 1 [2064,80]
[2064,80] 1 [2065,84]
[2065,84] 1 [2066,88]
[2066,88] 1 [2067,92]
[2067,92] 1 [2068,95]
[2068,95] 1 [2069,98]
[2069,98] 1 [2070,102]
[2070,102] 1 [2071,106]
[2071,106] 1 [2072,108]
[2072,108] 1 [2073,110]
[2073,110] 1 [2074,113]
[2074,113] 1 [2075,115]
[2075,115] 1 [2076,117]
[2076,117] 1 [2077,119]
[2077,119] 1 [2078,123]
[2078,123] 1 [2079,127]
[2079,127] 1 [2080,131]
[2080,131] 1 [2081,133]
[2081,133] 1 [2082,136]
[2082,136] 1 [2083,140]
[2083,140] 1 [2084,142]
[2084,142] 1 [2085,144]
[2085,144] 1 [2086,146]
[2086,146] 1 [2087,150]
[2087,150] 1 [2088,154]
[2088,154] 1 [2089,158]
[2089,158] 1 [2090,160]
[2090,160] 1 [2091,162]
[2091,162] 1 [2092,165]
[2092,165] 1 [2093,169]
[2093,169] 1 [2094,171]
[2094,171] 1 [2095,173]
[2095,173] 1 [2096,177]
[2096,177] 1 [2097,6]
[2097,6] 1 [2098,6]
[2098,6] 1 [2099,6]
[2099,6] 1 [2100,6]
[2100,6] 1 [2101,6]
[2101,6] 1 [2102,6]
[2102,6] 1 [2103,6]
[2103,6] 1 [2104,6]
[2104,6] 1 [2105,6]
[2105,6] 1 [2106,8]
[2106,8] 2 [2107,6]
[2107,6] 1 [2108,10]
[2108,10] 1 [2109,12]
[2109,12] 1 [2110,14]
[2110,14] 1 [2111,16]
[2111,16] 0 [2112,16]
[2112,16] 2 [2113,12]
[2113,12] 1 [2114,12]
[2114,12] 1 [2115,15]
[2115,15] 2 [2116,12]
[2116,12] 1 [2117,14]
[2117,14] 1 [2118,16]
[2118,16] 2 [2119,12]
[2119,12] 2 [2120,9]
[2120,9] 2 [2121,6]
[2121,6] 1 [2122,8]
[2122,8] 1 [2123,12]
[2123,12] 1 [2124,15]
[2124,15] 2 [2125,12]
[2125,12] 1 [2126,14]
[2126,14] 1 [2127,16]
[2127,16] 1 [2128,20]
[2128,20] 1 [2129,24]
[2129,24] 1 [2130,26]
[2130,26] 1 [2131,29]
[2131,29] 1 [2132,32]
[2132,32] 1 [2133,34]
[2133,34] 1 [2134,36]
[2134,36] 1 [2135,38]
[2135,38] 1 [2136,41]
[2136,41] 1 [2137,45]
[2137,45] 1 [2138,47]
[2138,47] 1 [2139,51]
[2139,51] 1 [2140,54]
[2140,54] 1 [2141,58]
[2141,58] 1 [2142,62]
[2142,62] 1 [2143,64]
[2143,64] 1 [2144,66]
[2144,66] 1 [2145,70]
[2145,70] 1 [2146,74]
[2146,74] 1 [2147,76]
[2147,76] 1 [2148,78]
[2148,78] 1 [2149,82]
[2149,82] 1 [2150,84]
[2150,84] 1 [2151,88]
[2151,88] 1 [2152,92]
[2152,92] 1 [2153,94]
[2153,94] 1 [2154,98]
[2154,98] 1 [2155,102]
[2155,102] 1 [2156,104]
[2156,104] 1 [2157,108]
[2157,108] 1 [2158,112]
[2158,112] 1 [2159,115]
[2159,115] 1 [2160,117]
[2160,117] 1 [2161,119]
[2161,119] 1 [2162,123]
[2162,123] 1 [2163,125]
[2163,125] 1 [2164,129]
[2164,129] 1 [2165,131]
[2165,131] 1 [2166,134]
[2166,134] 1 [2167,137]
[2167,137] 1 [2168,141]
[2168,141] 1 [2169,143]
[2169,143] 1 [2170,146]
[2170,146] 1 [2171,149]
[2171,149] 1 [2172,151]
[2172,151] 1 [2173,153]
[2173,153] 1 [2174,155]
[2174,155] 1 [2175,158]
[2175,158] 1 [2176,162]
[2176,162] 1 [2177,164]
[2177,164] 1 [2178,166]
[2178,166] 1 [2179,168]
[2179,168] 1 [2180,172]
[2180,172] 1 [2181,176]
[2181,176] 1 [2182,6]
[2182,6] 1 [2183,6]
[2183,6] 1 [2184,6]
[2184,6] 1 [2185,6]
[2185,6] 1 [2186,6]
[2186,6] 1 [2187,6]
[2187,6] 1 [2188,6]
[2188,6] 1 [2189,6]
[2189,6] 1 [2190,6]
[2190,6] 1 [2191,6]
[2191,6] 1 [2192,10]
[2192,10] 0 [2193,11]
[2193,11] 1 [2194,13]
[2194,13] 1 [2195,15]
[2195,15] 0 [2196,15]
[2196,15] 0 [2197,15]
[2197,15] 2 [2198,12]
[2198,12] 2 [2199,9]
[2199,9] 1 [2200,11]
[2200,11] 2 [2201,9]
[2201,9] 1 [2202,9]
[2202,9] 1 [2203,12]
[2203,12] 2 [2204,9]
[2204,9] 1 [2205,8]
[2205,8] 1 [2206,11]
[2206,11] 2 [2207,9]
[2207,9] 0 [2208,9]
[2208,9] 2 [2209,6]
[2209,6] 1 [2210,8]
[2210,8] 1 [2211,11]
[2211,11] 2 [2212,8]
[2212,8] 1 [2213,10]
[2213,10] 2 [2214,6]
[2214,6] 1 [2215,10]
[2215,10] 2 [2216,6]
[2216,6] 1 [2217,10]
[2217,10] 1 [2218,13]
[2218,13] 0 [2219,14]
[2219,14] 1 [2220,18]
[2220,18] 1 [2221,21]
[2221,21] 1 [2222,24]
[2222,24] 1 [2223,27]
[2223,27] 1 [2224,31]
[2224,31] 1 [2225,33]
[2225,33] 1 [2226,37]
[2226,37] 1 [2227,39]
[2227,39] 1 [2228,41]
[2228,41] 1 [2229,44]
[2229,44] 1 [2230,47]
[2230,47] 1 [2231,49]
[2231,49] 1 [2232,51]
[2232,51] 1 [2233,53]
[2233,53] 1 [2234,57]
[2234,57] 1 [2235,59]
[2235,59] 1 [2236,62]
[2236,62] 1 [2237,66]
[2237,66] 1 [2238,68]
[2238,68] 1 [2239,72]
[2239,72] 1 [2240,75]
[2240,75] 1 [2241,77]
[2241,77] 1 [2242,79]
[2242,79] 1 [2243,81]
[2243,81] 1 [2244,83]
[2244,83] 1 [2245,86]
[2245,86] 1 [2246,89]
[2246,89] 1 [2247,93]
[2247,93] 1 [2248,96]
[2248,96] 1 [2249,98]
[2249,98] 1 [2250,102]
[2250,102] 1 [2251,106]
[2251,106] 1 [2252,109]
[2252,109] 1 [2253,112]
[2253,112] 1 [2254,115]
[2254,115] 1 [2255,119]
[2255,119] 1 [2256,123]
[2256,123] 1 [2257,127]
[2257,127] 1 [2258,129]
[2258,129] 1 [2259,131]
[2259,131] 1 [2260,135]
[2260,135] 1 [2261,138]
[2261,138] 1 [2262,141]
[2262,141] 1 [2263,144]
[2263,144] 1 [2264,147]
[2264,147] 1 [2265,150]
[2265,150] 1 [2266,152]
[2266,152] 1 [2267,155]
[2267,155] 1 [2268,158]
[2268,158] 1 [2269,161]
[2269,161] 1 [2270,163]
[2270,163] 1 [2271,166]
[2271,166] 1 [2272,170]
[2272,170] 1 [2273,174]
[2273,174] 1 [2274,176]
[2274,176] 1 [2275,6]
[2275,6] 1 [2276,6]
[2276,6] 1 [2277,6]
[2277,6] 1 [2278,6]
[2278,6] 1 [2279,6]
[2279,6] 1 [2280,6]
[2280,6] 1 [2281,6]
[2281,6] 1 [2282,6]
[2282,6] 1 [2283,6]
[2283,6] 1 [2284,6]
[2284,6] 1 [2285,10]
[2285,10] 0 [2286,10]
[2286,10] 1 [2287,12]
[2287,12] 1 [2288,14]
[2288,14] 1 [2289,18]
[2289,18] 1 [2290,21]
[2290,21] 1 [2291,25]
[2291,25] 1 [2292,28]
[2292,28] 1 [2293,31]
[2293,31] 1 [2294,34]
[2294,34] 1 [2295,36]
[2295,36] 1 [2296,39]
[2296,39] 1 [2297,42]
[2297,42] 1 [2298,46]
[2298,46] 1 [2299,48]
[2299,48] 1 [2300,52]
[2300,52] 1 [2301,56]
[2301,56] 1 [2302,58]
[2302,58] 1 [2303,60]
[2303,60] 1 [2304,63]
[2304,63] 1 [2305,67]
[2305,67] 1 [2306,70]
[2306,70] 1 [2307,72]
[2307,72] 1 [2308,76]
[2308,76] 1 [2309,80]
[2309,80] 1 [2310,82]
[2310,82] 1 [2311,84]
[2311,84] 1 [2312,87]
[2312,87] 1 [2313,90]
[2313,90] 1 [2314,94]
[2314,94] 1 [2315,97]
[2315,97] 1 [2316,101]
[2316,101] 1 [2317,105]
[2317,105] 1 [2318,108]
[2318,108] 1 [2319,111]
[2319,111] 1 [2320,115]
[2320,115] 1 [2321,117]
[2321,117] 1 [2322,120]
[2322,120] 1 [2323,124]
[2323,124] 1 [2324,126]
[2324,126] 1 [2325,128]
[2325,128] 1 [2326,132]
[2326,132] 1 [2327,135]
[2327,135] 1 [2328,138]
[2328,138] 1 [2329,142]
[2329,142] 1 [2330,144]
[2330,144] 1 [2331,147]
[2331,147] 1 [2332,151]
[2332,151] 1 [2333,155]
[2333,155] 1 [2334,158]
[2334,158] 1 [2335,162]
[2335,162] 1 [2336,165]
[2336,165] 1 [2337,168]
[2337,168] 1 [2338,172]
[2338,172] 1 [2339,176]
[2339,176] 1 [2340,6]
[2340,6] 1 [2341,6]
[2341,6] 1 [2342,6]
[2342,6] 1 [2343,6]
[2343,6] 1 [2344,6]
[2344,6] 1 [2345,6]
[2345,6] 1 [2346,6]
[2346,6] 1 [2347,6]
[2347,6] 1 [2348,6]
[2348,6] 1 [2349,9]
[2349,9] 1 [2350,11]
[2350,11] 0 [2351,12]
[2351,12] 2 [2352,10]
[2352,10] 1 [2353,8]
[2353,8] 1 [2354,11]
[2354,11] 1 [2355,13]
[2355,13] 1 [2356,15]
[2356,15] 1 [2357,18]
[2357,18] 2 [2358,15]
[2358,15] 0 [2359,14]
[2359,14] 2 [2360,10]
[2360,10] 1 [2361,12]
[2361,12] 1 [2362,15]
[2362,15] 1 [2363,18]
[2363,18] 1 [2364,20]
[2364,20] 1 [2365,24]
[2365,24] 1 [2366,28]
[2366,28] 1 [2367,31]
[2367,31] 1 [2368,33]
[2368,33] 1 [2369,35]
[2369,35] 1 [2370,38]
[2370,38] 1 [2371,40]
[2371,40] 1 [2372,43]
[2372,43] 1 [2373,46]
[2373,46] 1 [2374,49]
[2374,49] 1 [2375,53]
[2375,53] 1 [2376,56]
[2376,56] 1 [2377,59]
[2377,59] 1 [2378,63]
[2378,63] 1 [2379,65]
[2379,65] 1 [2380,68]
[2380,68] 1 [2381,71]
[2381,71] 1 [2382,75]
[2382,75] 1 [2383,79]
[2383,79] 1 [2384,83]
[2384,83] 1 [2385,86]
[2385,86] 1 [2386,88]
[2386,88] 1 [2387,92]
[2387,92] 1 [2388,94]
[2388,94] 1 [2389,98]
[2389,98] 1 [2390,100]
[2390,100] 1 [2391,104]
[2391,104] 1 [2392,106]
[2392,106] 1 [2393,110]
[2393,110] 1 [2394,114]
[2394,114] 1 [2395,116]
[2395,116] 1 [2396,119]
[2396,119] 1 [2397,123]
[2397,123] 1 [2398,126]
[2398,126] 1 [2399,128]
[2399,128] 1 [2400,130]
[2400,130] 1 [2401,132]
[2401,132] 1 [2402,135]
[2402,135] 1 [2403,138]
[2403,138] 1 [2404,142]
[2404,142] 1 [2405,145]
[2405,145] 1 [2406,147]
[2406,147] 1 [2407,149]
[2407,149] 1 [2408,151]
[2408,151] 1 [2409,155]
[2409,155] 1 [2410,157]
[2410,157] 1 [2411,159]
[2411,159] 1 [2412,161]
[2412,161] 1 [2413,165]
[2413,165] 1 [2414,169]
[2414,169] 1 [2415,172]
[2415,172] 1 [2416,175]
[2416,175] 1 [2417,6]
[2417,6] 1 [2418,6]
[2418,6] 1 [2419,6]
[2419,6] 1 [2420,6]
[2420,6] 1 [2421,6]
[2421,6] 1 [2422,6]
[2422,6] 1 [2423,6]
[2423,6] 1 [2424,6]
[2424,6] 1 [2425,6]
[2425,6] 1 [2426,6]
[2426,6] 0 [2427,6]
[2427,6] 1 [2428,9]
[2428,9] 1 [2429,11]
[2429,11] 2 [2430,9]
[2430,9] 1 [2431,13]
[2431,13] 2 [2432,9]
[2432,9] 1 [2433,11]
[2433,11] 2 [2434,7]
[2434,7] 1 [2435,9]
[2435,9] 1 [2436,11]
[2436,11] 2 [2437,9]
[2437,9] 1 [2438,11]
[2438,11] 2 [2439,11]
[2439,11] 1 [2440,8]
[2440,8] 1 [2441,11]
[2441,11] 1 [2442,13]
[2442,13] 2 [2443,9]
[2443,9] 1 [2444,9]
[2444,9] 1 [2445,11]
[2445,11] 1 [2446,13]
[2446,13] 2 [2447,9]
[2447,9] 1 [2448,9]
[2448,9] 1 [2449,13]
[2449,13] 1 [2450,16]
[2450,16] 1 [2451,20]
[2451,20] 2 [2452,16]
[2452,16] 1 [2453,19]
[2453,19] 2 [2454,15]
[2454,15] 1 [2455,18]
[2455,18] 1 [2456,20]
[2456,20] 1 [2457,23]
[2457,23] 1 [2458,27]
[2458,27] 1 [2459,30]
[2459,30] 1 [2460,33]
[2460,33] 1 [2461,36]
[2461,36] 1 [2462,38]
[2462,38] 1 [2463,40]
[2463,40] 1 [2464,42]
[2464,42] 1 [2465,44]
[2465,44] 1 [2466,47]
[2466,47] 1 [2467,51]
[2467,51] 1 [2468,54]
[2468,54] 1 [2469,56]
[2469,56] 1 [2470,58]
[2470,58] 1 [2471,62]
[2471,62] 1 [2472,66]
[2472,66] 1 [2473,68]
[2473,68] 1 [2474,72]
[2474,72] 1 [2475,76]
[2475,76] 1 [2476,78]
[2476,78] 1 [2477,81]
[2477,81] 1 [2478,83]
[2478,83] 1 [2479,87]
[2479,87] 1 [2480,91]
[2480,91] 1 [2481,93]
[2481,93] 1 [2482,97]
[2482,97] 1 [2483,100]
[2483,100] 1 [2484,102]
[2484,102] 1 [2485,106]
[2485,106] 1 [2486,110]
[2486,110] 1 [2487,114]
[2487,114] 2 [2488,111]
[2488,111] 2 [2489,108]
[2489,108] 1 [2490,111]
[2490,111] 2 [2491,109]
[2491,109] 1 [2492,111]
[2492,111] 1 [2493,114]
[2493,114] 1 [2494,117]
[2494,117] 1 [2495,120]
[2495,120] 1 [2496,122]
[2496,122] 1 [2497,126]
[2497,126] 1 [2498,128]
[2498,128] 1 [2499,131]
[2499,131] 1 [2500,135]
[2500,135] 1 [2501,137]
[2501,137] 1 [2502,139]
[2502,139] 1 [2503,142]
[2503,142] 1 [2504,144]
[2504,144] 1 [2505,146]
[2505,146] 1 [2506,150]
[2506,150] 1 [2507,154]
[2507,154] 1 [2508,158]
[2508,158] 1 [2509,162]
[2509,162] 1 [2510,164]
[2510,164] 1 [2511,166]
[2511,166] 1 [2512,169]
[2512,169] 1 [2513,172]
[2513,172] 1 [2514,176]
[2514,176] 1 [2515,6]
[2515,6] 1 [2516,6]
[2516,6] 1 [2517,6]
[2517,6] 1 [2518,6]
[2518,6] 1 [2519,6]
[2519,6] 1 [2520,6]
[2520,6] 1 [2521,6]
[2521,6] 1 [2522,6]
[2522,6] 1 [2523,6]
[2523,6] 1 [2524,6]
[2524,6] 1 [2525,6]
[2525,6] 1 [2526,7]
[2526,7] 2 [2527,6]
[2527,6] 1 [2528,9]
[2528,9] 0 [2529,11]
[2529,11] 2 [2530,8]
[2530,8] 1 [2531,10]
[2531,10] 1 [2532,13]
[2532,13] 1 [2533,16]
[2533,16] 2 [2534,12]
[2534,12] 2 [2535,9]
[2535,9] 1 [2536,11]
[2536,11] 2 [2537,7]
[2537,7] 1 [2538,9]
[2538,9] 1 [2539,11]
[2539,11] 1 [2540,13]
[2540,13] 2 [2541,9]
[2541,9] 1 [2542,11]
[2542,11] 2 [2543,7]
[2543,7] 1 [2544,9]
[2544,9] 1 [2545,12]
[2545,12] 1 [2546,16]
[2546,16] 1 [2547,19]
[2547,19] 1 [2548,21]
[2548,21] 1 [2549,25]
[2549,25] 1 [2550,29]
[2550,29] 1 [2551,33]
[2551,33] 1 [2552,37]
[2552,37] 1 [2553,40]
[2553,40] 1 [2554,44]
[2554,44] 1 [2555,46]
[2555,46] 1 [2556,50]
[2556,50] 1 [2557,53]
[2557,53] 1 [2558,55]
[2558,55] 1 [2559,57]
[2559,57] 1 [2560,60]
[2560,60] 1 [2561,62]
[2561,62] 1 [2562,65]
[2562,65] 1 [2563,67]
[2563,67] 1 [2564,71]
[2564,71] 1 [2565,74]
[2565,74] 1 [2566,77]
[2566,77] 1 [2567,80]
[2567,80] 1 [2568,84]
[2568,84] 1 [2569,86]
[2569,86] 1 [2570,89]
[2570,89] 1 [2571,91]
[2571,91] 1 [2572,93]
[2572,93] 1 [2573,96]
[2573,96] 1 [2574,98]
[2574,98] 1 [2575,100]
[2575,100] 2 [2576,96]
[2576,96] 1 [2577,96]
[2577,96] 1 [2578,99]
[2578,99] 1 [2579,102]
[2579,102] 1 [2580,105]
[2580,105] 1 [2581,108]
[2581,108] 1 [2582,111]
[2582,111] 1 [2583,115]
[2583,115] 1 [2584,119]
[2584,119] 1 [2585,121]
[2585,121] 1 [2586,124]
[2586,124] 1 [2587,126]
[2587,126] 1 [2588,130]
[2588,130] 1 [2589,132]
[2589,132] 1 [2590,135]
[2590,135] 1 [2591,139]
[2591,139] 1 [2592,141]
[2592,141] 1 [2593,144]
[2593,144] 1 [2594,148]
[2594,148] 1 [2595,152]
[2595,152] 1 [2596,155]
[2596,155] 1 [2597,159]
[2597,159] 1 [2598,162]
[2598,162] 1 [2599,164]
[2599,164] 1 [2600,168]
[2600,168] 1 [2601,170]
[2601,170] 1 [2602,174]
[2602,174] 1 [2603,176]
[2603,176] 1 [2604,6]
[2604,6] 1 [2605,6]
[2605,6] 1 [2606,6]
[2606,6] 1 [2607,6]
[2607,6] 1 [2608,6]
[2608,6] 1 [2609,6]
[2609,6] 1 [2610,6]
[2610,6] 1 [2611,6]
[2611,6] 1 [2612,6]
[2612,6] 1 [2613,6]
[2613,6] 1 [2614,8]
[2614,8] 0 [2615,8]
[2615,8] 1 [2616,11]
[2616,11] 2 [2617,7]
[2617,7] 1 [2618,9]
[2618,9] 1 [2619,11]
[2619,11] 2 [2620,9]
[2620,9] 2 [2621,6]
[2621,6] 1 [2622,8]
[2622,8] 1 [2623,11]
[2623,11] 1 [2624,13]
[2624,13] 1 [2625,15]
[2625,15] 1 [2626,18]
[2626,18] 1 [2627,20]
[2627,20] 1 [2628,24]
[2628,24] 1 [2629,27]
[2629,27] 1 [2630,31]
[2630,31] 1 [2631,33]
[2631,33] 1 [2632,35]
[2632,35] 1 [2633,38]
[2633,38] 1 [2634,41]
[2634,41] 1 [2635,45]
[2635,45] 1 [2636,48]
[2636,48] 1 [2637,52]
[2637,52] 1 [2638,54]
[2638,54] 1 [2639,58]
[2639,58] 1 [2640,62]
[2640,62] 1 [2641,64]
[2641,64] 1 [2642,68]
[2642,68] 1 [2643,70]
[2643,70] 1 [2644,72]
[2644,72] 1 [2645,75]
[2645,75] 1 [2646,77]
[2646,77] 1 [2647,79]
[2647,79] 1 [2648,82]
[2648,82] 1 [2649,86]
[2649,86] 1 [2650,90]
[2650,90] 1 [2651,94]
[2651,94] 0 [2652,94]
[2652,94] 1 [2653,98]
[2653,98] 1 [2654,101]
[2654,101] 1 [2655,104]
[2655,104] 1 [2656,106]
[2656,106] 1 [2657,110]
[2657,110] 1 [2658,112]
[2658,112] 1 [2659,114]
[2659,114] 1 [2660,116]
[2660,116] 1 [2661,119]
[2661,119] 1 [2662,123]
[2662,123] 1 [2663,126]
[2663,126] 1 [2664,129]
[2664,129] 1 [2665,133]
[2665,133] 1 [2666,135]
[2666,135] 1 [2667,137]
[2667,137] 1 [2668,139]
[2668,139] 1 [2669,143]
[2669,143] 1 [2670,146]
[2670,146] 1 [2671,148]
[2671,148] 1 [2672,151]
[2672,151] 1 [2673,153]
[2673,153] 1 [2674,157]
[2674,157] 1 [2675,159]
[2675,159] 1 [2676,162]
[2676,162] 1 [2677,166]
[2677,166] 1 [2678,169]
[2678,169] 1 [2679,172]
[2679,172] 1 [2680,175]
[2680,175] 1 [2681,177]
