[0,6] 1 [1,9]
[1,9] 1 [2,11]
[2,11] 1 [3,13]
[3,13] 1 [4,17]
[4,17] 1 [5,19]
[5,19] 1 [6,23]
[6,23] 1 [7,25]
[7,25] 1 [8,29]
[8,29] 1 [9,33]
[9,33] 1 [10,36]
[10,36] 1 [11,40]
[11,40] 1 [12,42]
[12,42] 1 [13,44]
[13,44] 1 [14,46]
[14,46] 1 [15,49]
[15,49] 1 [16,53]
[16,53] 1 [17,56]
[17,56] 1 [18,60]
[18,60] 1 [19,64]
[19,64] 1 [20,66]
[20,66] 1 [21,69]
[21,69] 1 [22,73]
[22,73] 1 [23,77]
[23,77] 1 [24,80]
[24,80] 1 [25,83]
[25,83] 1 [26,85]
[26,85] 1 [27,87]
[27,87] 1 [28,89]
[28,89] 1 [29,91]
[29,91] 1 [30,95]
[30,95] 1 [31,97]
[31,97] 1 [32,101]
[32,101] 1 [33,104]
[33,104] 1 [34,107]
[34,107] 1 [35,109]
[35,109] 1 [36,111]
[36,111] 1 [37,115]
[37,115] 1 [38,117]
[38,117] 1 [39,121]
[39,121] 1 [40,125]
[40,125] 1 [41,128]
[41,128] 1 [42,131]
[42,131] 1 [43,134]
[43,134] 1 [44,137]
[44,137] 1 [45,139]
[45,139] 1 [46,141]
[46,141] 1 [47,144]
[47,144] 1 [48,148]
[48,148] 1 [49,152]
[49,152] 1 [50,154]
[50,154] 1 [51,158]
[51,158] 1 [52,162]
[52,162] 1 [53,165]
[53,165] 1 [54,168]
[54,168] 1 [55,172]
[55,172] 1 [56,176]
[56,176] 1 [57,6]
[57,6] 1 [58,6]
[58,6] 1 [59,6]
[59,6] 1 [60,6]
[60,6] 1 [61,6]
[61,6] 1 [62,6]
[62,6] 1 [63,6]
[63,6] 1 [64,6]
[64,6] 1 [65,7]
[65,7] 1 [66,10]
[66,10] 2 [67,8]
[67,8] 1 [68,11]
[68,11] 0 [69,11]
[69,11] 1 [70,13]
[70,13] 2 [71,11]
[71,11] 2 [72,7]
[72,7] 1 [73,11]
[73,11] 2 [74,7]
[74,7] 1 [75,9]
[75,9] 1 [76,12]
[76,12] 2 [77,10]
[77,10] 1 [78,6]
[78,6] 1 [79,10]
[79,10] 0 [80,11]
[80,11] 0 [81,11]
[81,11] 2 [82,8]
[82,8] 1 [83,10]
[83,10] 1 [84,13]
[84,13] 1 [85,15]
[85,15] 1 [86,19]
[86,19] 1 [87,21]
[87,21] 1 [88,24]
[88,24] 1 [89,27]
[89,27] 1 [90,29]
[90,29] 1 [91,33]
[91,33] 1 [92,35]
[92,35] 1 [93,37]
[93,37] 1 [94,41]
[94,41] 1 [95,45]
[95,45] 1 [96,47]
[96,47] 1 [97,49]
[97,49] 1 [98,51]
[98,51] 1 [99,54]
[99,54] 1 [100,56]
[100,56] 1 [101,59]
[101,59] 1 [102,62]
[102,62] 1 [103,64]
[103,64] 1 [104,66]
[104,66] 1 [105,70]
[105,70] 1 [106,73]
[106,73] 1 [107,75]
[107,75] 1 [108,77]
[108,77] 1 [109,81]
[109,81] 1 [110,84]
[110,84] 1 [111,88]
[111,88] 1 [112,90]
[112,90] 1 [113,92]
[113,92] 1 [114,94]
[114,94] 1 [115,98]
[115,98] 1 [116,102]
[116,102] 1 [117,105]
[117,105] 1 [118,109]
[118,109] 1 [119,111]
[119,111] 1 [120,114]
[120,114] 1 [121,117]
[121,117] 1 [122,119]
[122,119] 1 [123,121]
[123,121] 1 [124,124]
[124,124] 1 [125,128]
[125,128] 1 [126,132]
[126,132] 1 [127,134]
[127,134] 1 [128,137]
[128,137] 1 [129,139]
[129,139] 1 [130,141]
[130,141] 1 [131,145]
[131,145] 1 [132,149]
[132,149] 1 [133,153]
[133,153] 1 [134,157]
[134,157] 1 [135,161]
[135,161] 1 [136,164]
[136,164] 1 [137,166]
[137,166] 1 [138,168]
[138,168] 1 [139,170]
[139,170] 1 [140,172]
[140,172] 1 [141,176]
[141,176] 1 [142,6]
[142,6] 1 [143,6]
[143,6] 1 [144,6]
[144,6] 1 [145,6]
[145,6] 1 [146,6]
[146,6] 1 [147,6]
[147,6] 1 [148,6]
[148,6] 1 [149,6]
[149,6] 1 [150,6]
[150,6] 1 [151,6]
[151,6] 2 [152,6]
[152,6] 1 [153,9]
[153,9] 1 [154,11]
[154,11] 1 [155,14]
[155,14] 1 [156,18]
[156,18] 1 [157,20]
[157,20] 1 [158,24]
[158,24] 1 [159,28]
[159,28] 1 [160,32]
[160,32] 1 [161,34]
[161,34] 1 [162,38]
[162,38] 1 [163,41]
[163,41] 1 [164,43]
[164,43] 1 [165,45]
[165,45] 1 [166,48]
[166,48] 1 [167,50]
[167,50] 1 [168,52]
[168,52] 1 [169,54]
[169,54] 1 [170,57]
[170,57] 1 [171,60]
[171,60] 1 [172,64]
[172,64] 1 [173,68]
[173,68] 1 [174,71]
[174,71] 1 [175,74]
[175,74] 1 [176,76]
[176,76] 1 [177,80]
[177,80] 1 [178,82]
[178,82] 1 [179,84]
[179,84] 1 [180,88]
[180,88] 1 [181,91]
[181,91] 1 [182,94]
[182,94] 1 [183,98]
[183,98] 1 [184,101]
[184,101] 1 [185,105]
[185,105] 1 [186,108]
[186,108] 1 [187,110]
[187,110] 1 [188,114]
[188,114] 1 [189,118]
[189,118] 1 [190,122]
[190,122] 1 [191,124]
[191,124] 1 [192,128]
[192,128] 1 [193,132]
[193,132] 1 [194,136]
[194,136] 1 [195,138]
[195,138] 1 [196,142]
[196,142] 1 [197,146]
[197,146] 1 [198,149]
[198,149] 1 [199,151]
[199,151] 1 [200,153]
[200,153] 1 [201,156]
[201,156] 1 [202,160]
[202,160] 1 [203,162]
[203,162] 1 [204,164]
[204,164] 1 [205,166]
[205,166] 1 [206,169]
[206,169] 1 [207,171]
[207,171] 1 [208,175]
[208,175] 1 [209,177]
[209,177] 1 [210,6]
[210,6] 1 [211,6]
[211,6] 1 [212,6]
[212,6] 1 [213,6]
[213,6] 1 [214,6]
[214,6] 1 [215,6]
[215,6] 1 [216,6]
[216,6] 1 [217,6]
[217,6] 1 [218,6]
[218,6] 1 [219,7]
[219,7] 0 [220,7]
[220,7] 2 [221,6]
[221,6] 1 [222,9]
[222,9] 1 [223,13]
[223,13] 1 [224,15]
[224,15] 2 [225,11]
[225,11] 1 [226,13]
[226,13] 1 [227,17]
[227,17] 1 [228,20]
[228,20] 2 [229,16]
[229,16] 2 [230,12]
[230,12] 1 [231,14]
[231,14] 1 [232,17]
[232,17] 1 [233,20]
[233,20] 1 [234,22]
[234,22] 1 [235,24]
[235,24] 2 [236,20]
[236,20] 1 [237,23]
[237,23] 2 [238,19]
[238,19] 2 [239,16]
[239,16] 1 [240,14]
[240,14] 1 [241,18]
[241,18] 1 [242,20]
[242,20] 1 [243,24]
[243,24] 1 [244,28]
[244,28] 1 [245,30]
[245,30] 1 [246,32]
[246,32] 1 [247,35]
[247,35] 1 [248,37]
[248,37] 1 [249,40]
[249,40] 1 [250,44]
[250,44] 1 [251,46]
[251,46] 1 [252,48]
[252,48] 1 [253,50]
[253,50] 1 [254,52]
[254,52] 1 [255,55]
[255,55] 1 [256,58]
[256,58] 1 [257,62]
[257,62] 1 [258,66]
[258,66] 1 [259,69]
[259,69] 1 [260,73]
[260,73] 1 [261,76]
[261,76] 1 [262,79]
[262,79] 1 [263,83]
[263,83] 1 [264,86]
[264,86] 1 [265,89]
[265,89] 1 [266,92]
[266,92] 1 [267,94]
[267,94] 1 [268,96]
[268,96] 1 [269,98]
[269,98] 1 [270,100]
[270,100] 1 [271,102]
[271,102] 1 [272,106]
[272,106] 1 [273,110]
[273,110] 1 [274,113]
[274,113] 1 [275,115]
[275,115] 1 [276,118]
[276,118] 1 [277,121]
[277,121] 1 [278,125]
[278,125] 1 [279,127]
[279,127] 1 [280,129]
[280,129] 1 [281,131]
[281,131] 1 [282,134]
[282,134] 1 [283,137]
[283,137] 1 [284,140]
[284,140] 1 [285,142]
[285,142] 1 [286,145]
[286,145] 1 [287,149]
[287,149] 1 [288,151]
[288,151] 1 [289,155]
[289,155] 1 [290,158]
[290,158] 1 [291,161]
[291,161] 1 [292,165]
[292,165] 1 [293,167]
[293,167] 1 [294,169]
[294,169] 1 [295,171]
[295,171] 1 [296,175]
[296,175] 1 [297,177]
[297,177] 1 [298,6]
[298,6] 1 [299,6]
[299,6] 1 [300,6]
[300,6] 1 [301,6]
[301,6] 1 [302,6]
[302,6] 1 [303,6]
[303,6] 1 [304,6]
[304,6] 1 [305,6]
[305,6] 1 [306,6]
[306,6] 1 [307,6]
[307,6] 1 [308,7]
[308,7] 1 [309,10]
[309,10] 1 [310,13]
[310,13] 2 [311,9]
[311,9] 2 [312,6]
[312,6] 1 [313,8]
[313,8] 1 [314,10]
[314,10] 1 [315,12]
[315,12] 1 [316,16]
[316,16] 2 [317,12]
[317,12] 2 [318,8]
[318,8] 1 [319,8]
[319,8] 1 [320,10]
[320,10] 1 [321,12]
[321,12] 2 [322,8]
[322,8] 1 [323,11]
[323,11] 1 [324,13]
[324,13] 1 [325,17]
[325,17] 1 [326,20]
[326,20] 1 [327,23]
[327,23] 1 [328,25]
[328,25] 1 [329,27]
[329,27] 1 [330,31]
[330,31] 1 [331,33]
[331,33] 1 [332,37]
[332,37] 1 [333,39]
[333,39] 1 [334,41]
[334,41] 1 [335,43]
[335,43] 1 [336,46]
[336,46] 1 [337,49]
[337,49] 1 [338,53]
[338,53] 1 [339,55]
[339,55] 1 [340,59]
[340,59] 1 [341,61]
[341,61] 1 [342,63]
[342,63] 1 [343,65]
[343,65] 1 [344,69]
[344,69] 1 [345,73]
[345,73] 1 [346,75]
[346,75] 1 [347,77]
[347,77] 1 [348,81]
[348,81] 1 [349,84]
[349,84] 1 [350,88]
[350,88] 1 [351,90]
[351,90] 1 [352,93]
[352,93] 1 [353,95]
[353,95] 1 [354,99]
[354,99] 1 [355,101]
[355,101] 1 [356,105]
[356,105] 1 [357,107]
[357,107] 1 [358,111]
[358,111] 1 [359,115]
[359,115] 1 [360,117]
[360,117] 1 [361,120]
[361,120] 2 [362,116]
[362,116] 2 [363,112]
[363,112] 2 [364,108]
[364,108] 1 [365,110]
[365,110] 1 [366,113]
[366,113] 1 [367,115]
[367,115] 1 [368,117]
[368,117] 1 [369,121]
[369,121] 1 [370,123]
[370,123] 1 [371,126]
[371,126] 1 [372,129]
[372,129] 1 [373,133]
[373,133] 1 [374,135]
[374,135] 1 [375,138]
[375,138] 1 [376,142]
[376,142] 1 [377,146]
[377,146] 1 [378,149]
[378,149] 1 [379,151]
[379,151] 1 [380,155]
[380,155] 1 [381,157]
[381,157] 1 [382,161]
[382,161] 1 [383,163]
[383,163] 1 [384,165]
[384,165] 1 [385,168]
[385,168] 1 [386,170]
[386,170] 1 [387,174]
[387,174] 1 [388,176]
[388,176] 1 [389,6]
[389,6] 1 [390,6]
[390,6] 1 [391,6]
[391,6] 1 [392,6]
[392,6] 1 [393,6]
[393,6] 1 [394,6]
[394,6] 1 [395,6]
[395,6] 1 [396,6]
[396,6] 1 [397,6]
[397,6] 1 [398,6]
[398,6] 1 [399,7]
[399,7] 1 [400,11]
[400,11] 2 [401,11]
[401,11] 2 [402,8]
[402,8] 1 [403,10]
[403,10] 1 [404,13]
[404,13] 2 [405,11]
[405,11] 2 [406,8]
[406,8] 1 [407,6]
[407,6] 1 [408,9]
[408,9] 1 [409,11]
[409,11] 1 [410,14]
[410,14] 1 [411,17]
[411,17] 1 [412,19]
[412,19] 1 [413,21]
[413,21] 2 [414,17]
[414,17] 2 [415,13]
[415,13] 1 [416,13]
[416,13] 1 [417,15]
[417,15] 2 [418,11]
[418,11] 1 [419,12]
[419,12] 1 [420,16]
[420,16] 1 [421,19]
[421,19] 1 [422,22]
[422,22] 1 [423,25]
[423,25] 1 [424,28]
[424,28] 1 [425,32]
[425,32] 1 [426,35]
[426,35] 1 [427,38]
[427,38] 1 [428,41]
[428,41] 1 [429,43]
[429,43] 1 [430,46]
[430,46] 1 [431,48]
[431,48] 1 [432,52]
[432,52] 1 [433,55]
[433,55] 1 [434,58]
[434,58] 1 [435,60]
[435,60] 1 [436,62]
[436,62] 1 [437,65]
[437,65] 1 [438,68]
[438,68] 1 [439,72]
[439,72] 1 [440,76]
[440,76] 1 [441,79]
[441,79] 1 [442,83]
[442,83] 1 [443,87]
[443,87] 1 [444,91]
[444,91] 1 [445,93]
[445,93] 1 [446,95]
[446,95] 1 [447,97]
[447,97] 1 [448,100]
[448,100] 1 [449,103]
[449,103] 1 [450,105]
[450,105] 1 [451,108]
[451,108] 1 [452,112]
[452,112] 1 [453,116]
[453,116] 2 [454,112]
[454,112] 1 [455,112]
[455,112] 1 [456,114]
[456,114] 1 [457,116]
[457,116] 1 [458,120]
[458,120] 1 [459,122]
[459,122] 1 [460,125]
[460,125] 1 [461,127]
[461,127] 1 [462,131]
[462,131] 1 [463,135]
[463,135] 1 [464,139]
[464,139] 1 [465,142]
[465,142] 1 [466,144]
[466,144] 1 [467,146]
[467,146] 1 [468,148]
[468,148] 1 [469,151]
[469,151] 1 [470,155]
[470,155] 1 [471,157]
[471,157] 1 [472,160]
[472,160] 1 [473,162]
[473,162] 1 [474,165]
[474,165] 1 [475,168]
[475,168] 1 [476,172]
[476,172] 1 [477,175]
[477,175] 1 [478,6]
[478,6] 1 [479,6]
[479,6] 1 [480,6]
[480,6] 1 [481,6]
[481,6] 1 [482,6]
[482,6] 1 [483,6]
[483,6] 1 [484,6]
[484,6] 1 [485,6]
[485,6] 1 [486,6]
[486,6] 0 [487,6]
[487,6] 1 [488,10]
[488,10] 1 [489,13]
[489,13] 2 [490,9]
[490,9] 1 [491,8]
[491,8] 1 [492,11]
[492,11] 1 [493,13]
[493,13] 1 [494,16]
[494,16] 1 [495,18]
[495,18] 1 [496,20]
[496,20] 1 [497,23]
[497,23] 1 [498,25]
[498,25] 2 [499,23]
[499,23] 2 [500,20]
[500,20] 1 [501,22]
[501,22] 1 [502,26]
[502,26] 1 [503,29]
[503,29] 1 [504,32]
[504,32] 1 [505,35]
[505,35] 1 [506,38]
[506,38] 1 [507,41]
[507,41] 1 [508,45]
[508,45] 1 [509,47]
[509,47] 1 [510,51]
[510,51] 1 [511,55]
[511,55] 1 [512,57]
[512,57] 1 [513,61]
[513,61] 1 [514,63]
[514,63] 1 [515,65]
[515,65] 1 [516,69]
[516,69] 1 [517,71]
[517,71] 1 [518,73]
[518,73] 1 [519,77]
[519,77] 1 [520,79]
[520,79] 1 [521,82]
[521,82] 1 [522,86]
[522,86] 1 [523,88]
[523,88] 1 [524,91]
[524,91] 1 [525,94]
[525,94] 1 [526,96]
[526,96] 1 [527,99]
[527,99] 1 [528,103]
[528,103] 1 [529,107]
[529,107] 1 [530,109]
[530,109] 1 [531,112]
[531,112] 1 [532,116]
[532,116] 1 [533,119]
[533,119] 1 [534,121]
[534,121] 1 [535,125]
[535,125] 1 [536,129]
[536,129] 1 [537,131]
[537,131] 1 [538,133]
[538,133] 1 [539,136]
[539,136] 1 [540,138]
[540,138] 1 [541,141]
[541,141] 1 [542,143]
[542,143] 1 [543,147]
[543,147] 1 [544,150]
[544,150] 1 [545,152]
[545,152] 1 [546,154]
[546,154] 1 [547,158]
[547,158] 1 [548,162]
[548,162] 1 [549,165]
[549,165] 1 [550,168]
[550,168] 1 [551,171]
[551,171] 1 [552,173]
[552,173] 1 [553,176]
[553,176] 1 [554,6]
[554,6] 1 [555,6]
[555,6] 1 [556,6]
[556,6] 1 [557,6]
[557,6] 1 [558,6]
[558,6] 1 [559,6]
[559,6] 1 [560,6]
[560,6] 1 [561,6]
[561,6] 1 [562,6]
[562,6] 1 [563,6]
[563,6] 1 [564,8]
[564,8] 0 [565,8]
[565,8] 0 [566,8]
[566,8] 1 [567,12]
[567,12] 1 [568,16]
[568,16] 1 [569,18]
[569,18] 1 [570,20]
[570,20] 1 [571,23]
[571,23] 1 [572,25]
[572,25] 1 [573,27]
[573,27] 1 [574,31]
[574,31] 1 [575,35]
[575,35] 1 [576,38]
[576,38] 1 [577,41]
[577,41] 1 [578,44]
[578,44] 1 [579,46]
[579,46] 1 [580,48]
[580,48] 1 [581,50]
[581,50] 1 [582,53]
[582,53] 1 [583,55]
[583,55] 1 [584,58]
[584,58] 1 [585,60]
[585,60] 1 [586,62]
[586,62] 1 [587,66]
[587,66] 1 [588,68]
[588,68] 1 [589,72]
[589,72] 1 [590,76]
[590,76] 1 [591,79]
[591,79] 1 [592,81]
[592,81] 1 [593,84]
[593,84] 1 [594,87]
[594,87] 1 [595,91]
[595,91] 1 [596,94]
[596,94] 1 [597,97]
[597,97] 1 [598,101]
[598,101] 1 [599,104]
[599,104] 1 [600,108]
[600,108] 1 [601,111]
[601,111] 1 [602,115]
[602,115] 1 [603,117]
[603,117] 1 [604,121]
[604,121] 1 [605,123]
[605,123] 1 [606,125]
[606,125] 1 [607,127]
[607,127] 1 [608,131]
[608,131] 1 [609,133]
[609,133] 1 [610,137]
[610,137] 1 [611,140]
[611,140] 1 [612,144]
[612,144] 1 [613,147]
[613,147] 1 [614,151]
[614,151] 1 [615,153]
[615,153] 1 [616,157]
[616,157] 1 [617,160]
[617,160] 1 [618,164]
[618,164] 1 [619,166]
[619,166] 1 [620,169]
[620,169] 1 [621,173]
[621,173] 1 [622,175]
[622,175] 1 [623,6]
[623,6] 1 [624,6]
[624,6] 1 [625,6]
[625,6] 1 [626,6]
[626,6] 1 [627,6]
[627,6] 1 [628,6]
[628,6] 1 [629,6]
[629,6] 1 [630,6]
[630,6] 1 [631,6]
[631,6] 1 [632,6]
[632,6] 1 [633,6]
[633,6] 1 [634,7]
[634,7] 1 [635,9]
[635,9] 1 [636,12]
[636,12] 2 [637,10]
[637,10] 1 [638,14]
[638,14] 2 [639,10]
[639,10] 1 [640,12]
[640,12] 1 [641,14]
[641,14] 1 [642,16]
[642,16] 1 [643,20]
[643,20] 1 [644,23]
[644,23] 1 [645,26]
[645,26] 1 [646,30]
[646,30] 1 [647,33]
[647,33] 1 [648,36]
[648,36] 1 [649,39]
[649,39] 1 [650,43]
[650,43] 1 [651,47]
[651,47] 1 [652,49]
[652,49] 1 [653,53]
[653,53] 1 [654,57]
[654,57] 1 [655,59]
[655,59] 1 [656,61]
[656,61] 1 [657,64]
[657,64] 1 [658,66]
[658,66] 1 [659,70]
[659,70] 1 [660,74]
[660,74] 1 [661,77]
[661,77] 2 [662,74]
[662,74] 1 [663,74]
[663,74] 1 [664,77]
[664,77] 1 [665,80]
[665,80] 1 [666,82]
[666,82] 1 [667,84]
[667,84] 1 [668,86]
[668,86] 1 [669,88]
[669,88] 1 [670,92]
[670,92] 1 [671,95]
[671,95] 1 [672,99]
[672,99] 1 [673,101]
[673,101] 1 [674,105]
[674,105] 1 [675,109]
[675,109] 1 [676,113]
[676,113] 1 [677,116]
[677,116] 1 [678,120]
[678,120] 1 [679,122]
[679,122] 1 [680,125]
[680,125] 1 [681,128]
[681,128] 1 [682,131]
[682,131] 1 [683,134]
[683,134] 1 [684,137]
[684,137] 1 [685,141]
[685,141] 1 [686,143]
[686,143] 1 [687,145]
[687,145] 1 [688,149]
[688,149] 1 [689,151]
[689,151] 1 [690,154]
[690,154] 1 [691,156]
[691,156] 1 [692,158]
[692,158] 1 [693,162]
[693,162] 1 [694,166]
[694,166] 1 [695,170]
[695,170] 1 [696,172]
[696,172] 1 [697,176]
[697,176] 1 [698,6]
[698,6] 1 [699,6]
[699,6] 1 [700,6]
[700,6] 1 [701,6]
[701,6] 1 [702,6]
[702,6] 1 [703,6]
[703,6] 1 [704,6]
[704,6] 1 [705,6]
[705,6] 1 [706,6]
[706,6] 1 [707,8]
[707,8] 0 [708,8]
[708,8] 2 [709,6]
[709,6] 1 [710,8]
[710,8] 1 [711,10]
[711,10] 1 [712,14]
[712,14] 1 [713,16]
[713,16] 1 [714,19]
[714,19] 1 [715,23]
[715,23] 1 [716,26]
[716,26] 1 [717,28]
[717,28] 1 [718,30]
[718,30] 1 [719,33]
[719,33] 1 [720,35]
[720,35] 1 [721,37]
[721,37] 1 [722,39]
[722,39] 1 [723,41]
[723,41] 1 [724,43]
[724,43] 1 [725,46]
[725,46] 1 [726,49]
[726,49] 1 [727,51]
[727,51] 1 [728,53]
[728,53] 1 [729,55]
[729,55] 1 [730,57]
[730,57] 1 [731,60]
[731,60] 1 [732,62]
[732,62] 1 [733,64]
[733,64] 1 [734,68]
[734,68] 1 [735,70]
[735,70] 1 [736,74]
[736,74] 1 [737,77]
[737,77] 1 [738,79]
[738,79] 1 [739,81]
[739,81] 1 [740,85]
[740,85] 1 [741,88]
[741,88] 1 [742,91]
[742,91] 1 [743,95]
[743,95] 1 [744,98]
[744,98] 1 [745,101]
[745,101] 1 [746,105]
[746,105] 1 [747,107]
[747,107] 1 [748,110]
[748,110] 1 [749,114]
[749,114] 1 [750,117]
[750,117] 1 [751,121]
[751,121] 1 [752,123]
[752,123] 1 [753,125]
[753,125] 1 [754,128]
[754,128] 1 [755,132]
[755,132] 1 [756,134]
[756,134] 1 [757,137]
[757,137] 1 [758,139]
[758,139] 1 [759,143]
[759,143] 1 [760,146]
[760,146] 1 [761,150]
[761,150] 1 [762,152]
[762,152] 1 [763,154]
[763,154] 1 [764,156]
[764,156] 1 [765,158]
[765,158] 1 [766,162]
[766,162] 1 [767,164]
[767,164] 1 [768,168]
[768,168] 1 [769,170]
[769,170] 1 [770,172]
[770,172] 1 [771,175]
[771,175] 1 [772,177]
[772,177] 1 [773,6]
[773,6] 1 [774,6]
[774,6] 1 [775,6]
[775,6] 1 [776,6]
[776,6] 1 [777,6]
[777,6] 1 [778,6]
[778,6] 1 [779,6]
[779,6] 1 [780,6]
[780,6] 1 [781,6]
[781,6] 1 [782,6]
[782,6] 1 [783,6]
[783,6] 1 [784,9]
[784,9] 1 [785,13]
[785,13] 1 [786,15]
[786,15] 1 [787,17]
[787,17] 1 [788,21]
[788,21] 1 [789,25]
[789,25] 1 [790,29]
[790,29] 1 [791,32]
[791,32] 1 [792,36]
[792,36] 1 [793,40]
[793,40] 1 [794,44]
[794,44] 1 [795,47]
[795,47] 1 [796,49]
[796,49] 1 [797,52]
[797,52] 1 [798,54]
[798,54] 1 [799,58]
[799,58] 1 [800,61]
[800,61] 1 [801,65]
[801,65] 1 [802,68]
[802,68] 1 [803,71]
[803,71] 1 [804,75]
[804,75] 1 [805,79]
[805,79] 1 [806,83]
[806,83] 1 [807,87]
[807,87] 1 [808,89]
[808,89] 1 [809,91]
[809,91] 1 [810,94]
[810,94] 1 [811,96]
[811,96] 1 [812,98]
[812,98] 1 [813,101]
[813,101] 1 [814,104]
[814,104] 1 [815,106]
[815,106] 1 [816,108]
[816,108] 1 [817,111]
[817,111] 1 [818,113]
[818,113] 1 [819,117]
[819,117] 1 [820,120]
[820,120] 1 [821,122]
[821,122] 1 [822,126]
[822,126] 1 [823,128]
[823,128] 1 [824,132]
[824,132] 1 [825,134]
[825,134] 1 [826,137]
[826,137] 1 [827,140]
[827,140] 1 [828,143]
[828,143] 1 [829,145]
[829,145] 1 [830,149]
[830,149] 1 [831,153]
[831,153] 1 [832,157]
[832,157] 1 [833,160]
[833,160] 1 [834,164]
[834,164] 1 [835,166]
[835,166] 1 [836,168]
[836,168] 1 [837,172]
[837,172] 1 [838,176]
[838,176] 1 [839,6]
[839,6] 1 [840,6]
[840,6] 1 [841,6]
[841,6] 1 [842,6]
[842,6] 1 [843,6]
[843,6] 1 [844,6]
[844,6] 1 [845,6]
[845,6] 1 [846,6]
[846,6] 1 [847,6]
[847,6] 1 [848,6]
[848,6] 1 [849,7]
[849,7] 1 [850,10]
[850,10] 0 [851,10]
[851,10] 1 [852,12]
[852,12] 1 [853,14]
[853,14] 2 [854,10]
[854,10] 1 [855,10]
[855,10] 1 [856,12]
[856,12] 1 [857,15]
[857,15] 2 [858,11]
[858,11] 1 [859,13]
[859,13] 1 [860,17]
[860,17] 1 [861,20]
[861,20] 2 [862,16]
[862,16] 1 [863,19]
[863,19] 1 [864,23]
[864,23] 1 [865,27]
[865,27] 1 [866,30]
[866,30] 1 [867,34]
[867,34] 1 [868,37]
[868,37] 1 [869,40]
[869,40] 1 [870,43]
[870,43] 1 [871,45]
[871,45] 1 [872,48]
[872,48] 1 [873,50]
[873,50] 1 [874,52]
[874,52] 1 [875,54]
[875,54] 1 [876,58]
[876,58] 1 [877,62]
[877,62] 1 [878,64]
[878,64] 1 [879,66]
[879,66] 1 [880,70]
[880,70] 1 [881,73]
[881,73] 1 [882,76]
[882,76] 1 [883,80]
[883,80] 1 [884,82]
[884,82] 1 [885,86]
[885,86] 1 [886,89]
[886,89] 1 [887,93]
[887,93] 1 [888,97]
[888,97] 1 [889,101]
[889,101] 1 [890,103]
[890,103] 1 [891,105]
[891,105] 1 [892,107]
[892,107] 1 [893,111]
[893,111] 1 [894,115]
[894,115] 1 [895,117]
[895,117] 1 [896,120]
[896,120] 1 [897,123]
[897,123] 1 [898,127]
[898,127] 1 [899,131]
[899,131] 1 [900,133]
[900,133] 1 [901,136]
[901,136] 1 [902,140]
[902,140] 1 [903,143]
[903,143] 1 [904,145]
[904,145] 1 [905,147]
[905,147] 1 [906,149]
[906,149] 1 [907,151]
[907,151] 1 [908,154]
[908,154] 1 [909,156]
[909,156] 1 [910,160]
[910,160] 1 [911,163]
[911,163] 1 [912,165]
[912,165] 1 [913,167]
[913,167] 1 [914,170]
[914,170] 1 [915,173]
[915,173] 1 [916,176]
[916,176] 1 [917,6]
[917,6] 1 [918,6]
[918,6] 1 [919,6]
[919,6] 1 [920,6]
[920,6] 1 [921,6]
[921,6] 1 [922,6]
[922,6] 1 [923,6]
[923,6] 1 [924,6]
[924,6] 1 [925,6]
[925,6] 1 [926,6]
[926,6] 1 [927,8]
[927,8] 0 [928,8]
[928,8] 1 [929,12]
[929,12] 2 [930,8]
[930,8] 1 [931,10]
[931,10] 1 [932,13]
[932,13] 1 [933,16]
[933,16] 1 [934,18]
[934,18] 1 [935,22]
[935,22] 1 [936,25]
[936,25] 1 [937,27]
[937,27] 1 [938,30]
[938,30] 1 [939,32]
[939,32] 1 [940,36]
[940,36] 1 [941,39]
[941,39] 1 [942,42]
[942,42] 1 [943,44]
[943,44] 1 [944,47]
[944,47] 1 [945,49]
[945,49] 1 [946,51]
[946,51] 1 [947,53]
[947,53] 1 [948,55]
[948,55] 1 [949,58]
[949,58] 1 [950,62]
[950,62] 1 [951,64]
[951,64] 1 [952,68]
[952,68] 1 [953,70]
[953,70] 1 [954,73]
[954,73] 1 [955,77]
[955,77] 1 [956,80]
[956,80] 1 [957,82]
[957,82] 1 [958,85]
[958,85] 1 [959,88]
[959,88] 1 [960,91]
[960,91] 1 [961,95]
[961,95] 1 [962,99]
[962,99] 1 [963,102]
[963,102] 1 [964,106]
[964,106] 1 [965,108]
[965,108] 1 [966,112]
[966,112] 1 [967,115]
[967,115] 1 [968,118]
[968,118] 1 [969,121]
[969,121] 1 [970,124]
[970,124] 1 [971,128]
[971,128] 1 [972,132]
[972,132] 1 [973,134]
[973,134] 1 [974,136]
[974,136] 1 [975,139]
[975,139] 1 [976,142]
[976,142] 1 [977,144]
[977,144] 1 [978,146]
[978,146] 1 [979,149]
[979,149] 1 [980,153]
[980,153] 1 [981,157]
[981,157] 1 [982,159]
[982,159] 1 [983,163]
[983,163] 1 [984,167]
[984,167] 1 [985,170]
[985,170] 1 [986,174]
[986,174] 1 [987,177]
[987,177] 1 [988,6]
[988,6] 1 [989,6]
[989,6] 1 [990,6]
[990,6] 1 [991,6]
[991,6] 1 [992,6]
[992,6] 1 [993,6]
[993,6] 1 [994,6]
[994,6] 1 [995,6]
[995,6] 1 [996,6]
[996,6] 1 [997,8]
[997,8] 0 [998,8]
[998,8] 2 [999,6]
[999,6] 1 [1000,8]
[1000,8] 1 [1001,11]
[1001,11] 2 [1002,8]
[1002,8] 1 [1003,9]
[1003,9] 1 [1004,11]
[1004,11] 2 [1005,9]
[1005,9] 1 [1006,11]
[1006,11] 1 [1007,14]
[1007,14] 1 [1008,17]
[1008,17] 1 [1009,19]
[1009,19] 2 [1010,15]
[1010,15] 2 [1011,12]
[1011,12] 1 [1012,13]
[1012,13] 1 [1013,17]
[1013,17] 2 [1014,13]
[1014,13] 1 [1015,13]
[1015,13] 2 [1016,9]
[1016,9] 1 [1017,10]
[1017,10] 1 [1018,13]
[1018,13] 2 [1019,10]
[1019,10] 1 [1020,12]
[1020,12] 1 [1021,16]
[1021,16] 1 [1022,19]
[1022,19] 1 [1023,22]
[1023,22] 1 [1024,25]
[1024,25] 1 [1025,29]
[1025,29] 1 [1026,32]
[1026,32] 1 [1027,35]
[1027,35] 1 [1028,38]
[1028,38] 1 [1029,40]
[1029,40] 1 [1030,42]
[1030,42] 1 [1031,44]
[1031,44] 1 [1032,47]
[1032,47] 1 [1033,51]
[1033,51] 1 [1034,55]
[1034,55] 1 [1035,57]
[1035,57] 1 [1036,61]
[1036,61] 1 [1037,64]
[1037,64] 1 [1038,67]
[1038,67] 1 [1039,71]
[1039,71] 1 [1040,75]
[1040,75] 0 [1041,76]
[1041,76] 1 [1042,79]
[1042,79] 1 [1043,83]
[1043,83] 1 [1044,85]
[1044,85] 1 [1045,87]
[1045,87] 1 [1046,90]
[1046,90] 1 [1047,94]
[1047,94] 1 [1048,96]
[1048,96] 1 [1049,100]
[1049,100] 1 [1050,104]
[1050,104] 1 [1051,107]
[1051,107] 1 [1052,109]
[1052,109] 1 [1053,112]
[1053,112] 1 [1054,116]
[1054,116] 1 [1055,118]
[1055,118] 1 [1056,122]
[1056,122] 1 [1057,124]
[1057,124] 1 [1058,127]
[1058,127] 1 [1059,129]
[1059,129] 1 [1060,131]
[1060,131] 1 [1061,133]
[1061,133] 1 [1062,135]
[1062,135] 1 [1063,137]
[1063,137] 1 [1064,141]
[1064,141] 1 [1065,143]
[1065,143] 1 [1066,146]
[1066,146] 1 [1067,149]
[1067,149] 1 [1068,151]
[1068,151] 1 [1069,155]
[1069,155] 1 [1070,159]
[1070,159] 1 [1071,161]
[1071,161] 1 [1072,164]
[1072,164] 1 [1073,167]
[1073,167] 1 [1074,169]
[1074,169] 1 [1075,171]
[1075,171] 1 [1076,175]
[1076,175] 1 [1077,6]
[1077,6] 1 [1078,6]
[1078,6] 1 [1079,6]
[1079,6] 1 [1080,6]
[1080,6] 1 [1081,6]
[1081,6] 1 [1082,6]
[1082,6] 1 [1083,6]
[1083,6] 1 [1084,6]
[1084,6] 1 [1085,6]
[1085,6] 1 [1086,6]
[1086,6] 1 [1087,10]
[1087,10] 1 [1088,12]
[1088,12] 1 [1089,16]
[1089,16] 1 [1090,20]
[1090,20] 0 [1091,21]
[1091,21] 2 [1092,18]
[1092,18] 1 [1093,20]
[1093,20] 2 [1094,16]
[1094,16] 2 [1095,12]
[1095,12] 1 [1096,15]
[1096,15] 1 [1097,17]
[1097,17] 1 [1098,20]
[1098,20] 1 [1099,22]
[1099,22] 1 [1100,26]
[1100,26] 1 [1101,29]
[1101,29] 1 [1102,32]
[1102,32] 1 [1103,34]
[1103,34] 1 [1104,38]
[1104,38] 1 [1105,40]
[1105,40] 1 [1106,42]
[1106,42] 1 [1107,44]
[1107,44] 1 [1108,47]
[1108,47] 1 [1109,50]
[1109,50] 1 [1110,54]
[1110,54] 1 [1111,57]
[1111,57] 1 [1112,60]
[1112,60] 1 [1113,62]
[1113,62] 1 [1114,64]
[1114,64] 1 [1115,68]
[1115,68] 1 [1116,72]
[1116,72] 1 [1117,74]
[1117,74] 1 [1118,77]
[1118,77] 1 [1119,79]
[1119,79] 1 [1120,82]
[1120,82] 1 [1121,84]
[1121,84] 1 [1122,88]
[1122,88] 1 [1123,90]
[1123,90] 1 [1124,93]
[1124,93] 1 [1125,96]
[1125,96] 1 [1126,100]
[1126,100] 1 [1127,104]
[1127,104] 1 [1128,108]
[1128,108] 1 [1129,110]
[1129,110] 1 [1130,114]
[1130,114] 1 [1131,117]
[1131,117] 1 [1132,120]
[1132,120] 1 [1133,123]
[1133,123] 1 [1134,125]
[1134,125] 1 [1135,127]
[1135,127] 1 [1136,129]
[1136,129] 1 [1137,131]
[1137,131] 1 [1138,133]
[1138,133] 1 [1139,135]
[1139,135] 1 [1140,138]
[1140,138] 1 [1141,141]
[1141,141] 1 [1142,144]
[1142,144] 1 [1143,146]
[1143,146] 1 [1144,148]
[1144,148] 1 [1145,152]
[1145,152] 1 [1146,154]
[1146,154] 1 [1147,156]
[1147,156] 1 [1148,158]
[1148,158] 1 [1149,162]
[1149,162] 1 [1150,165]
[1150,165] 1 [1151,167]
[1151,167] 1 [1152,171]
[1152,171] 1 [1153,173]
[1153,173] 1 [1154,177]
[1154,177] 1 [1155,6]
[1155,6] 1 [1156,6]
[1156,6] 1 [1157,6]
[1157,6] 1 [1158,6]
[1158,6] 1 [1159,6]
[1159,6] 1 [1160,6]
[1160,6] 1 [1161,6]
[1161,6] 1 [1162,6]
[1162,6] 1 [1163,6]
[1163,6] 0 [1164,6]
[1164,6] 1 [1165,8]
[1165,8] 1 [1166,12]
[1166,12] 2 [1167,8]
[1167,8] 2 [1168,6]
[1168,6] 1 [1169,9]
[1169,9] 1 [1170,11]
[1170,11] 1 [1171,15]
[1171,15] 2 [1172,12]
[1172,12] 1 [1173,13]
[1173,13] 2 [1174,9]
[1174,9] 1 [1175,7]
[1175,7] 1 [1176,8]
[1176,8] 1 [1177,12]
[1177,12] 2 [1178,9]
[1178,9] 2 [1179,6]
[1179,6] 1 [1180,8]
[1180,8] 1 [1181,11]
[1181,11] 2 [1182,7]
[1182,7] 1 [1183,10]
[1183,10] 1 [1184,14]
[1184,14] 1 [1185,17]
[1185,17] 1 [1186,19]
[1186,19] 2 [1187,15]
[1187,15] 2 [1188,11]
[1188,11] 1 [1189,14]
[1189,14] 1 [1190,16]
[1190,16] 1 [1191,20]
[1191,20] 1 [1192,23]
[1192,23] 1 [1193,25]
[1193,25] 1 [1194,27]
[1194,27] 1 [1195,29]
[1195,29] 1 [1196,33]
[1196,33] 1 [1197,37]
[1197,37] 1 [1198,40]
[1198,40] 1 [1199,42]
[1199,42] 1 [1200,44]
[1200,44] 1 [1201,48]
[1201,48] 1 [1202,51]
[1202,51] 1 [1203,55]
[1203,55] 1 [1204,57]
[1204,57] 1 [1205,60]
[1205,60] 1 [1206,63]
[1206,63] 1 [1207,65]
[1207,65] 1 [1208,68]
[1208,68] 1 [1209,70]
[1209,70] 1 [1210,72]
[1210,72] 1 [1211,76]
[1211,76] 1 [1212,79]
[1212,79] 1 [1213,82]
[1213,82] 1 [1214,84]
[1214,84] 1 [1215,87]
[1215,87] 1 [1216,90]
[1216,90] 1 [1217,92]
[1217,92] 1 [1218,96]
[1218,96] 1 [1219,98]
[1219,98] 1 [1220,101]
[1220,101] 1 [1221,103]
[1221,103] 1 [1222,106]
[1222,106] 1 [1223,109]
[1223,109] 1 [1224,113]
[1224,113] 1 [1225,116]
[1225,116] 2 [1226,112]
[1226,112] 2 [1227,108]
[1227,108] 2 [1228,105]
[1228,105] 1 [1229,107]
[1229,107] 1 [1230,109]
[1230,109] 1 [1231,112]
[1231,112] 1 [1232,116]
[1232,116] 1 [1233,119]
[1233,119] 1 [1234,122]
[1234,122] 1 [1235,126]
[1235,126] 1 [1236,128]
[1236,128] 1 [1237,131]
[1237,131] 1 [1238,134]
[1238,134] 1 [1239,136]
[1239,136] 1 [1240,138]
[1240,138] 1 [1241,140]
[1241,140] 1 [1242,143]
[1242,143] 1 [1243,147]
[1243,147] 1 [1244,150]
[1244,150] 1 [1245,153]
[1245,153] 1 [1246,157]
[1246,157] 1 [1247,161]
[1247,161] 1 [1248,165]
[1248,165] 1 [1249,169]
[1249,169] 1 [1250,171]
[1250,171] 1 [1251,175]
[1251,175] 1 [1252,6]
[1252,6] 1 [1253,6]
[1253,6] 1 [1254,6]
[1254,6] 1 [1255,6]
[1255,6] 1 [1256,6]
[1256,6] 1 [1257,6]
[1257,6] 1 [1258,6]
[1258,6] 1 [1259,6]
[1259,6] 1 [1260,6]
[1260,6] 1 [1261,9]
[1261,9] 0 [1262,9]
[1262,9] 1 [1263,12]
[1263,12] 1 [1264,15]
[1264,15] 1 [1265,19]
[1265,19] 1 [1266,21]
[1266,21] 1 [1267,25]
[1267,25] 1 [1268,27]
[1268,27] 1 [1269,31]
[1269,31] 1 [1270,35]
[1270,35] 1 [1271,38]
[1271,38] 1 [1272,41]
[1272,41] 1 [1273,45]
[1273,45] 1 [1274,48]
[1274,48] 1 [1275,51]
[1275,51] 1 [1276,54]
[1276,54] 1 [1277,58]
[1277,58] 1 [1278,62]
[1278,62] 1 [1279,65]
[1279,65] 1 [1280,68]
[1280,68] 1 [1281,72]
[1281,72] 1 [1282,74]
[1282,74] 1 [1283,77]
[1283,77] 1 [1284,79]
[1284,79] 1 [1285,82]
[1285,82] 1 [1286,85]
[1286,85] 1 [1287,88]
[1287,88] 1 [1288,90]
[1288,90] 1 [1289,92]
[1289,92] 1 [1290,94]
[1290,94] 1 [1291,97]
[1291,97] 1 [1292,99]
[1292,99] 1 [1293,101]
[1293,101] 1 [1294,104]
[1294,104] 1 [1295,108]
[1295,108] 1 [1296,110]
[1296,110] 1 [1297,112]
[1297,112] 1 [1298,116]
[1298,116] 1 [1299,119]
[1299,119] 1 [1300,123]
[1300,123] 1 [1301,127]
[1301,127] 1 [1302,129]
[1302,129] 1 [1303,133]
[1303,133] 1 [1304,135]
[1304,135] 1 [1305,137]
[1305,137] 1 [1306,139]
[1306,139] 1 [1307,142]
[1307,142] 1 [1308,145]
[1308,145] 1 [1309,148]
[1309,148] 1 [1310,150]
[1310,150] 1 [1311,152]
[1311,152] 1 [1312,156]
[1312,156] 1 [1313,159]
[1313,159] 1 [1314,163]
[1314,163] 1 [1315,166]
[1315,166] 1 [1316,168]
[1316,168] 1 [1317,172]
[1317,172] 1 [1318,176]
[1318,176] 1 [1319,6]
[1319,6] 1 [1320,6]
[1320,6] 1 [1321,6]
[1321,6] 1 [1322,6]
[1322,6] 1 [1323,6]
[1323,6] 1 [1324,6]
[1324,6] 1 [1325,6]
[1325,6] 1 [1326,6]
[1326,6] 1 [1327,6]
[1327,6] 1 [1328,6]
[1328,6] 1 [1329,8]
[1329,8] 1 [1330,10]
[1330,10] 1 [1331,12]
[1331,12] 1 [1332,15]
[1332,15] 1 [1333,18]
[1333,18] 1 [1334,21]
[1334,21] 1 [1335,23]
[1335,23] 2 [1336,20]
[1336,20] 1 [1337,24]
[1337,24] 2 [1338,20]
[1338,20] 1 [1339,22]
[1339,22] 1 [1340,25]
[1340,25] 1 [1341,29]
[1341,29] 1 [1342,31]
[1342,31] 1 [1343,35]
[1343,35] 1 [1344,38]
[1344,38] 1 [1345,40]
[1345,40] 1 [1346,43]
[1346,43] 1 [1347,47]
[1347,47] 1 [1348,49]
[1348,49] 2 [1349,46]
[1349,46] 1 [1350,48]
[1350,48] 2 [1351,45]
[1351,45] 1 [1352,47]
[1352,47] 1 [1353,50]
[1353,50] 1 [1354,54]
[1354,54] 2 [1355,50]
[1355,50] 1 [1356,52]
[1356,52] 1 [1357,55]
[1357,55] 1 [1358,57]
[1358,57] 1 [1359,59]
[1359,59] 1 [1360,62]
[1360,62] 1 [1361,64]
[1361,64] 1 [1362,66]
[1362,66] 1 [1363,69]
[1363,69] 1 [1364,72]
[1364,72] 1 [1365,74]
[1365,74] 1 [1366,76]
[1366,76] 1 [1367,79]
[1367,79] 1 [1368,83]
[1368,83] 1 [1369,87]
[1369,87] 1 [1370,90]
[1370,90] 1 [1371,94]
[1371,94] 1 [1372,96]
[1372,96] 1 [1373,100]
[1373,100] 1 [1374,103]
[1374,103] 1 [1375,107]
[1375,107] 1 [1376,111]
[1376,111] 1 [1377,115]
[1377,115] 1 [1378,119]
[1378,119] 1 [1379,123]
[1379,123] 1 [1380,125]
[1380,125] 1 [1381,128]
[1381,128] 1 [1382,131]
[1382,131] 1 [1383,134]
[1383,134] 1 [1384,137]
[1384,137] 1 [1385,140]
[1385,140] 1 [1386,143]
[1386,143] 1 [1387,145]
[1387,145] 1 [1388,147]
[1388,147] 1 [1389,149]
[1389,149] 1 [1390,152]
[1390,152] 1 [1391,154]
[1391,154] 1 [1392,157]
[1392,157] 1 [1393,159]
[1393,159] 1 [1394,162]
[1394,162] 1 [1395,166]
[1395,166] 1 [1396,169]
[1396,169] 1 [1397,171]
[1397,171] 1 [1398,174]
[1398,174] 1 [1399,176]
[1399,176] 1 [1400,6]
[1400,6] 1 [1401,6]
[1401,6] 1 [1402,6]
[1402,6] 1 [1403,6]
[1403,6] 1 [1404,6]
[1404,6] 1 [1405,6]
[1405,6] 1 [1406,6]
[1406,6] 1 [1407,6]
[1407,6] 1 [1408,6]
[1408,6] 1 [1409,6]
[1409,6] 1 [1410,8]
[1410,8] 1 [1411,10]
[1411,10] 2 [1412,7]
[1412,7] 1 [1413,7]
[1413,7] 1 [1414,9]
[1414,9] 1 [1415,12]
[1415,12] 2 [1416,10]
[1416,10] 1 [1417,11]
[1417,11] 2 [1418,9]
[1418,9] 1 [1419,13]
[1419,13] 2 [1420,9]
[1420,9] 1 [1421,12]
[1421,12] 2 [1422,9]
[1422,9] 1 [1423,11]
[1423,11] 2 [1424,8]
[1424,8] 1 [1425,8]
[1425,8] 2 [1426,7]
[1426,7] 1 [1427,11]
[1427,11] 0 [1428,11]
[1428,11] 2 [1429,9]
[1429,9] 2 [1430,6]
[1430,6] 1 [1431,9]
[1431,9] 1 [1432,11]
[1432,11] 2 [1433,9]
[1433,9] 1 [1434,11]
[1434,11] 2 [1435,7]
[1435,7] 1 [1436,8]
[1436,8] 1 [1437,12]
[1437,12] 1 [1438,15]
[1438,15] 1 [1439,19]
[1439,19] 1 [1440,22]
[1440,22] 1 [1441,26]
[1441,26] 1 [1442,28]
[1442,28] 1 [1443,32]
[1443,32] 1 [1444,35]
[1444,35] 1 [1445,39]
[1445,39] 1 [1446,42]
[1446,42] 1 [1447,46]
[1447,46] 1 [1448,50]
[1448,50] 1 [1449,53]
[1449,53] 0 [1450,54]
[1450,54] 1 [1451,57]
[1451,57] 1 [1452,61]
[1452,61] 1 [1453,63]
[1453,63] 1 [1454,67]
[1454,67] 1 [1455,70]
[1455,70] 1 [1456,73]
[1456,73] 1 [1457,75]
[1457,75] 1 [1458,78]
[1458,78] 1 [1459,81]
[1459,81] 1 [1460,84]
[1460,84] 1 [1461,86]
[1461,86] 1 [1462,88]
[1462,88] 1 [1463,92]
[1463,92] 1 [1464,95]
[1464,95] 1 [1465,99]
[1465,99] 1 [1466,101]
[1466,101] 1 [1467,105]
[1467,105] 1 [1468,108]
[1468,108] 1 [1469,110]
[1469,110] 1 [1470,113]
[1470,113] 1 [1471,117]
[1471,117] 1 [1472,120]
[1472,120] 1 [1473,123]
[1473,123] 1 [1474,125]
[1474,125] 1 [1475,129]
[1475,129] 1 [1476,133]
[1476,133] 1 [1477,135]
[1477,135] 1 [1478,138]
[1478,138] 1 [1479,140]
[1479,140] 1 [1480,144]
[1480,144] 1 [1481,147]
[1481,147] 1 [1482,149]
[1482,149] 1 [1483,152]
[1483,152] 1 [1484,156]
[1484,156] 1 [1485,158]
[1485,158] 1 [1486,161]
[1486,161] 1 [1487,163]
[1487,163] 1 [1488,165]
[1488,165] 1 [1489,169]
[1489,169] 1 [1490,171]
[1490,171] 1 [1491,173]
[1491,173] 1 [1492,177]
[1492,177] 1 [1493,6]
[1493,6] 1 [1494,6]
[1494,6] 1 [1495,6]
[1495,6] 1 [1496,6]
[1496,6] 1 [1497,6]
[1497,6] 1 [1498,6]
[1498,6] 1 [1499,6]
[1499,6] 1 [1500,6]
[1500,6] 1 [1501,6]
[1501,6] 1 [1502,7]
[1502,7] 1 [1503,10]
[1503,10] 0 [1504,11]
[1504,11] 1 [1505,14]
[1505,14] 1 [1506,17]
[1506,17] 1 [1507,20]
[1507,20] 1 [1508,23]
[1508,23] 1 [1509,27]
[1509,27] 1 [1510,29]
[1510,29] 1 [1511,33]
[1511,33] 1 [1512,36]
[1512,36] 1 [1513,40]
[1513,40] 1 [1514,43]
[1514,43] 1 [1515,46]
[1515,46] 1 [1516,48]
[1516,48] 1 [1517,51]
[1517,51] 1 [1518,53]
[1518,53] 1 [1519,55]
[1519,55] 1 [1520,59]
[1520,59] 1 [1521,61]
[1521,61] 1 [1522,63]
[1522,63] 1 [1523,66]
[1523,66] 1 [1524,70]
[1524,70] 1 [1525,74]
[1525,74] 1 [1526,76]
[1526,76] 1 [1527,79]
[1527,79] 1 [1528,82]
[1528,82] 1 [1529,86]
[1529,86] 1 [1530,88]
[1530,88] 1 [1531,91]
[1531,91] 1 [1532,93]
[1532,93] 1 [1533,95]
[1533,95] 1 [1534,99]
[1534,99] 1 [1535,103]
[1535,103] 1 [1536,106]
[1536,106] 1 [1537,108]
[1537,108] 1 [1538,112]
[1538,112] 1 [1539,114]
[1539,114] 1 [1540,117]
[1540,117] 1 [1541,121]
[1541,121] 1 [1542,125]
[1542,125] 1 [1543,128]
[1543,128] 1 [1544,132]
[1544,132] 1 [1545,136]
[1545,136] 1 [1546,139]
[1546,139] 1 [1547,142]
[1547,142] 1 [1548,144]
[1548,144] 1 [1549,147]
[1549,147] 1 [1550,149]
[1550,149] 1 [1551,153]
[1551,153] 1 [1552,155]
[1552,155] 1 [1553,157]
[1553,157] 1 [1554,159]
[1554,159] 1 [1555,161]
[1555,161] 1 [1556,164]
[1556,164] 1 [1557,168]
[1557,168] 1 [1558,170]
[1558,170] 1 [1559,173]
[1559,173] 1 [1560,176]
[1560,176] 1 [1561,6]
[1561,6] 1 [1562,6]
[1562,6] 1 [1563,6]
[1563,6] 1 [1564,6]
[1564,6] 1 [1565,6]
[1565,6] 1 [1566,6]
[1566,6] 1 [1567,6]
[1567,6] 1 [1568,6]
[1568,6] 1 [1569,6]
[1569,6] 1 [1570,8]
[1570,8] 1 [1571,10]
[1571,10] 1 [1572,14]
[1572,14] 2 [1573,11]
[1573,11] 1 [1574,15]
[1574,15] 1 [1575,19]
[1575,19] 1 [1576,22]
[1576,22] 1 [1577,26]
[1577,26] 1 [1578,29]
[1578,29] 1 [1579,33]
[1579,33] 0 [1580,33]
[1580,33] 1 [1581,36]
[1581,36] 1 [1582,39]
[1582,39] 1 [1583,43]
[1583,43] 1 [1584,45]
[1584,45] 1 [1585,48]
[1585,48] 1 [1586,51]
[1586,51] 1 [1587,54]
[1587,54] 1 [1588,57]
[1588,57] 1 [1589,59]
[1589,59] 1 [1590,61]
[1590,61] 1 [1591,63]
[1591,63] 1 [1592,67]
[1592,67] 1 [1593,70]
[1593,70] 1 [1594,72]
[1594,72] 1 [1595,75]
[1595,75] 1 [1596,79]
[1596,79] 1 [1597,83]
[1597,83] 1 [1598,86]
[1598,86] 1 [1599,88]
[1599,88] 1 [1600,92]
[1600,92] 1 [1601,95]
[1601,95] 1 [1602,99]
[1602,99] 1 [1603,103]
[1603,103] 1 [1604,105]
[1604,105] 1 [1605,107]
[1605,107] 1 [1606,111]
[1606,111] 1 [1607,115]
[1607,115] 1 [1608,117]
[1608,117] 1 [1609,121]
[1609,121] 1 [1610,123]
[1610,123] 1 [1611,127]
[1611,127] 1 [1612,130]
[1612,130] 1 [1613,134]
[1613,134] 1 [1614,136]
[1614,136] 1 [1615,139]
[1615,139] 1 [1616,141]
[1616,141] 1 [1617,145]
[1617,145] 1 [1618,148]
[1618,148] 1 [1619,151]
[1619,151] 1 [1620,153]
[1620,153] 1 [1621,156]
[1621,156] 1 [1622,159]
[1622,159] 1 [1623,163]
[1623,163] 1 [1624,165]
[1624,165] 1 [1625,167]
[1625,167] 1 [1626,169]
[1626,169] 1 [1627,173]
[1627,173] 1 [1628,175]
[1628,175] 1 [1629,6]
[1629,6] 1 [1630,6]
[1630,6] 1 [1631,6]
[1631,6] 1 [1632,6]
[1632,6] 1 [1633,6]
[1633,6] 1 [1634,6]
[1634,6] 1 [1635,6]
[1635,6] 1 [1636,6]
[1636,6] 1 [1637,6]
[1637,6] 1 [1638,6]
[1638,6] 1 [1639,6]
[1639,6] 1 [1640,9]
[1640,9] 1 [1641,11]
[1641,11] 1 [1642,13]
[1642,13] 0 [1643,13]
[1643,13] 1 [1644,17]
[1644,17] 2 [1645,15]
[1645,15] 2 [1646,11]
[1646,11] 1 [1647,14]
[1647,14] 1 [1648,18]
[1648,18] 1 [1649,20]
[1649,20] 2 [1650,18]
[1650,18] 2 [1651,14]
[1651,14] 1 [1652,11]
[1652,11] 2 [1653,7]
[1653,7] 1 [1654,9]
[1654,9] 1 [1655,12]
[1655,12] 1 [1656,16]
[1656,16] 1 [1657,19]
[1657,19] 1 [1658,22]
[1658,22] 2 [1659,19]
[1659,19] 2 [1660,15]
[1660,15] 2 [1661,11]
[1661,11] 1 [1662,10]
[1662,10] 1 [1663,12]
[1663,12] 1 [1664,16]
[1664,16] 1 [1665,18]
[1665,18] 1 [1666,21]
[1666,21] 1 [1667,24]
[1667,24] 1 [1668,27]
[1668,27] 1 [1669,31]
[1669,31] 1 [1670,34]
[1670,34] 1 [1671,38]
[1671,38] 1 [1672,41]
[1672,41] 1 [1673,44]
[1673,44] 1 [1674,48]
[1674,48] 1 [1675,52]
[1675,52] 1 [1676,56]
[1676,56] 1 [1677,60]
[1677,60] 1 [1678,62]
[1678,62] 1 [1679,65]
[1679,65] 1 [1680,69]
[1680,69] 1 [1681,72]
[1681,72] 1 [1682,76]
[1682,76] 1 [1683,78]
[1683,78] 1 [1684,82]
[1684,82] 1 [1685,84]
[1685,84] 1 [1686,86]
[1686,86] 1 [1687,89]
[1687,89] 1 [1688,92]
[1688,92] 1 [1689,96]
[1689,96] 1 [1690,98]
[1690,98] 1 [1691,102]
[1691,102] 1 [1692,105]
[1692,105] 1 [1693,108]
[1693,108] 1 [1694,112]
[1694,112] 1 [1695,116]
[1695,116] 1 [1696,119]
[1696,119] 1 [1697,121]
[1697,121] 1 [1698,125]
[1698,125] 1 [1699,129]
[1699,129] 1 [1700,131]
[1700,131] 1 [1701,135]
[1701,135] 1 [1702,137]
[1702,137] 1 [1703,140]
[1703,140] 1 [1704,143]
[1704,143] 1 [1705,146]
[1705,146] 1 [1706,148]
[1706,148] 1 [1707,151]
[1707,151] 1 [1708,153]
[1708,153] 1 [1709,155]
[1709,155] 1 [1710,158]
[1710,158] 1 [1711,161]
[1711,161] 1 [1712,164]
[1712,164] 1 [1713,168]
[1713,168] 1 [1714,171]
[1714,171] 1 [1715,174]
[1715,174] 1 [1716,177]
[1716,177] 1 [1717,6]
[1717,6] 1 [1718,6]
[1718,6] 1 [1719,6]
[1719,6] 1 [1720,6]
[1720,6] 1 [1721,6]
[1721,6] 1 [1722,6]
[1722,6] 1 [1723,6]
[1723,6] 1 [1724,6]
[1724,6] 1 [1725,6]
[1725,6] 1 [1726,6]
[1726,6] 0 [1727,6]
[1727,6] 1 [1728,9]
[1728,9] 1 [1729,12]
[1729,12] 1 [1730,16]
[1730,16] 0 [1731,17]
[1731,17] 2 [1732,15]
[1732,15] 2 [1733,13]
[1733,13] 1 [1734,15]
[1734,15] 2 [1735,11]
[1735,11] 2 [1736,7]
[1736,7] 1 [1737,9]
[1737,9] 1 [1738,13]
[1738,13] 1 [1739,16]
[1739,16] 1 [1740,20]
[1740,20] 1 [1741,23]
[1741,23] 1 [1742,25]
[1742,25] 1 [1743,27]
[1743,27] 1 [1744,31]
[1744,31] 1 [1745,33]
[1745,33] 1 [1746,36]
[1746,36] 1 [1747,40]
[1747,40] 1 [1748,44]
[1748,44] 1 [1749,47]
[1749,47] 1 [1750,49]
[1750,49] 1 [1751,51]
[1751,51] 1 [1752,55]
[1752,55] 1 [1753,59]
[1753,59] 1 [1754,62]
[1754,62] 1 [1755,65]
[1755,65] 1 [1756,69]
[1756,69] 1 [1757,71]
[1757,71] 1 [1758,73]
[1758,73] 1 [1759,77]
[1759,77] 1 [1760,80]
[1760,80] 1 [1761,82]
[1761,82] 1 [1762,85]
[1762,85] 1 [1763,87]
[1763,87] 1 [1764,89]
[1764,89] 1 [1765,93]
[1765,93] 1 [1766,96]
[1766,96] 1 [1767,98]
[1767,98] 1 [1768,101]
[1768,101] 1 [1769,105]
[1769,105] 1 [1770,107]
[1770,107] 1 [1771,109]
[1771,109] 1 [1772,113]
[1772,113] 1 [1773,117]
[1773,117] 1 [1774,121]
[1774,121] 1 [1775,124]
[1775,124] 1 [1776,127]
[1776,127] 1 [1777,129]
[1777,129] 1 [1778,133]
[1778,133] 1 [1779,135]
[1779,135] 1 [1780,139]
[1780,139] 1 [1781,142]
[1781,142] 1 [1782,144]
[1782,144] 1 [1783,148]
[1783,148] 1 [1784,152]
[1784,152] 1 [1785,156]
[1785,156] 1 [1786,160]
[1786,160] 1 [1787,162]
[1787,162] 1 [1788,165]
[1788,165] 1 [1789,168]
[1789,168] 1 [1790,171]
[1790,171] 1 [1791,175]
[1791,175] 1 [1792,6]
[1792,6] 1 [1793,6]
[1793,6] 1 [1794,6]
[1794,6] 1 [1795,6]
[1795,6] 1 [1796,6]
[1796,6] 1 [1797,6]
[1797,6] 1 [1798,6]
[1798,6] 1 [1799,6]
[1799,6] 1 [1800,6]
[1800,6] 1 [1801,7]
[1801,7] 1 [1802,11]
[1802,11] 1 [1803,14]
[1803,14] 2 [1804,10]
[1804,10] 1 [1805,13]
[1805,13] 1 [1806,16]
[1806,16] 2 [1807,12]
[1807,12] 2 [1808,8]
[1808,8] 2 [1809,6]
[1809,6] 1 [1810,7]
[1810,7] 1 [1811,11]
[1811,11] 1 [1812,13]
[1812,13] 1 [1813,16]
[1813,16] 1 [1814,20]
[1814,20] 2 [1815,16]
[1815,16] 2 [1816,12]
[1816,12] 2 [1817,8]
[1817,8] 1 [1818,11]
[1818,11] 1 [1819,14]
[1819,14] 1 [1820,18]
[1820,18] 1 [1821,20]
[1821,20] 1 [1822,23]
[1822,23] 1 [1823,25]
[1823,25] 2 [1824,24]
[1824,24] 0 [1825,23]
[1825,23] 2 [1826,19]
[1826,19] 1 [1827,19]
[1827,19] 1 [1828,21]
[1828,21] 1 [1829,23]
[1829,23] 1 [1830,26]
[1830,26] 1 [1831,30]
[1831,30] 1 [1832,32]
[1832,32] 1 [1833,35]
[1833,35] 1 [1834,38]
[1834,38] 1 [1835,42]
[1835,42] 1 [1836,44]
[1836,44] 1 [1837,48]
[1837,48] 1 [1838,51]
[1838,51] 1 [1839,55]
[1839,55] 1 [1840,58]
[1840,58] 1 [1841,60]
[1841,60] 1 [1842,63]
[1842,63] 1 [1843,66]
[1843,66] 1 [1844,68]
[1844,68] 1 [1845,70]
[1845,70] 1 [1846,74]
[1846,74] 1 [1847,78]
[1847,78] 1 [1848,80]
[1848,80] 1 [1849,82]
[1849,82] 1 [1850,84]
[1850,84] 1 [1851,86]
[1851,86] 1 [1852,90]
[1852,90] 1 [1853,92]
[1853,92] 1 [1854,94]
[1854,94] 1 [1855,98]
[1855,98] 1 [1856,100]
[1856,100] 1 [1857,102]
[1857,102] 1 [1858,105]
[1858,105] 1 [1859,109]
[1859,109] 1 [1860,113]
[1860,113] 1 [1861,115]
[1861,115] 2 [1862,112]
[1862,112] 1 [1863,114]
[1863,114] 1 [1864,117]
[1864,117] 1 [1865,120]
[1865,120] 2 [1866,117]
[1866,117] 1 [1867,115]
[1867,115] 1 [1868,117]
[1868,117] 1 [1869,120]
[1869,120] 1 [1870,122]
[1870,122] 1 [1871,124]
[1871,124] 1 [1872,126]
[1872,126] 1 [1873,128]
[1873,128] 1 [1874,132]
[1874,132] 1 [1875,134]
[1875,134] 1 [1876,136]
[1876,136] 1 [1877,139]
[1877,139] 1 [1878,142]
[1878,142] 1 [1879,145]
[1879,145] 1 [1880,149]
[1880,149] 1 [1881,151]
[1881,151] 1 [1882,153]
[1882,153] 1 [1883,157]
[1883,157] 1 [1884,159]
[1884,159] 1 [1885,163]
[1885,163] 1 [1886,166]
[1886,166] 1 [1887,168]
[1887,168] 1 [1888,172]
[1888,172] 1 [1889,176]
[1889,176] 1 [1890,6]
[1890,6] 1 [1891,6]
[1891,6] 1 [1892,6]
[1892,6] 1 [1893,6]
[1893,6] 1 [1894,6]
[1894,6] 1 [1895,6]
[1895,6] 1 [1896,6]
[1896,6] 1 [1897,6]
[1897,6] 1 [1898,6]
[1898,6] 1 [1899,7]
[1899,7] 1 [1900,9]
[1900,9] 1 [1901,12]
[1901,12] 1 [1902,14]
[1902,14] 1 [1903,16]
[1903,16] 1 [1904,20]
[1904,20] 1 [1905,22]
[1905,22] 1 [1906,24]
[1906,24] 1 [1907,26]
[1907,26] 1 [1908,29]
[1908,29] 1 [1909,32]
[1909,32] 1 [1910,35]
[1910,35] 1 [1911,38]
[1911,38] 1 [1912,42]
[1912,42] 1 [1913,46]
[1913,46] 1 [1914,49]
[1914,49] 1 [1915,51]
[1915,51] 1 [1916,55]
[1916,55] 1 [1917,58]
[1917,58] 1 [1918,61]
[1918,61] 1 [1919,65]
[1919,65] 1 [1920,68]
[1920,68] 1 [1921,71]
[1921,71] 1 [1922,74]
[1922,74] 1 [1923,77]
[1923,77] 1 [1924,79]
[1924,79] 1 [1925,83]
[1925,83] 1 [1926,86]
[1926,86] 1 [1927,89]
[1927,89] 1 [1928,92]
[1928,92] 1 [1929,94]
[1929,94] 1 [1930,98]
[1930,98] 1 [1931,101]
[1931,101] 1 [1932,105]
[1932,105] 1 [1933,108]
[1933,108] 1 [1934,110]
[1934,110] 1 [1935,112]
[1935,112] 1 [1936,116]
[1936,116] 1 [1937,119]
[1937,119] 1 [1938,122]
[1938,122] 1 [1939,124]
[1939,124] 1 [1940,126]
[1940,126] 1 [1941,128]
[1941,128] 1 [1942,130]
[1942,130] 1 [1943,133]
[1943,133] 1 [1944,135]
[1944,135] 1 [1945,139]
[1945,139] 1 [1946,141]
[1946,141] 1 [1947,144]
[1947,144] 1 [1948,146]
[1948,146] 1 [1949,148]
[1949,148] 1 [1950,151]
[1950,151] 1 [1951,154]
[1951,154] 1 [1952,156]
[1952,156] 1 [1953,158]
[1953,158] 1 [1954,161]
[1954,161] 1 [1955,163]
[1955,163] 1 [1956,166]
[1956,166] 1 [1957,168]
[1957,168] 1 [1958,170]
[1958,170] 1 [1959,172]
[1959,172] 1 [1960,175]
[1960,175] 1 [1961,6]
[1961,6] 1 [1962,6]
[1962,6] 1 [1963,6]
[1963,6] 1 [1964,6]
[1964,6] 1 [1965,6]
[1965,6] 1 [1966,6]
[1966,6] 1 [1967,6]
[1967,6] 1 [1968,6]
[1968,6] 1 [1969,6]
[1969,6] 1 [1970,6]
[1970,6] 1 [1971,8]
[1971,8] 1 [1972,10]
[1972,10] 1 [1973,13]
[1973,13] 0 [1974,13]
[1974,13] 1 [1975,16]
[1975,16] 1 [1976,18]
[1976,18] 1 [1977,20]
[1977,20] 1 [1978,22]
[1978,22] 2 [1979,18]
[1979,18] 1 [1980,16]
[1980,16] 1 [1981,20]
[1981,20] 1 [1982,24]
[1982,24] 1 [1983,27]
[1983,27] 1 [1984,29]
[1984,29] 1 [1985,33]
[1985,33] 1 [1986,37]
[1986,37] 1 [1987,41]
[1987,41] 1 [1988,43]
[1988,43] 1 [1989,45]
[1989,45] 1 [1990,49]
[1990,49] 1 [1991,52]
[1991,52] 0 [1992,52]
[1992,52] 2 [1993,48]
[1993,48] 1 [1994,50]
[1994,50] 1 [1995,52]
[1995,52] 1 [1996,54]
[1996,54] 1 [1997,56]
[1997,56] 2 [1998,52]
[1998,52] 1 [1999,54]
[1999,54] 1 [2000,56]
[2000,56] 1 [2001,59]
[2001,59] 1 [2002,62]
[2002,62] 1 [2003,66]
[2003,66] 1 [2004,68]
[2004,68] 1 [2005,72]
[2005,72] 1 [2006,74]
[2006,74] 1 [2007,76]
[2007,76] 1 [2008,80]
[2008,80] 1 [2009,83]
[2009,83] 1 [2010,85]
[2010,85] 1 [2011,89]
[2011,89] 1 [2012,91]
[2012,91] 1 [2013,95]
[2013,95] 1 [2014,98]
[2014,98] 1 [2015,101]
[2015,101] 1 [2016,104]
[2016,104] 1 [2017,107]
[2017,107] 1 [2018,110]
[2018,110] 1 [2019,114]
[2019,114] 1 [2020,116]
[2020,116] 1 [2021,118]
[2021,118] 1 [2022,120]
[2022,120] 1 [2023,123]
[2023,123] 1 [2024,126]
[2024,126] 1 [2025,128]
[2025,128] 1 [2026,130]
[2026,130] 1 [2027,133]
[2027,133] 1 [2028,136]
[2028,136] 1 [2029,139]
[2029,139] 1 [2030,141]
[2030,141] 1 [2031,144]
[2031,144] 1 [2032,147]
[2032,147] 1 [2033,150]
[2033,150] 1 [2034,153]
[2034,153] 1 [2035,156]
[2035,156] 1 [2036,158]
[2036,158] 1 [2037,161]
[2037,161] 1 [2038,164]
[2038,164] 1 [2039,168]
[2039,168] 1 [2040,170]
[2040,170] 1 [2041,173]
[2041,173] 1 [2042,175]
[2042,175] 1 [2043,177]
[2043,177] 1 [2044,6]
[2044,6] 1 [2045,6]
[2045,6] 1 [2046,6]
[2046,6] 1 [2047,6]
[2047,6] 1 [2048,6]
[2048,6] 1 [2049,6]
[2049,6] 1 [2050,6]
[2050,6] 1 [2051,6]
[2051,6] 0 [2052,6]
[2052,6] 1 [2053,8]
[2053,8] 1 [2054,11]
[2054,11] 2 [2055,9]
[2055,9] 1 [2056,11]
[2056,11] 2 [2057,8]
[2057,8] 1 [2058,11]
[2058,11] 2 [2059,7]
[2059,7] 1 [2060,9]
[2060,9] 1 [2061,11]
[2061,11] 2 [2062,8]
[2062,8] 1 [2063,10]
[2063,10] 1 [2064,14]
[2064,14] 1 [2065,17]
[2065,17] 1 [2066,19]
[2066,19] 1 [2067,22]
[2067,22] 1 [2068,24]
[2068,24] 1 [2069,27]
[2069,27] 1 [2070,31]
[2070,31] 1 [2071,33]
[2071,33] 1 [2072,35]
[2072,35] 1 [2073,39]
[2073,39] 1 [2074,43]
[2074,43] 1 [2075,45]
[2075,45] 1 [2076,49]
[2076,49] 1 [2077,52]
[2077,52] 1 [2078,56]
[2078,56] 1 [2079,58]
[2079,58] 1 [2080,60]
[2080,60] 1 [2081,62]
[2081,62] 1 [2082,66]
[2082,66] 1 [2083,69]
[2083,69] 1 [2084,72]
[2084,72] 1 [2085,74]
[2085,74] 1 [2086,76]
[2086,76] 1 [2087,80]
[2087,80] 1 [2088,83]
[2088,83] 1 [2089,86]
[2089,86] 1 [2090,88]
[2090,88] 1 [2091,90]
[2091,90] 1 [2092,94]
[2092,94] 1 [2093,98]
[2093,98] 1 [2094,100]
[2094,100] 1 [2095,104]
[2095,104] 1 [2096,106]
[2096,106] 1 [2097,109]
[2097,109] 1 [2098,111]
[2098,111] 1 [2099,115]
[2099,115] 1 [2100,119]
[2100,119] 1 [2101,123]
[2101,123] 1 [2102,127]
[2102,127] 1 [2103,130]
[2103,130] 1 [2104,133]
[2104,133] 1 [2105,137]
[2105,137] 1 [2106,139]
[2106,139] 1 [2107,143]
[2107,143] 1 [2108,147]
[2108,147] 1 [2109,151]
[2109,151] 1 [2110,154]
[2110,154] 1 [2111,158]
[2111,158] 1 [2112,162]
[2112,162] 1 [2113,164]
[2113,164] 1 [2114,166]
[2114,166] 1 [2115,169]
[2115,169] 1 [2116,173]
[2116,173] 1 [2117,176]
[2117,176] 1 [2118,6]
[2118,6] 1 [2119,6]
[2119,6] 1 [2120,6]
[2120,6] 1 [2121,6]
[2121,6] 1 [2122,6]
[2122,6] 1 [2123,6]
[2123,6] 1 [2124,6]
[2124,6] 1 [2125,6]
[2125,6] 1 [2126,6]
[2126,6] 1 [2127,6]
[2127,6] 1 [2128,8]
[2128,8] 0 [2129,8]
[2129,8] 2 [2130,6]
[2130,6] 1 [2131,8]
[2131,8] 1 [2132,12]
[2132,12] 2 [2133,8]
[2133,8] 2 [2134,6]
[2134,6] 1 [2135,8]
[2135,8] 2 [2136,6]
[2136,6] 1 [2137,8]
[2137,8] 1 [2138,11]
[2138,11] 2 [2139,7]
[2139,7] 1 [2140,10]
[2140,10] 1 [2141,12]
[2141,12] 1 [2142,16]
[2142,16] 2 [2143,12]
[2143,12] 1 [2144,14]
[2144,14] 2 [2145,10]
[2145,10] 1 [2146,10]
[2146,10] 1 [2147,13]
[2147,13] 1 [2148,15]
[2148,15] 1 [2149,19]
[2149,19] 1 [2150,23]
[2150,23] 1 [2151,26]
[2151,26] 1 [2152,29]
[2152,29] 1 [2153,31]
[2153,31] 1 [2154,33]
[2154,33] 1 [2155,36]
[2155,36] 1 [2156,39]
[2156,39] 1 [2157,41]
[2157,41] 1 [2158,44]
[2158,44] 1 [2159,47]
[2159,47] 1 [2160,51]
[2160,51] 1 [2161,53]
[2161,53] 1 [2162,56]
[2162,56] 1 [2163,59]
[2163,59] 1 [2164,61]
[2164,61] 1 [2165,64]
[2165,64] 1 [2166,66]
[2166,66] 1 [2167,68]
[2167,68] 1 [2168,70]
[2168,70] 1 [2169,74]
[2169,74] 1 [2170,77]
[2170,77] 1 [2171,81]
[2171,81] 1 [2172,84]
[2172,84] 1 [2173,86]
[2173,86] 1 [2174,88]
[2174,88] 1 [2175,92]
[2175,92] 1 [2176,95]
[2176,95] 1 [2177,97]
[2177,97] 1 [2178,100]
[2178,100] 1 [2179,102]
[2179,102] 1 [2180,105]
[2180,105] 1 [2181,107]
[2181,107] 1 [2182,111]
[2182,111] 1 [2183,115]
[2183,115] 1 [2184,117]
[2184,117] 1 [2185,120]
[2185,120] 1 [2186,124]
[2186,124] 1 [2187,127]
[2187,127] 1 [2188,129]
[2188,129] 1 [2189,133]
[2189,133] 1 [2190,136]
[2190,136] 1 [2191,138]
[2191,138] 1 [2192,142]
[2192,142] 1 [2193,146]
[2193,146] 1 [2194,149]
[2194,149] 1 [2195,151]
[2195,151] 1 [2196,154]
[2196,154] 1 [2197,156]
[2197,156] 1 [2198,158]
[2198,158] 1 [2199,162]
[2199,162] 1 [2200,166]
[2200,166] 1 [2201,169]
[2201,169] 1 [2202,173]
[2202,173] 1 [2203,176]
[2203,176] 1 [2204,6]
[2204,6] 1 [2205,6]
[2205,6] 1 [2206,6]
[2206,6] 1 [2207,6]
[2207,6] 1 [2208,6]
[2208,6] 1 [2209,6]
[2209,6] 1 [2210,6]
[2210,6] 1 [2211,6]
[2211,6] 1 [2212,6]
[2212,6] 1 [2213,6]
[2213,6] 1 [2214,6]
[2214,6] 0 [2215,6]
[2215,6] 1 [2216,9]
[2216,9] 1 [2217,13]
[2217,13] 0 [2218,13]
[2218,13] 2 [2219,11]
[2219,11] 2 [2220,7]
[2220,7] 1 [2221,10]
[2221,10] 1 [2222,13]
[2222,13] 1 [2223,15]
[2223,15] 2 [2224,13]
[2224,13] 2 [2225,9]
[2225,9] 1 [2226,12]
[2226,12] 2 [2227,9]
[2227,9] 1 [2228,11]
[2228,11] 2 [2229,7]
[2229,7] 1 [2230,11]
[2230,11] 2 [2231,12]
[2231,12] 2 [2232,9]
[2232,9] 1 [2233,12]
[2233,12] 2 [2234,8]
[2234,8] 0 [2235,8]
[2235,8] 1 [2236,9]
[2236,9] 1 [2237,12]
[2237,12] 2 [2238,8]
[2238,8] 2 [2239,6]
[2239,6] 1 [2240,8]
[2240,8] 1 [2241,12]
[2241,12] 1 [2242,14]
[2242,14] 1 [2243,17]
[2243,17] 1 [2244,21]
[2244,21] 1 [2245,23]
[2245,23] 1 [2246,25]
[2246,25] 1 [2247,27]
[2247,27] 1 [2248,31]
[2248,31] 1 [2249,34]
[2249,34] 1 [2250,38]
[2250,38] 1 [2251,41]
[2251,41] 1 [2252,44]
[2252,44] 1 [2253,48]
[2253,48] 1 [2254,52]
[2254,52] 1 [2255,55]
[2255,55] 1 [2256,59]
[2256,59] 1 [2257,61]
[2257,61] 1 [2258,63]
[2258,63] 1 [2259,66]
[2259,66] 1 [2260,68]
[2260,68] 1 [2261,71]
[2261,71] 1 [2262,74]
[2262,74] 1 [2263,77]
[2263,77] 1 [2264,80]
[2264,80] 1 [2265,84]
[2265,84] 1 [2266,87]
[2266,87] 1 [2267,89]
[2267,89] 1 [2268,93]
[2268,93] 1 [2269,97]
[2269,97] 1 [2270,99]
[2270,99] 1 [2271,103]
[2271,103] 1 [2272,106]
[2272,106] 1 [2273,108]
[2273,108] 1 [2274,111]
[2274,111] 1 [2275,113]
[2275,113] 1 [2276,116]
[2276,116] 1 [2277,118]
[2277,118] 1 [2278,120]
[2278,120] 1 [2279,123]
[2279,123] 1 [2280,125]
[2280,125] 1 [2281,129]
[2281,129] 1 [2282,133]
[2282,133] 1 [2283,136]
[2283,136] 1 [2284,139]
[2284,139] 1 [2285,143]
[2285,143] 1 [2286,147]
[2286,147] 1 [2287,150]
[2287,150] 1 [2288,152]
[2288,152] 1 [2289,155]
[2289,155] 1 [2290,159]
[2290,159] 1 [2291,163]
[2291,163] 1 [2292,165]
[2292,165] 1 [2293,167]
[2293,167] 1 [2294,169]
[2294,169] 1 [2295,172]
[2295,172] 1 [2296,176]
[2296,176] 1 [2297,6]
[2297,6] 1 [2298,6]
[2298,6] 1 [2299,6]
[2299,6] 1 [2300,6]
[2300,6] 1 [2301,6]
[2301,6] 1 [2302,6]
[2302,6] 1 [2303,6]
[2303,6] 1 [2304,6]
[2304,6] 1 [2305,6]
[2305,6] 1 [2306,6]
[2306,6] 0 [2307,6]
[2307,6] 1 [2308,9]
[2308,9] 1 [2309,12]
[2309,12] 1 [2310,16]
[2310,16] 1 [2311,18]
[2311,18] 1 [2312,22]
[2312,22] 1 [2313,24]
[2313,24] 1 [2314,27]
[2314,27] 1 [2315,29]
[2315,29] 1 [2316,32]
[2316,32] 1 [2317,35]
[2317,35] 1 [2318,38]
[2318,38] 1 [2319,40]
[2319,40] 1 [2320,43]
[2320,43] 1 [2321,47]
[2321,47] 1 [2322,51]
[2322,51] 1 [2323,54]
[2323,54] 1 [2324,58]
[2324,58] 1 [2325,62]
[2325,62] 1 [2326,65]
[2326,65] 1 [2327,69]
[2327,69] 1 [2328,73]
[2328,73] 1 [2329,76]
[2329,76] 1 [2330,78]
[2330,78] 1 [2331,80]
[2331,80] 1 [2332,83]
[2332,83] 1 [2333,85]
[2333,85] 1 [2334,88]
[2334,88] 1 [2335,90]
[2335,90] 1 [2336,94]
[2336,94] 1 [2337,97]
[2337,97] 1 [2338,101]
[2338,101] 1 [2339,105]
[2339,105] 1 [2340,108]
[2340,108] 1 [2341,110]
[2341,110] 1 [2342,113]
[2342,113] 1 [2343,117]
[2343,117] 1 [2344,120]
[2344,120] 1 [2345,124]
[2345,124] 1 [2346,128]
[2346,128] 1 [2347,130]
[2347,130] 1 [2348,132]
[2348,132] 1 [2349,136]
[2349,136] 1 [2350,140]
[2350,140] 1 [2351,142]
[2351,142] 1 [2352,146]
[2352,146] 1 [2353,148]
[2353,148] 1 [2354,150]
[2354,150] 1 [2355,153]
[2355,153] 1 [2356,156]
[2356,156] 1 [2357,159]
[2357,159] 1 [2358,161]
[2358,161] 1 [2359,165]
[2359,165] 1 [2360,167]
[2360,167] 1 [2361,170]
[2361,170] 1 [2362,173]
[2362,173] 1 [2363,175]
[2363,175] 1 [2364,177]
[2364,177] 1 [2365,6]
[2365,6] 1 [2366,6]
[2366,6] 1 [2367,6]
[2367,6] 1 [2368,6]
[2368,6] 1 [2369,6]
[2369,6] 1 [2370,6]
[2370,6] 1 [2371,6]
[2371,6] 1 [2372,6]
[2372,6] 1 [2373,6]
[2373,6] 1 [2374,6]
[2374,6] 1 [2375,6]
[2375,6] 0 [2376,6]
[2376,6] 1 [2377,9]
[2377,9] 1 [2378,12]
[2378,12] 2 [2379,8]
[2379,8] 1 [2380,11]
[2380,11] 2 [2381,9]
[2381,9] 1 [2382,11]
[2382,11] 2 [2383,7]
[2383,7] 1 [2384,8]
[2384,8] 1 [2385,11]
[2385,11] 1 [2386,13]
[2386,13] 1 [2387,16]
[2387,16] 1 [2388,20]
[2388,20] 1 [2389,22]
[2389,22] 1 [2390,25]
[2390,25] 1 [2391,28]
[2391,28] 1 [2392,30]
[2392,30] 1 [2393,32]
[2393,32] 1 [2394,36]
[2394,36] 1 [2395,38]
[2395,38] 1 [2396,42]
[2396,42] 1 [2397,46]
[2397,46] 1 [2398,50]
[2398,50] 1 [2399,53]
[2399,53] 1 [2400,56]
[2400,56] 1 [2401,59]
[2401,59] 1 [2402,62]
[2402,62] 1 [2403,65]
[2403,65] 1 [2404,69]
[2404,69] 1 [2405,71]
[2405,71] 1 [2406,74]
[2406,74] 1 [2407,77]
[2407,77] 1 [2408,79]
[2408,79] 1 [2409,83]
[2409,83] 1 [2410,87]
[2410,87] 1 [2411,90]
[2411,90] 1 [2412,93]
[2412,93] 1 [2413,97]
[2413,97] 1 [2414,99]
[2414,99] 1 [2415,102]
[2415,102] 1 [2416,104]
[2416,104] 1 [2417,107]
[2417,107] 1 [2418,109]
[2418,109] 1 [2419,113]
[2419,113] 1 [2420,116]
[2420,116] 1 [2421,118]
[2421,118] 1 [2422,120]
[2422,120] 1 [2423,124]
[2423,124] 1 [2424,126]
[2424,126] 1 [2425,129]
[2425,129] 1 [2426,133]
[2426,133] 1 [2427,135]
[2427,135] 1 [2428,137]
[2428,137] 1 [2429,140]
[2429,140] 1 [2430,144]
[2430,144] 1 [2431,147]
[2431,147] 1 [2432,151]
[2432,151] 1 [2433,154]
[2433,154] 1 [2434,156]
[2434,156] 1 [2435,159]
[2435,159] 1 [2436,161]
[2436,161] 1 [2437,164]
[2437,164] 1 [2438,168]
[2438,168] 1 [2439,170]
[2439,170] 1 [2440,174]
[2440,174] 1 [2441,177]
[2441,177] 1 [2442,6]
[2442,6] 1 [2443,6]
[2443,6] 1 [2444,6]
[2444,6] 1 [2445,6]
[2445,6] 1 [2446,6]
[2446,6] 1 [2447,6]
[2447,6] 1 [2448,6]
[2448,6] 1 [2449,6]
[2449,6] 1 [2450,6]
[2450,6] 1 [2451,6]
[2451,6] 1 [2452,8]
[2452,8] 1 [2453,11]
[2453,11] 1 [2454,13]
[2454,13] 2 [2455,11]
[2455,11] 2 [2456,8]
[2456,8] 1 [2457,7]
[2457,7] 1 [2458,11]
[2458,11] 1 [2459,13]
[2459,13] 2 [2460,10]
[2460,10] 1 [2461,12]
[2461,12] 2 [2462,8]
[2462,8] 1 [2463,11]
[2463,11] 1 [2464,13]
[2464,13] 2 [2465,9]
[2465,9] 2 [2466,7]
[2466,7] 1 [2467,7]
[2467,7] 1 [2468,10]
[2468,10] 1 [2469,13]
[2469,13] 2 [2470,9]
[2470,9] 2 [2471,6]
[2471,6] 1 [2472,8]
[2472,8] 1 [2473,11]
[2473,11] 1 [2474,13]
[2474,13] 1 [2475,15]
[2475,15] 2 [2476,11]
[2476,11] 1 [2477,13]
[2477,13] 1 [2478,17]
[2478,17] 1 [2479,19]
[2479,19] 1 [2480,23]
[2480,23] 1 [2481,27]
[2481,27] 1 [2482,31]
[2482,31] 2 [2483,27]
[2483,27] 1 [2484,27]
[2484,27] 1 [2485,30]
[2485,30] 1 [2486,34]
[2486,34] 1 [2487,37]
[2487,37] 1 [2488,41]
[2488,41] 1 [2489,45]
[2489,45] 1 [2490,47]
[2490,47] 1 [2491,50]
[2491,50] 1 [2492,54]
[2492,54] 1 [2493,56]
[2493,56] 1 [2494,59]
[2494,59] 1 [2495,62]
[2495,62] 1 [2496,64]
[2496,64] 1 [2497,68]
[2497,68] 1 [2498,71]
[2498,71] 1 [2499,74]
[2499,74] 1 [2500,78]
[2500,78] 1 [2501,81]
[2501,81] 1 [2502,85]
[2502,85] 1 [2503,89]
[2503,89] 1 [2504,93]
[2504,93] 1 [2505,97]
[2505,97] 1 [2506,99]
[2506,99] 1 [2507,102]
[2507,102] 1 [2508,105]
[2508,105] 1 [2509,107]
[2509,107] 1 [2510,109]
[2510,109] 1 [2511,113]
[2511,113] 1 [2512,116]
[2512,116] 2 [2513,113]
[2513,113] 2 [2514,110]
[2514,110] 1 [2515,112]
[2515,112] 1 [2516,114]
[2516,114] 1 [2517,117]
[2517,117] 1 [2518,121]
[2518,121] 2 [2519,117]
[2519,117] 1 [2520,119]
[2520,119] 1 [2521,122]
[2521,122] 1 [2522,126]
[2522,126] 1 [2523,129]
[2523,129] 1 [2524,132]
[2524,132] 1 [2525,135]
[2525,135] 1 [2526,137]
[2526,137] 1 [2527,141]
[2527,141] 1 [2528,145]
[2528,145] 1 [2529,149]
[2529,149] 1 [2530,151]
[2530,151] 1 [2531,154]
[2531,154] 1 [2532,156]
[2532,156] 1 [2533,159]
[2533,159] 1 [2534,162]
[2534,162] 1 [2535,165]
[2535,165] 1 [2536,167]
[2536,167] 1 [2537,170]
[2537,170] 1 [2538,172]
[2538,172] 1 [2539,176]
[2539,176] 1 [2540,6]
[2540,6] 1 [2541,6]
[2541,6] 1 [2542,6]
[2542,6] 1 [2543,6]
[2543,6] 1 [2544,6]
[2544,6] 1 [2545,6]
[2545,6] 1 [2546,6]
[2546,6] 1 [2547,6]
[2547,6] 1 [2548,6]
[2548,6] 1 [2549,6]
[2549,6] 1 [2550,6]
[2550,6] 1 [2551,8]
[2551,8] 1 [2552,12]
[2552,12] 1 [2553,16]
[2553,16] 0 [2554,18]
[2554,18] 2 [2555,15]
[2555,15] 2 [2556,11]
[2556,11] 2 [2557,8]
[2557,8] 1 [2558,9]
[2558,9] 1 [2559,13]
[2559,13] 1 [2560,16]
[2560,16] 2 [2561,12]
[2561,12] 1 [2562,15]
[2562,15] 2 [2563,12]
[2563,12] 2 [2564,9]
[2564,9] 1 [2565,7]
[2565,7] 1 [2566,7]
[2566,7] 1 [2567,11]
[2567,11] 1 [2568,15]
[2568,15] 1 [2569,17]
[2569,17] 1 [2570,21]
[2570,21] 1 [2571,23]
[2571,23] 1 [2572,27]
[2572,27] 1 [2573,30]
[2573,30] 1 [2574,32]
[2574,32] 1 [2575,35]
[2575,35] 1 [2576,38]
[2576,38] 1 [2577,40]
[2577,40] 1 [2578,44]
[2578,44] 1 [2579,47]
[2579,47] 1 [2580,50]
[2580,50] 1 [2581,54]
[2581,54] 1 [2582,57]
[2582,57] 1 [2583,60]
[2583,60] 1 [2584,64]
[2584,64] 1 [2585,68]
[2585,68] 1 [2586,72]
[2586,72] 1 [2587,75]
[2587,75] 1 [2588,78]
[2588,78] 1 [2589,80]
[2589,80] 1 [2590,84]
[2590,84] 1 [2591,88]
[2591,88] 1 [2592,90]
[2592,90] 1 [2593,92]
[2593,92] 1 [2594,95]
[2594,95] 1 [2595,97]
[2595,97] 1 [2596,99]
[2596,99] 2 [2597,96]
[2597,96] 1 [2598,98]
[2598,98] 1 [2599,100]
[2599,100] 1 [2600,102]
[2600,102] 1 [2601,104]
[2601,104] 1 [2602,107]
[2602,107] 1 [2603,110]
[2603,110] 1 [2604,114]
[2604,114] 1 [2605,117]
[2605,117] 1 [2606,119]
[2606,119] 1 [2607,121]
[2607,121] 2 [2608,118]
[2608,118] 1 [2609,120]
[2609,120] 1 [2610,122]
[2610,122] 1 [2611,126]
[2611,126] 1 [2612,129]
[2612,129] 1 [2613,131]
[2613,131] 1 [2614,134]
[2614,134] 1 [2615,137]
[2615,137] 1 [2616,141]
[2616,141] 1 [2617,145]
[2617,145] 1 [2618,149]
[2618,149] 1 [2619,151]
[2619,151] 1 [2620,153]
[2620,153] 1 [2621,156]
[2621,156] 1 [2622,159]
[2622,159] 1 [2623,161]
[2623,161] 1 [2624,164]
[2624,164] 1 [2625,166]
[2625,166] 1 [2626,169]
[2626,169] 1 [2627,173]
[2627,173] 1 [2628,177]
[2628,177] 1 [2629,6]
[2629,6] 1 [2630,6]
[2630,6] 1 [2631,6]
[2631,6] 1 [2632,6]
[2632,6] 1 [2633,6]
[2633,6] 1 [2634,6]
[2634,6] 1 [2635,6]
[2635,6] 1 [2636,6]
[2636,6] 1 [2637,6]
[2637,6] 0 [2638,6]
[2638,6] 1 [2639,8]
[2639,8] 1 [2640,10]
[2640,10] 1 [2641,12]
[2641,12] 1 [2642,15]
[2642,15] 0 [2643,15]
[2643,15] 1 [2644,17]
[2644,17] 1 [2645,20]
[2645,20] 1 [2646,24]
[2646,24] 1 [2647,27]
[2647,27] 2 [2648,23]
[2648,23] 2 [2649,20]
[2649,20] 1 [2650,20]
[2650,20] 1 [2651,23]
[2651,23] 1 [2652,27]
[2652,27] 1 [2653,29]
[2653,29] 1 [2654,33]
[2654,33] 1 [2655,37]
[2655,37] 1 [2656,40]
[2656,40] 1 [2657,42]
[2657,42] 1 [2658,44]
[2658,44] 1 [2659,48]
[2659,48] 1 [2660,52]
[2660,52] 1 [2661,56]
[2661,56] 1 [2662,58]
[2662,58] 1 [2663,60]
[2663,60] 1 [2664,64]
[2664,64] 1 [2665,67]
[2665,67] 1 [2666,71]
[2666,71] 1 [2667,75]
[2667,75] 1 [2668,78]
[2668,78] 1 [2669,81]
[2669,81] 1 [2670,83]
[2670,83] 1 [2671,86]
[2671,86] 1 [2672,88]
[2672,88] 1 [2673,92]
[2673,92] 1 [2674,96]
[2674,96] 1 [2675,99]
[2675,99] 1 [2676,101]
[2676,101] 1 [2677,103]
[2677,103] 1 [2678,105]
[2678,105] 1 [2679,107]
[2679,107] 1 [2680,109]
[2680,109] 1 [2681,112]
[2681,112] 1 [2682,115]
[2682,115] 1 [2683,119]
[2683,119] 1 [2684,122]
[2684,122] 1 [2685,124]
[2685,124] 1 [2686,127]
[2686,127] 1 [2687,129]
[2687,129] 1 [2688,133]
[2688,133] 1 [2689,137]
[2689,137] 1 [2690,139]
[2690,139] 1 [2691,141]
[2691,141] 1 [2692,143]
[2692,143] 1 [2693,146]
[2693,146] 1 [2694,150]
[2694,150] 1 [2695,153]
[2695,153] 1 [2696,156]
[2696,156] 1 [2697,159]
[2697,159] 1 [2698,163]
[2698,163] 1 [2699,165]
[2699,165] 1 [2700,168]
[2700,168] 1 [2701,172]
[2701,172] 1 [2702,176]
[2628,177] 1 [2629,6]
[2629,6] 1 [2630,6]
[2630,6] 1 [2631,6]
[2631,6] 1 [2632,6]
[2632,6] 1 [2633,6]
[2633,6] 1 [2634,6]
[2634,6] 1 [2635,6]
[2635,6] 1 [2636,6]
[2636,6] 1 [2637,6]
[2637,6] 0 [2638,6]
[2638,6] 1 [2639,8]
[2639,8] 1 [2640,10]
[2640,10] 1 [2641,12]
[2641,12] 1 [2642,15]
[2642,15] 0 [2643,15]
[2643,15] 1 [2644,17]
[2644,17] 1 [2645,20]
[2645,20] 1 [2646,24]
[2646,24] 1 [2647,27]
[2647,27] 2 [2648,23]
[2648,23] 2 [2649,20]
[2649,20] 1 [2650,20]
[2650,20] 1 [2651,23]
[2651,23] 1 [2652,27]
[2652,27] 1 [2653,29]
[2653,29] 1 [2654,33]
[2654,33] 1 [2655,37]
[2655,37] 1 [2656,40]
[2656,40] 1 [2657,42]
[2657,42] 1 [2658,44]
[2658,44] 1 [2659,48]
[2659,48] 1 [2660,52]
[2660,52] 1 [2661,56]
[2661,56] 1 [2662,58]
[2662,58] 1 [2663,60]
[2663,60] 1 [2664,64]
[2664,64] 1 [2665,67]
[2665,67] 1 [2666,71]
[2666,71] 1 [2667,75]
[2667,75] 1 [2668,78]
[2668,78] 1 [2669,81]
[2669,81] 1 [2670,83]
[2670,83] 1 [2671,86]
[2671,86] 1 [2672,88]
[2672,88] 1 [2673,92]
[2673,92] 1 [2674,96]
[2674,96] 1 [2675,99]
[2675,99] 1 [2676,101]
[2676,101] 1 [2677,103]
[2677,103] 1 [2678,105]
[2678,105] 1 [2679,107]
[2679,107] 1 [2680,109]
[2680,109] 1 [2681,112]
[2681,112] 1 [2682,115]
[2682,115] 1 [2683,119]
[2683,119] 1 [2684,122]
[2684,122] 1 [2685,124]
[2685,124] 1 [2686,127]
[2686,127] 1 [2687,129]
[2687,129] 1 [2688,133]
[2688,133] 1 [2689,137]
[2689,137] 1 [2690,139]
[2690,139] 1 [2691,141]
[2691,141] 1 [2692,143]
[2692,143] 1 [2693,146]
[2693,146] 1 [2694,150]
[2694,150] 1 [2695,153]
[2695,153] 1 [2696,156]
[2696,156] 1 [2697,159]
[2697,159] 1 [2698,163]
[2698,163] 1 [2699,165]
[2699,165] 1 [2700,168]
[2700,168] 1 [2701,172]
[2701,172] 1 [2702,176]
