[0,6] 1 [1,9]
[1,9] 1 [2,13]
[2,13] 1 [3,17]
[3,17] 1 [4,21]
[4,21] 1 [5,25]
[5,25] 1 [6,28]
[6,28] 1 [7,31]
[7,31] 1 [8,33]
[8,33] 1 [9,36]
[9,36] 1 [10,39]
[10,39] 1 [11,41]
[11,41] 1 [12,45]
[12,45] 1 [13,47]
[13,47] 1 [14,51]
[14,51] 1 [15,53]
[15,53] 1 [16,57]
[16,57] 1 [17,61]
[17,61] 1 [18,65]
[18,65] 1 [19,68]
[19,68] 1 [20,72]
[20,72] 1 [21,76]
[21,76] 1 [22,78]
[22,78] 1 [23,81]
[23,81] 1 [24,85]
[24,85] 1 [25,89]
[25,89] 1 [26,91]
[26,91] 1 [27,94]
[27,94] 1 [28,98]
[28,98] 1 [29,100]
[29,100] 1 [30,104]
[30,104] 1 [31,108]
[31,108] 1 [32,112]
[32,112] 1 [33,115]
[33,115] 1 [34,118]
[34,118] 1 [35,122]
[35,122] 1 [36,124]
[36,124] 1 [37,126]
[37,126] 1 [38,129]
[38,129] 1 [39,133]
[39,133] 1 [40,137]
[40,137] 1 [41,139]
[41,139] 1 [42,143]
[42,143] 1 [43,147]
[43,147] 1 [44,149]
[44,149] 1 [45,153]
[45,153] 1 [46,155]
[46,155] 1 [47,159]
[47,159] 1 [48,161]
[48,161] 1 [49,165]
[49,165] 1 [50,168]
[50,168] 1 [51,171]
[51,171] 1 [52,173]
[52,173] 1 [53,175]
[53,175] 1 [54,177]
[54,177] 1 [55,6]
[55,6] 1 [56,6]
[56,6] 1 [57,6]
[57,6] 1 [58,6]
[58,6] 1 [59,6]
[59,6] 1 [60,6]
[60,6] 1 [61,6]
[61,6] 1 [62,6]
[62,6] 1 [63,6]
[63,6] 1 [64,6]
[64,6] 1 [65,8]
[65,8] 2 [66,6]
[66,6] 1 [67,8]
[67,8] 1 [68,11]
[68,11] 2 [69,9]
[69,9] 1 [70,11]
[70,11] 1 [71,13]
[71,13] 2 [72,9]
[72,9] 2 [73,7]
[73,7] 1 [74,6]
[74,6] 1 [75,7]
[75,7] 1 [76,9]
[76,9] 2 [77,6]
[77,6] 1 [78,6]
[78,6] 1 [79,10]
[79,10] 1 [80,12]
[80,12] 2 [81,8]
[81,8] 1 [82,11]
[82,11] 2 [83,7]
[83,7] 1 [84,7]
[84,7] 1 [85,9]
[85,9] 1 [86,12]
[86,12] 1 [87,14]
[87,14] 1 [88,17]
[88,17] 1 [89,21]
[89,21] 1 [90,23]
[90,23] 1 [91,27]
[91,27] 1 [92,30]
[92,30] 1 [93,33]
[93,33] 1 [94,36]
[94,36] 1 [95,40]
[95,40] 1 [96,43]
[96,43] 1 [97,47]
[97,47] 1 [98,50]
[98,50] 1 [99,54]
[99,54] 1 [100,57]
[100,57] 1 [101,61]
[101,61] 1 [102,64]
[102,64] 1 [103,68]
[103,68] 1 [104,70]
[104,70] 1 [105,74]
[105,74] 1 [106,76]
[106,76] 1 [107,78]
[107,78] 1 [108,80]
[108,80] 1 [109,83]
[109,83] 1 [110,86]
[110,86] 1 [111,90]
[111,90] 1 [112,92]
[112,92] 1 [113,96]
[113,96] 1 [114,99]
[114,99] 1 [115,102]
[115,102] 1 [116,104]
[116,104] 1 [117,106]
[117,106] 1 [118,110]
[118,110] 1 [119,113]
[119,113] 1 [120,116]
[120,116] 1 [121,119]
[121,119] 1 [122,121]
[122,121] 1 [123,123]
[123,123] 1 [124,127]
[124,127] 1 [125,129]
[125,129] 1 [126,131]
[126,131] 1 [127,135]
[127,135] 1 [128,137]
[128,137] 1 [129,139]
[129,139] 1 [130,143]
[130,143] 1 [131,145]
[131,145] 1 [132,149]
[132,149] 1 [133,151]
[133,151] 1 [134,154]
[134,154] 1 [135,158]
[135,158] 1 [136,162]
[136,162] 1 [137,164]
[137,164] 1 [138,166]
[138,166] 1 [139,168]
[139,168] 1 [140,171]
[140,171] 1 [141,173]
[141,173] 1 [142,175]
[142,175] 1 [143,177]
[143,177] 1 [144,6]
[144,6] 1 [145,6]
[145,6] 1 [146,6]
[146,6] 1 [147,6]
[147,6] 1 [148,6]
[148,6] 1 [149,6]
[149,6] 1 [150,6]
[150,6] 1 [151,6]
[151,6] 1 [152,6]
[152,6] 0 [153,6]
[153,6] 1 [154,8]
[154,8] 1 [155,12]
[155,12] 1 [156,15]
[156,15] 1 [157,17]
[157,17] 1 [158,19]
[158,19] 1 [159,22]
[159,22] 1 [160,25]
[160,25] 1 [161,29]
[161,29] 1 [162,32]
[162,32] 1 [163,34]
[163,34] 1 [164,38]
[164,38] 1 [165,41]
[165,41] 1 [166,45]
[166,45] 1 [167,48]
[167,48] 1 [168,52]
[168,52] 1 [169,56]
[169,56] 1 [170,59]
[170,59] 1 [171,63]
[171,63] 1 [172,67]
[172,67] 1 [173,70]
[173,70] 1 [174,73]
[174,73] 1 [175,76]
[175,76] 1 [176,79]
[176,79] 1 [177,81]
[177,81] 1 [178,84]
[178,84] 1 [179,88]
[179,88] 1 [180,92]
[180,92] 1 [181,94]
[181,94] 1 [182,97]
[182,97] 1 [183,101]
[183,101] 1 [184,103]
[184,103] 1 [185,106]
[185,106] 1 [186,109]
[186,109] 1 [187,113]
[187,113] 1 [188,117]
[188,117] 1 [189,120]
[189,120] 1 [190,124]
[190,124] 1 [191,128]
[191,128] 1 [192,132]
[192,132] 1 [193,135]
[193,135] 1 [194,137]
[194,137] 1 [195,140]
[195,140] 1 [196,142]
[196,142] 1 [197,144]
[197,144] 1 [198,147]
[198,147] 1 [199,149]
[199,149] 1 [200,153]
[200,153] 1 [201,155]
[201,155] 1 [202,157]
[202,157] 1 [203,159]
[203,159] 1 [204,162]
[204,162] 1 [205,164]
[205,164] 1 [206,168]
[206,168] 1 [207,171]
[207,171] 1 [208,175]
[208,175] 1 [209,6]
[209,6] 1 [210,6]
[210,6] 1 [211,6]
[211,6] 1 [212,6]
[212,6] 1 [213,6]
[213,6] 1 [214,6]
[214,6] 1 [215,6]
[215,6] 1 [216,6]
[216,6] 1 [217,6]
[217,6] 1 [218,8]
[218,8] 1 [219,10]
[219,10] 1 [220,12]
[220,12] 1 [221,15]
[221,15] 0 [222,15]
[222,15] 1 [223,17]
[223,17] 1 [224,21]
[224,21] 1 [225,24]
[225,24] 2 [226,20]
[226,20] 2 [227,16]
[227,16] 1 [228,19]
[228,19] 2 [229,15]
[229,15] 2 [230,11]
[230,11] 1 [231,14]
[231,14] 1 [232,17]
[232,17] 1 [233,20]
[233,20] 2 [234,16]
[234,16] 2 [235,12]
[235,12] 1 [236,14]
[236,14] 1 [237,17]
[237,17] 1 [238,19]
[238,19] 2 [239,15]
[239,15] 1 [240,17]
[240,17] 1 [241,21]
[241,21] 1 [242,25]
[242,25] 1 [243,29]
[243,29] 1 [244,31]
[244,31] 1 [245,34]
[245,34] 1 [246,38]
[246,38] 1 [247,40]
[247,40] 1 [248,44]
[248,44] 1 [249,47]
[249,47] 1 [250,49]
[250,49] 1 [251,52]
[251,52] 1 [252,55]
[252,55] 1 [253,57]
[253,57] 1 [254,61]
[254,61] 1 [255,63]
[255,63] 1 [256,66]
[256,66] 1 [257,70]
[257,70] 1 [258,73]
[258,73] 1 [259,77]
[259,77] 1 [260,80]
[260,80] 1 [261,83]
[261,83] 1 [262,86]
[262,86] 1 [263,88]
[263,88] 1 [264,90]
[264,90] 1 [265,94]
[265,94] 1 [266,98]
[266,98] 1 [267,102]
[267,102] 1 [268,104]
[268,104] 1 [269,108]
[269,108] 1 [270,111]
[270,111] 1 [271,114]
[271,114] 1 [272,117]
[272,117] 1 [273,121]
[273,121] 1 [274,123]
[274,123] 1 [275,126]
[275,126] 1 [276,128]
[276,128] 1 [277,130]
[277,130] 1 [278,132]
[278,132] 1 [279,135]
[279,135] 1 [280,138]
[280,138] 1 [281,142]
[281,142] 1 [282,146]
[282,146] 1 [283,148]
[283,148] 1 [284,152]
[284,152] 1 [285,155]
[285,155] 1 [286,159]
[286,159] 1 [287,163]
[287,163] 1 [288,165]
[288,165] 1 [289,167]
[289,167] 1 [290,170]
[290,170] 1 [291,173]
[291,173] 1 [292,175]
[292,175] 1 [293,177]
[293,177] 1 [294,6]
[294,6] 1 [295,6]
[295,6] 1 [296,6]
[296,6] 1 [297,6]
[297,6] 1 [298,6]
[298,6] 1 [299,6]
[299,6] 1 [300,6]
[300,6] 1 [301,6]
[301,6] 1 [302,6]
[302,6] 1 [303,9]
[303,9] 1 [304,13]
[304,13] 1 [305,17]
[305,17] 0 [306,18]
[306,18] 2 [307,14]
[307,14] 2 [308,10]
[308,10] 1 [309,12]
[309,12] 2 [310,9]
[310,9] 1 [311,10]
[311,10] 1 [312,14]
[312,14] 1 [313,17]
[313,17] 1 [314,21]
[314,21] 1 [315,23]
[315,23] 1 [316,27]
[316,27] 1 [317,31]
[317,31] 1 [318,34]
[318,34] 1 [319,36]
[319,36] 2 [320,32]
[320,32] 0 [321,29]
[321,29] 1 [322,31]
[322,31] 1 [323,33]
[323,33] 1 [324,35]
[324,35] 1 [325,37]
[325,37] 1 [326,40]
[326,40] 1 [327,42]
[327,42] 1 [328,45]
[328,45] 1 [329,47]
[329,47] 1 [330,51]
[330,51] 1 [331,55]
[331,55] 1 [332,57]
[332,57] 1 [333,60]
[333,60] 1 [334,64]
[334,64] 1 [335,66]
[335,66] 1 [336,70]
[336,70] 1 [337,73]
[337,73] 1 [338,75]
[338,75] 1 [339,79]
[339,79] 1 [340,82]
[340,82] 1 [341,86]
[341,86] 1 [342,90]
[342,90] 1 [343,94]
[343,94] 1 [344,97]
[344,97] 1 [345,101]
[345,101] 1 [346,103]
[346,103] 1 [347,107]
[347,107] 1 [348,109]
[348,109] 1 [349,113]
[349,113] 1 [350,117]
[350,117] 2 [351,113]
[351,113] 2 [352,110]
[352,110] 1 [353,111]
[353,111] 2 [354,109]
[354,109] 1 [355,111]
[355,111] 1 [356,113]
[356,113] 1 [357,116]
[357,116] 1 [358,119]
[358,119] 1 [359,122]
[359,122] 1 [360,125]
[360,125] 1 [361,127]
[361,127] 1 [362,130]
[362,130] 1 [363,134]
[363,134] 1 [364,137]
[364,137] 1 [365,140]
[365,140] 1 [366,142]
[366,142] 1 [367,145]
[367,145] 1 [368,147]
[368,147] 1 [369,151]
[369,151] 1 [370,153]
[370,153] 1 [371,157]
[371,157] 1 [372,160]
[372,160] 1 [373,162]
[373,162] 1 [374,165]
[374,165] 1 [375,169]
[375,169] 1 [376,172]
[376,172] 1 [377,176]
[377,176] 1 [378,6]
[378,6] 1 [379,6]
[379,6] 1 [380,6]
[380,6] 1 [381,6]
[381,6] 1 [382,6]
[382,6] 1 [383,6]
[383,6] 1 [384,6]
[384,6] 1 [385,6]
[385,6] 1 [386,6]
[386,6] 1 [387,9]
[387,9] 1 [388,12]
[388,12] 1 [389,15]
[389,15] 0 [390,15]
[390,15] 2 [391,12]
[391,12] 1 [392,14]
[392,14] 1 [393,16]
[393,16] 1 [394,20]
[394,20] 2 [395,16]
[395,16] 2 [396,13]
[396,13] 1 [397,13]
[397,13] 2 [398,9]
[398,9] 1 [399,11]
[399,11] 1 [400,15]
[400,15] 2 [401,12]
[401,12] 1 [402,12]
[402,12] 1 [403,14]
[403,14] 1 [404,16]
[404,16] 1 [405,19]
[405,19] 1 [406,23]
[406,23] 2 [407,19]
[407,19] 1 [408,21]
[408,21] 1 [409,25]
[409,25] 1 [410,27]
[410,27] 1 [411,29]
[411,29] 1 [412,31]
[412,31] 1 [413,35]
[413,35] 1 [414,39]
[414,39] 1 [415,42]
[415,42] 1 [416,44]
[416,44] 1 [417,46]
[417,46] 1 [418,49]
[418,49] 1 [419,52]
[419,52] 1 [420,56]
[420,56] 1 [421,58]
[421,58] 1 [422,61]
[422,61] 1 [423,63]
[423,63] 1 [424,67]
[424,67] 1 [425,69]
[425,69] 1 [426,73]
[426,73] 1 [427,75]
[427,75] 1 [428,78]
[428,78] 1 [429,82]
[429,82] 1 [430,85]
[430,85] 1 [431,89]
[431,89] 1 [432,91]
[432,91] 1 [433,94]
[433,94] 1 [434,98]
[434,98] 1 [435,102]
[435,102] 1 [436,106]
[436,106] 1 [437,110]
[437,110] 1 [438,113]
[438,113] 1 [439,117]
[439,117] 2 [440,113]
[440,113] 2 [441,109]
[441,109] 1 [442,111]
[442,111] 1 [443,113]
[443,113] 1 [444,116]
[444,116] 1 [445,119]
[445,119] 1 [446,121]
[446,121] 1 [447,123]
[447,123] 1 [448,126]
[448,126] 1 [449,130]
[449,130] 1 [450,132]
[450,132] 1 [451,135]
[451,135] 1 [452,139]
[452,139] 1 [453,142]
[453,142] 1 [454,144]
[454,144] 1 [455,148]
[455,148] 1 [456,152]
[456,152] 1 [457,155]
[457,155] 1 [458,159]
[458,159] 1 [459,163]
[459,163] 1 [460,166]
[460,166] 1 [461,170]
[461,170] 1 [462,172]
[462,172] 1 [463,175]
[463,175] 1 [464,177]
[464,177] 1 [465,6]
[465,6] 1 [466,6]
[466,6] 1 [467,6]
[467,6] 1 [468,6]
[468,6] 1 [469,6]
[469,6] 1 [470,6]
[470,6] 1 [471,6]
[471,6] 1 [472,6]
[472,6] 1 [473,6]
[473,6] 1 [474,6]
[474,6] 1 [475,6]
[475,6] 1 [476,9]
[476,9] 0 [477,9]
[477,9] 2 [478,6]
[478,6] 1 [479,9]
[479,9] 1 [480,13]
[480,13] 1 [481,17]
[481,17] 1 [482,19]
[482,19] 2 [483,16]
[483,16] 2 [484,12]
[484,12] 1 [485,14]
[485,14] 1 [486,18]
[486,18] 1 [487,21]
[487,21] 1 [488,24]
[488,24] 1 [489,26]
[489,26] 1 [490,28]
[490,28] 1 [491,32]
[491,32] 1 [492,34]
[492,34] 1 [493,38]
[493,38] 1 [494,42]
[494,42] 1 [495,46]
[495,46] 1 [496,50]
[496,50] 1 [497,52]
[497,52] 1 [498,54]
[498,54] 1 [499,56]
[499,56] 1 [500,58]
[500,58] 1 [501,62]
[501,62] 1 [502,66]
[502,66] 1 [503,69]
[503,69] 1 [504,72]
[504,72] 1 [505,75]
[505,75] 1 [506,77]
[506,77] 1 [507,80]
[507,80] 1 [508,84]
[508,84] 1 [509,87]
[509,87] 1 [510,89]
[510,89] 1 [511,91]
[511,91] 1 [512,95]
[512,95] 2 [513,93]
[513,93] 1 [514,96]
[514,96] 1 [515,99]
[515,99] 1 [516,102]
[516,102] 1 [517,105]
[517,105] 1 [518,107]
[518,107] 1 [519,109]
[519,109] 1 [520,112]
[520,112] 1 [521,115]
[521,115] 1 [522,118]
[522,118] 1 [523,120]
[523,120] 1 [524,123]
[524,123] 1 [525,126]
[525,126] 1 [526,130]
[526,130] 1 [527,133]
[527,133] 1 [528,135]
[528,135] 1 [529,139]
[529,139] 1 [530,142]
[530,142] 1 [531,144]
[531,144] 1 [532,146]
[532,146] 1 [533,149]
[533,149] 1 [534,153]
[534,153] 1 [535,156]
[535,156] 1 [536,160]
[536,160] 1 [537,162]
[537,162] 1 [538,165]
[538,165] 1 [539,169]
[539,169] 1 [540,171]
[540,171] 1 [541,175]
[541,175] 1 [542,6]
[542,6] 1 [543,6]
[543,6] 1 [544,6]
[544,6] 1 [545,6]
[545,6] 1 [546,6]
[546,6] 1 [547,6]
[547,6] 1 [548,6]
[548,6] 1 [549,6]
[549,6] 1 [550,6]
[550,6] 0 [551,6]
[551,6] 1 [552,7]
[552,7] 1 [553,10]
[553,10] 1 [554,13]
[554,13] 1 [555,15]
[555,15] 1 [556,19]
[556,19] 1 [557,22]
[557,22] 1 [558,24]
[558,24] 1 [559,26]
[559,26] 1 [560,29]
[560,29] 1 [561,32]
[561,32] 1 [562,35]
[562,35] 1 [563,38]
[563,38] 1 [564,40]
[564,40] 1 [565,44]
[565,44] 1 [566,48]
[566,48] 1 [567,50]
[567,50] 1 [568,52]
[568,52] 1 [569,55]
[569,55] 1 [570,57]
[570,57] 1 [571,61]
[571,61] 1 [572,65]
[572,65] 1 [573,68]
[573,68] 1 [574,71]
[574,71] 1 [575,74]
[575,74] 1 [576,78]
[576,78] 1 [577,81]
[577,81] 1 [578,84]
[578,84] 1 [579,86]
[579,86] 1 [580,88]
[580,88] 1 [581,90]
[581,90] 1 [582,93]
[582,93] 1 [583,95]
[583,95] 1 [584,99]
[584,99] 1 [585,103]
[585,103] 1 [586,107]
[586,107] 1 [587,109]
[587,109] 1 [588,112]
[588,112] 1 [589,114]
[589,114] 1 [590,117]
[590,117] 1 [591,119]
[591,119] 1 [592,122]
[592,122] 1 [593,125]
[593,125] 1 [594,128]
[594,128] 1 [595,130]
[595,130] 1 [596,132]
[596,132] 1 [597,136]
[597,136] 1 [598,140]
[598,140] 1 [599,144]
[599,144] 1 [600,147]
[600,147] 1 [601,151]
[601,151] 1 [602,155]
[602,155] 1 [603,157]
[603,157] 1 [604,160]
[604,160] 1 [605,162]
[605,162] 1 [606,164]
[606,164] 1 [607,168]
[607,168] 1 [608,172]
[608,172] 1 [609,176]
[609,176] 1 [610,6]
[610,6] 1 [611,6]
[611,6] 1 [612,6]
[612,6] 1 [613,6]
[613,6] 1 [614,6]
[614,6] 1 [615,6]
[615,6] 1 [616,6]
[616,6] 1 [617,6]
[617,6] 1 [618,7]
[618,7] 0 [619,7]
[619,7] 2 [620,6]
[620,6] 1 [621,8]
[621,8] 1 [622,10]
[622,10] 1 [623,13]
[623,13] 1 [624,15]
[624,15] 2 [625,12]
[625,12] 1 [626,14]
[626,14] 1 [627,18]
[627,18] 1 [628,21]
[628,21] 1 [629,23]
[629,23] 1 [630,27]
[630,27] 1 [631,31]
[631,31] 1 [632,35]
[632,35] 1 [633,39]
[633,39] 2 [634,35]
[634,35] 1 [635,35]
[635,35] 1 [636,39]
[636,39] 1 [637,41]
[637,41] 1 [638,43]
[638,43] 1 [639,45]
[639,45] 1 [640,47]
[640,47] 1 [641,51]
[641,51] 1 [642,54]
[642,54] 1 [643,56]
[643,56] 1 [644,60]
[644,60] 1 [645,63]
[645,63] 1 [646,65]
[646,65] 1 [647,67]
[647,67] 1 [648,69]
[648,69] 1 [649,72]
[649,72] 1 [650,76]
[650,76] 1 [651,79]
[651,79] 1 [652,82]
[652,82] 1 [653,84]
[653,84] 1 [654,86]
[654,86] 1 [655,88]
[655,88] 1 [656,90]
[656,90] 1 [657,92]
[657,92] 1 [658,96]
[658,96] 1 [659,100]
[659,100] 1 [660,102]
[660,102] 1 [661,106]
[661,106] 1 [662,109]
[662,109] 1 [663,112]
[663,112] 1 [664,115]
[664,115] 1 [665,119]
[665,119] 1 [666,123]
[666,123] 1 [667,127]
[667,127] 1 [668,131]
[668,131] 1 [669,134]
[669,134] 1 [670,136]
[670,136] 1 [671,138]
[671,138] 1 [672,142]
[672,142] 1 [673,146]
[673,146] 1 [674,150]
[674,150] 1 [675,152]
[675,152] 1 [676,155]
[676,155] 1 [677,158]
[677,158] 1 [678,161]
[678,161] 1 [679,163]
[679,163] 1 [680,167]
[680,167] 1 [681,171]
[681,171] 1 [682,173]
[682,173] 1 [683,177]
[683,177] 1 [684,6]
[684,6] 1 [685,6]
[685,6] 1 [686,6]
[686,6] 1 [687,6]
[687,6] 1 [688,6]
[688,6] 1 [689,6]
[689,6] 1 [690,6]
[690,6] 1 [691,6]
[691,6] 1 [692,6]
[692,6] 1 [693,6]
[693,6] 1 [694,7]
[694,7] 1 [695,9]
[695,9] 2 [696,7]
[696,7] 1 [697,8]
[697,8] 1 [698,12]
[698,12] 1 [699,15]
[699,15] 1 [700,17]
[700,17] 1 [701,19]
[701,19] 1 [702,22]
[702,22] 1 [703,24]
[703,24] 1 [704,27]
[704,27] 1 [705,30]
[705,30] 1 [706,32]
[706,32] 1 [707,36]
[707,36] 1 [708,39]
[708,39] 1 [709,41]
[709,41] 1 [710,45]
[710,45] 1 [711,49]
[711,49] 1 [712,53]
[712,53] 1 [713,56]
[713,56] 1 [714,60]
[714,60] 1 [715,64]
[715,64] 1 [716,66]
[716,66] 1 [717,70]
[717,70] 1 [718,73]
[718,73] 1 [719,75]
[719,75] 1 [720,78]
[720,78] 1 [721,80]
[721,80] 1 [722,83]
[722,83] 1 [723,85]
[723,85] 1 [724,87]
[724,87] 1 [725,89]
[725,89] 1 [726,92]
[726,92] 1 [727,94]
[727,94] 1 [728,98]
[728,98] 1 [729,102]
[729,102] 1 [730,106]
[730,106] 1 [731,109]
[731,109] 1 [732,112]
[732,112] 1 [733,116]
[733,116] 1 [734,118]
[734,118] 1 [735,120]
[735,120] 1 [736,124]
[736,124] 1 [737,127]
[737,127] 1 [738,130]
[738,130] 1 [739,133]
[739,133] 1 [740,137]
[740,137] 1 [741,140]
[741,140] 1 [742,142]
[742,142] 1 [743,144]
[743,144] 1 [744,148]
[744,148] 1 [745,150]
[745,150] 1 [746,154]
[746,154] 1 [747,158]
[747,158] 1 [748,162]
[748,162] 1 [749,165]
[749,165] 1 [750,168]
[750,168] 1 [751,172]
[751,172] 1 [752,174]
[752,174] 1 [753,177]
[753,177] 1 [754,6]
[754,6] 1 [755,6]
[755,6] 1 [756,6]
[756,6] 1 [757,6]
[757,6] 1 [758,6]
[758,6] 1 [759,6]
[759,6] 1 [760,6]
[760,6] 1 [761,6]
[761,6] 1 [762,6]
[762,6] 1 [763,6]
[763,6] 1 [764,6]
[764,6] 1 [765,7]
[765,7] 1 [766,11]
[766,11] 1 [767,13]
[767,13] 1 [768,15]
[768,15] 1 [769,18]
[769,18] 1 [770,21]
[770,21] 1 [771,24]
[771,24] 1 [772,26]
[772,26] 1 [773,28]
[773,28] 1 [774,32]
[774,32] 1 [775,36]
[775,36] 1 [776,39]
[776,39] 1 [777,42]
[777,42] 1 [778,46]
[778,46] 1 [779,50]
[779,50] 1 [780,52]
[780,52] 1 [781,56]
[781,56] 1 [782,59]
[782,59] 1 [783,61]
[783,61] 1 [784,63]
[784,63] 1 [785,66]
[785,66] 1 [786,69]
[786,69] 1 [787,73]
[787,73] 1 [788,76]
[788,76] 1 [789,80]
[789,80] 1 [790,82]
[790,82] 1 [791,86]
[791,86] 1 [792,88]
[792,88] 1 [793,91]
[793,91] 1 [794,94]
[794,94] 1 [795,96]
[795,96] 1 [796,98]
[796,98] 1 [797,100]
[797,100] 1 [798,102]
[798,102] 1 [799,105]
[799,105] 1 [800,107]
[800,107] 1 [801,111]
[801,111] 1 [802,114]
[802,114] 1 [803,117]
[803,117] 1 [804,119]
[804,119] 1 [805,123]
[805,123] 1 [806,127]
[806,127] 1 [807,129]
[807,129] 1 [808,132]
[808,132] 1 [809,134]
[809,134] 1 [810,137]
[810,137] 1 [811,139]
[811,139] 1 [812,142]
[812,142] 1 [813,144]
[813,144] 1 [814,147]
[814,147] 1 [815,150]
[815,150] 1 [816,154]
[816,154] 1 [817,156]
[817,156] 1 [818,159]
[818,159] 1 [819,163]
[819,163] 1 [820,165]
[820,165] 1 [821,167]
[821,167] 1 [822,170]
[822,170] 1 [823,174]
[823,174] 1 [824,176]
[824,176] 1 [825,6]
[825,6] 1 [826,6]
[826,6] 1 [827,6]
[827,6] 1 [828,6]
[828,6] 1 [829,6]
[829,6] 1 [830,6]
[830,6] 1 [831,6]
[831,6] 1 [832,6]
[832,6] 1 [833,6]
[833,6] 1 [834,6]
[834,6] 1 [835,6]
[835,6] 1 [836,10]
[836,10] 2 [837,11]
[837,11] 0 [838,10]
[838,10] 1 [839,14]
[839,14] 1 [840,17]
[840,17] 2 [841,17]
[841,17] 2 [842,14]
[842,14] 2 [843,10]
[843,10] 1 [844,11]
[844,11] 1 [845,13]
[845,13] 1 [846,16]
[846,16] 2 [847,13]
[847,13] 1 [848,15]
[848,15] 1 [849,17]
[849,17] 1 [850,20]
[850,20] 1 [851,24]
[851,24] 1 [852,26]
[852,26] 1 [853,28]
[853,28] 1 [854,32]
[854,32] 1 [855,36]
[855,36] 1 [856,39]
[856,39] 1 [857,42]
[857,42] 1 [858,44]
[858,44] 1 [859,46]
[859,46] 1 [860,49]
[860,49] 1 [861,51]
[861,51] 1 [862,53]
[862,53] 1 [863,57]
[863,57] 1 [864,61]
[864,61] 1 [865,64]
[865,64] 1 [866,68]
[866,68] 1 [867,70]
[867,70] 1 [868,73]
[868,73] 1 [869,76]
[869,76] 1 [870,79]
[870,79] 1 [871,81]
[871,81] 1 [872,84]
[872,84] 1 [873,86]
[873,86] 1 [874,88]
[874,88] 1 [875,92]
[875,92] 1 [876,94]
[876,94] 1 [877,98]
[877,98] 1 [878,101]
[878,101] 1 [879,104]
[879,104] 1 [880,107]
[880,107] 1 [881,109]
[881,109] 1 [882,111]
[882,111] 1 [883,115]
[883,115] 1 [884,117]
[884,117] 1 [885,119]
[885,119] 1 [886,122]
[886,122] 1 [887,126]
[887,126] 1 [888,129]
[888,129] 1 [889,132]
[889,132] 1 [890,134]
[890,134] 1 [891,138]
[891,138] 1 [892,140]
[892,140] 1 [893,142]
[893,142] 1 [894,144]
[894,144] 1 [895,147]
[895,147] 1 [896,150]
[896,150] 1 [897,153]
[897,153] 1 [898,155]
[898,155] 1 [899,159]
[899,159] 1 [900,163]
[900,163] 1 [901,167]
[901,167] 1 [902,169]
[902,169] 1 [903,173]
[903,173] 1 [904,177]
[904,177] 1 [905,6]
[905,6] 1 [906,6]
[906,6] 1 [907,6]
[907,6] 1 [908,6]
[908,6] 1 [909,6]
[909,6] 1 [910,6]
[910,6] 1 [911,6]
[911,6] 1 [912,6]
[912,6] 1 [913,6]
[913,6] 1 [914,6]
[914,6] 1 [915,8]
[915,8] 2 [916,6]
[916,6] 1 [917,8]
[917,8] 2 [918,6]
[918,6] 1 [919,8]
[919,8] 1 [920,12]
[920,12] 1 [921,16]
[921,16] 1 [922,20]
[922,20] 1 [923,23]
[923,23] 1 [924,25]
[924,25] 1 [925,29]
[925,29] 1 [926,31]
[926,31] 1 [927,33]
[927,33] 1 [928,35]
[928,35] 1 [929,38]
[929,38] 1 [930,41]
[930,41] 1 [931,43]
[931,43] 1 [932,46]
[932,46] 1 [933,49]
[933,49] 1 [934,51]
[934,51] 1 [935,55]
[935,55] 1 [936,58]
[936,58] 1 [937,60]
[937,60] 1 [938,62]
[938,62] 1 [939,64]
[939,64] 1 [940,68]
[940,68] 1 [941,72]
[941,72] 1 [942,76]
[942,76] 1 [943,80]
[943,80] 1 [944,84]
[944,84] 1 [945,87]
[945,87] 1 [946,90]
[946,90] 1 [947,94]
[947,94] 1 [948,97]
[948,97] 1 [949,100]
[949,100] 1 [950,102]
[950,102] 1 [951,104]
[951,104] 1 [952,107]
[952,107] 1 [953,109]
[953,109] 1 [954,113]
[954,113] 1 [955,117]
[955,117] 1 [956,120]
[956,120] 1 [957,122]
[957,122] 1 [958,124]
[958,124] 1 [959,126]
[959,126] 1 [960,129]
[960,129] 1 [961,132]
[961,132] 1 [962,135]
[962,135] 1 [963,139]
[963,139] 1 [964,142]
[964,142] 1 [965,145]
[965,145] 1 [966,147]
[966,147] 1 [967,151]
[967,151] 1 [968,153]
[968,153] 1 [969,157]
[969,157] 1 [970,161]
[970,161] 1 [971,165]
[971,165] 1 [972,168]
[972,168] 1 [973,170]
[973,170] 1 [974,173]
[974,173] 1 [975,177]
[975,177] 1 [976,6]
[976,6] 1 [977,6]
[977,6] 1 [978,6]
[978,6] 1 [979,6]
[979,6] 1 [980,6]
[980,6] 1 [981,6]
[981,6] 1 [982,6]
[982,6] 1 [983,6]
[983,6] 1 [984,6]
[984,6] 1 [985,6]
[985,6] 1 [986,6]
[986,6] 2 [987,6]
[987,6] 1 [988,9]
[988,9] 1 [989,13]
[989,13] 2 [990,10]
[990,10] 1 [991,14]
[991,14] 2 [992,10]
[992,10] 1 [993,12]
[993,12] 2 [994,9]
[994,9] 1 [995,9]
[995,9] 1 [996,12]
[996,12] 2 [997,9]
[997,9] 1 [998,11]
[998,11] 1 [999,14]
[999,14] 1 [1000,17]
[1000,17] 2 [1001,13]
[1001,13] 1 [1002,13]
[1002,13] 2 [1003,9]
[1003,9] 1 [1004,11]
[1004,11] 1 [1005,13]
[1005,13] 1 [1006,15]
[1006,15] 2 [1007,12]
[1007,12] 2 [1008,8]
[1008,8] 1 [1009,11]
[1009,11] 1 [1010,14]
[1010,14] 1 [1011,16]
[1011,16] 1 [1012,18]
[1012,18] 1 [1013,21]
[1013,21] 1 [1014,24]
[1014,24] 1 [1015,26]
[1015,26] 1 [1016,29]
[1016,29] 1 [1017,31]
[1017,31] 1 [1018,33]
[1018,33] 1 [1019,36]
[1019,36] 1 [1020,39]
[1020,39] 1 [1021,43]
[1021,43] 1 [1022,46]
[1022,46] 1 [1023,50]
[1023,50] 1 [1024,53]
[1024,53] 1 [1025,57]
[1025,57] 1 [1026,61]
[1026,61] 1 [1027,64]
[1027,64] 1 [1028,68]
[1028,68] 1 [1029,72]
[1029,72] 1 [1030,74]
[1030,74] 1 [1031,78]
[1031,78] 1 [1032,80]
[1032,80] 1 [1033,82]
[1033,82] 1 [1034,84]
[1034,84] 1 [1035,86]
[1035,86] 1 [1036,90]
[1036,90] 1 [1037,92]
[1037,92] 1 [1038,95]
[1038,95] 1 [1039,97]
[1039,97] 1 [1040,101]
[1040,101] 1 [1041,103]
[1041,103] 1 [1042,107]
[1042,107] 1 [1043,110]
[1043,110] 1 [1044,112]
[1044,112] 1 [1045,116]
[1045,116] 1 [1046,120]
[1046,120] 1 [1047,124]
[1047,124] 1 [1048,128]
[1048,128] 1 [1049,132]
[1049,132] 1 [1050,135]
[1050,135] 1 [1051,137]
[1051,137] 1 [1052,139]
[1052,139] 1 [1053,142]
[1053,142] 1 [1054,146]
[1054,146] 1 [1055,148]
[1055,148] 1 [1056,152]
[1056,152] 1 [1057,156]
[1057,156] 1 [1058,159]
[1058,159] 1 [1059,163]
[1059,163] 1 [1060,167]
[1060,167] 1 [1061,169]
[1061,169] 1 [1062,173]
[1062,173] 1 [1063,175]
[1063,175] 1 [1064,177]
[1064,177] 1 [1065,6]
[1065,6] 1 [1066,6]
[1066,6] 1 [1067,6]
[1067,6] 1 [1068,6]
[1068,6] 1 [1069,6]
[1069,6] 1 [1070,6]
[1070,6] 1 [1071,6]
[1071,6] 1 [1072,6]
[1072,6] 1 [1073,6]
[1073,6] 1 [1074,6]
[1074,6] 1 [1075,7]
[1075,7] 0 [1076,7]
[1076,7] 1 [1077,11]
[1077,11] 2 [1078,7]
[1078,7] 1 [1079,7]
[1079,7] 1 [1080,11]
[1080,11] 2 [1081,9]
[1081,9] 1 [1082,10]
[1082,10] 1 [1083,12]
[1083,12] 2 [1084,8]
[1084,8] 1 [1085,10]
[1085,10] 1 [1086,13]
[1086,13] 1 [1087,15]
[1087,15] 1 [1088,17]
[1088,17] 1 [1089,19]
[1089,19] 1 [1090,21]
[1090,21] 1 [1091,25]
[1091,25] 1 [1092,29]
[1092,29] 1 [1093,32]
[1093,32] 1 [1094,35]
[1094,35] 1 [1095,39]
[1095,39] 1 [1096,41]
[1096,41] 1 [1097,44]
[1097,44] 1 [1098,47]
[1098,47] 1 [1099,49]
[1099,49] 1 [1100,51]
[1100,51] 1 [1101,53]
[1101,53] 1 [1102,55]
[1102,55] 1 [1103,58]
[1103,58] 1 [1104,62]
[1104,62] 1 [1105,64]
[1105,64] 1 [1106,67]
[1106,67] 1 [1107,71]
[1107,71] 1 [1108,74]
[1108,74] 1 [1109,76]
[1109,76] 1 [1110,78]
[1110,78] 1 [1111,80]
[1111,80] 1 [1112,82]
[1112,82] 1 [1113,84]
[1113,84] 1 [1114,86]
[1114,86] 1 [1115,88]
[1115,88] 1 [1116,91]
[1116,91] 1 [1117,95]
[1117,95] 1 [1118,97]
[1118,97] 1 [1119,100]
[1119,100] 1 [1120,104]
[1120,104] 1 [1121,106]
[1121,106] 1 [1122,110]
[1122,110] 1 [1123,114]
[1123,114] 1 [1124,117]
[1124,117] 1 [1125,121]
[1125,121] 1 [1126,123]
[1126,123] 1 [1127,127]
[1127,127] 1 [1128,129]
[1128,129] 1 [1129,131]
[1129,131] 1 [1130,134]
[1130,134] 1 [1131,137]
[1131,137] 1 [1132,139]
[1132,139] 1 [1133,143]
[1133,143] 1 [1134,145]
[1134,145] 1 [1135,148]
[1135,148] 1 [1136,150]
[1136,150] 1 [1137,154]
[1137,154] 1 [1138,156]
[1138,156] 1 [1139,160]
[1139,160] 1 [1140,162]
[1140,162] 1 [1141,166]
[1141,166] 1 [1142,170]
[1142,170] 1 [1143,173]
[1143,173] 1 [1144,176]
[1144,176] 1 [1145,6]
[1145,6] 1 [1146,6]
[1146,6] 1 [1147,6]
[1147,6] 1 [1148,6]
[1148,6] 1 [1149,6]
[1149,6] 1 [1150,6]
[1150,6] 1 [1151,6]
[1151,6] 1 [1152,6]
[1152,6] 1 [1153,6]
[1153,6] 0 [1154,7]
[1154,7] 0 [1155,7]
[1155,7] 0 [1156,7]
[1156,7] 1 [1157,7]
[1157,7] 0 [1158,7]
[1158,7] 2 [1159,6]
[1159,6] 1 [1160,8]
[1160,8] 1 [1161,10]
[1161,10] 1 [1162,13]
[1162,13] 1 [1163,16]
[1163,16] 2 [1164,13]
[1164,13] 2 [1165,10]
[1165,10] 1 [1166,12]
[1166,12] 1 [1167,15]
[1167,15] 2 [1168,12]
[1168,12] 2 [1169,8]
[1169,8] 2 [1170,6]
[1170,6] 1 [1171,8]
[1171,8] 2 [1172,6]
[1172,6] 1 [1173,8]
[1173,8] 1 [1174,10]
[1174,10] 1 [1175,13]
[1175,13] 1 [1176,16]
[1176,16] 2 [1177,12]
[1177,12] 2 [1178,9]
[1178,9] 2 [1179,6]
[1179,6] 1 [1180,8]
[1180,8] 1 [1181,10]
[1181,10] 1 [1182,12]
[1182,12] 1 [1183,15]
[1183,15] 1 [1184,18]
[1184,18] 1 [1185,22]
[1185,22] 1 [1186,25]
[1186,25] 1 [1187,28]
[1187,28] 1 [1188,30]
[1188,30] 1 [1189,33]
[1189,33] 1 [1190,36]
[1190,36] 1 [1191,39]
[1191,39] 1 [1192,41]
[1192,41] 1 [1193,44]
[1193,44] 1 [1194,47]
[1194,47] 1 [1195,50]
[1195,50] 1 [1196,53]
[1196,53] 1 [1197,57]
[1197,57] 1 [1198,60]
[1198,60] 1 [1199,64]
[1199,64] 1 [1200,68]
[1200,68] 1 [1201,72]
[1201,72] 1 [1202,74]
[1202,74] 1 [1203,78]
[1203,78] 1 [1204,80]
[1204,80] 1 [1205,84]
[1205,84] 1 [1206,87]
[1206,87] 1 [1207,89]
[1207,89] 1 [1208,93]
[1208,93] 1 [1209,96]
[1209,96] 1 [1210,99]
[1210,99] 1 [1211,101]
[1211,101] 1 [1212,104]
[1212,104] 1 [1213,108]
[1213,108] 1 [1214,110]
[1214,110] 1 [1215,112]
[1215,112] 1 [1216,114]
[1216,114] 1 [1217,116]
[1217,116] 2 [1218,112]
[1218,112] 1 [1219,115]
[1219,115] 2 [1220,111]
[1220,111] 2 [1221,108]
[1221,108] 1 [1222,110]
[1222,110] 1 [1223,113]
[1223,113] 1 [1224,115]
[1224,115] 1 [1225,117]
[1225,117] 1 [1226,120]
[1226,120] 1 [1227,124]
[1227,124] 1 [1228,126]
[1228,126] 1 [1229,130]
[1229,130] 1 [1230,134]
[1230,134] 1 [1231,137]
[1231,137] 1 [1232,141]
[1232,141] 1 [1233,143]
[1233,143] 1 [1234,145]
[1234,145] 1 [1235,147]
[1235,147] 1 [1236,151]
[1236,151] 1 [1237,154]
[1237,154] 1 [1238,156]
[1238,156] 1 [1239,159]
[1239,159] 1 [1240,163]
[1240,163] 1 [1241,165]
[1241,165] 1 [1242,168]
[1242,168] 1 [1243,171]
[1243,171] 1 [1244,174]
[1244,174] 1 [1245,176]
[1245,176] 1 [1246,6]
[1246,6] 1 [1247,6]
[1247,6] 1 [1248,6]
[1248,6] 1 [1249,6]
[1249,6] 1 [1250,6]
[1250,6] 1 [1251,6]
[1251,6] 1 [1252,6]
[1252,6] 1 [1253,6]
[1253,6] 1 [1254,6]
[1254,6] 1 [1255,6]
[1255,6] 1 [1256,6]
[1256,6] 1 [1257,8]
[1257,8] 1 [1258,11]
[1258,11] 1 [1259,13]
[1259,13] 1 [1260,15]
[1260,15] 1 [1261,18]
[1261,18] 1 [1262,20]
[1262,20] 1 [1263,22]
[1263,22] 1 [1264,26]
[1264,26] 1 [1265,28]
[1265,28] 1 [1266,30]
[1266,30] 1 [1267,33]
[1267,33] 1 [1268,35]
[1268,35] 1 [1269,37]
[1269,37] 1 [1270,39]
[1270,39] 1 [1271,41]
[1271,41] 1 [1272,45]
[1272,45] 1 [1273,47]
[1273,47] 1 [1274,49]
[1274,49] 1 [1275,51]
[1275,51] 1 [1276,54]
[1276,54] 1 [1277,56]
[1277,56] 1 [1278,60]
[1278,60] 1 [1279,62]
[1279,62] 1 [1280,65]
[1280,65] 1 [1281,69]
[1281,69] 1 [1282,72]
[1282,72] 1 [1283,76]
[1283,76] 1 [1284,79]
[1284,79] 1 [1285,83]
[1285,83] 1 [1286,87]
[1286,87] 1 [1287,91]
[1287,91] 1 [1288,94]
[1288,94] 1 [1289,98]
[1289,98] 1 [1290,102]
[1290,102] 1 [1291,104]
[1291,104] 1 [1292,106]
[1292,106] 1 [1293,109]
[1293,109] 1 [1294,113]
[1294,113] 1 [1295,117]
[1295,117] 1 [1296,121]
[1296,121] 1 [1297,123]
[1297,123] 1 [1298,125]
[1298,125] 1 [1299,129]
[1299,129] 1 [1300,132]
[1300,132] 1 [1301,135]
[1301,135] 1 [1302,139]
[1302,139] 1 [1303,143]
[1303,143] 1 [1304,145]
[1304,145] 1 [1305,147]
[1305,147] 1 [1306,151]
[1306,151] 1 [1307,155]
[1307,155] 1 [1308,159]
[1308,159] 1 [1309,161]
[1309,161] 1 [1310,164]
[1310,164] 1 [1311,167]
[1311,167] 1 [1312,171]
[1312,171] 1 [1313,175]
[1313,175] 1 [1314,6]
[1314,6] 1 [1315,6]
[1315,6] 1 [1316,6]
[1316,6] 1 [1317,6]
[1317,6] 1 [1318,6]
[1318,6] 1 [1319,6]
[1319,6] 1 [1320,6]
[1320,6] 1 [1321,6]
[1321,6] 1 [1322,6]
[1322,6] 1 [1323,6]
[1323,6] 1 [1324,7]
[1324,7] 1 [1325,10]
[1325,10] 2 [1326,6]
[1326,6] 1 [1327,8]
[1327,8] 1 [1328,10]
[1328,10] 2 [1329,9]
[1329,9] 1 [1330,7]
[1330,7] 1 [1331,10]
[1331,10] 1 [1332,13]
[1332,13] 1 [1333,16]
[1333,16] 1 [1334,20]
[1334,20] 1 [1335,23]
[1335,23] 1 [1336,25]
[1336,25] 1 [1337,28]
[1337,28] 1 [1338,31]
[1338,31] 1 [1339,34]
[1339,34] 1 [1340,38]
[1340,38] 1 [1341,40]
[1341,40] 1 [1342,43]
[1342,43] 1 [1343,45]
[1343,45] 1 [1344,47]
[1344,47] 1 [1345,51]
[1345,51] 1 [1346,54]
[1346,54] 2 [1347,52]
[1347,52] 2 [1348,48]
[1348,48] 1 [1349,50]
[1349,50] 1 [1350,52]
[1350,52] 1 [1351,54]
[1351,54] 1 [1352,56]
[1352,56] 2 [1353,52]
[1353,52] 1 [1354,54]
[1354,54] 1 [1355,56]
[1355,56] 1 [1356,58]
[1356,58] 1 [1357,60]
[1357,60] 1 [1358,62]
[1358,62] 1 [1359,65]
[1359,65] 1 [1360,67]
[1360,67] 1 [1361,70]
[1361,70] 1 [1362,74]
[1362,74] 1 [1363,78]
[1363,78] 1 [1364,81]
[1364,81] 1 [1365,83]
[1365,83] 1 [1366,86]
[1366,86] 1 [1367,90]
[1367,90] 1 [1368,93]
[1368,93] 1 [1369,96]
[1369,96] 1 [1370,98]
[1370,98] 1 [1371,101]
[1371,101] 1 [1372,105]
[1372,105] 1 [1373,107]
[1373,107] 1 [1374,110]
[1374,110] 1 [1375,114]
[1375,114] 1 [1376,116]
[1376,116] 1 [1377,120]
[1377,120] 1 [1378,123]
[1378,123] 1 [1379,125]
[1379,125] 1 [1380,129]
[1380,129] 1 [1381,133]
[1381,133] 1 [1382,135]
[1382,135] 1 [1383,138]
[1383,138] 1 [1384,140]
[1384,140] 1 [1385,144]
[1385,144] 1 [1386,148]
[1386,148] 1 [1387,152]
[1387,152] 1 [1388,154]
[1388,154] 1 [1389,157]
[1389,157] 1 [1390,161]
[1390,161] 1 [1391,163]
[1391,163] 1 [1392,165]
[1392,165] 1 [1393,167]
[1393,167] 1 [1394,169]
[1394,169] 1 [1395,171]
[1395,171] 1 [1396,173]
[1396,173] 1 [1397,177]
[1397,177] 1 [1398,6]
[1398,6] 1 [1399,6]
[1399,6] 1 [1400,6]
[1400,6] 1 [1401,6]
[1401,6] 1 [1402,6]
[1402,6] 1 [1403,6]
[1403,6] 1 [1404,6]
[1404,6] 1 [1405,6]
[1405,6] 1 [1406,6]
[1406,6] 1 [1407,8]
[1407,8] 1 [1408,10]
[1408,10] 1 [1409,14]
[1409,14] 0 [1410,15]
[1410,15] 2 [1411,11]
[1411,11] 2 [1412,7]
[1412,7] 1 [1413,9]
[1413,9] 1 [1414,13]
[1414,13] 1 [1415,15]
[1415,15] 2 [1416,11]
[1416,11] 2 [1417,8]
[1417,8] 1 [1418,11]
[1418,11] 2 [1419,11]
[1419,11] 2 [1420,8]
[1420,8] 1 [1421,10]
[1421,10] 2 [1422,6]
[1422,6] 1 [1423,9]
[1423,9] 1 [1424,12]
[1424,12] 2 [1425,8]
[1425,8] 1 [1426,6]
[1426,6] 1 [1427,7]
[1427,7] 1 [1428,11]
[1428,11] 0 [1429,12]
[1429,12] 2 [1430,8]
[1430,8] 1 [1431,11]
[1431,11] 1 [1432,14]
[1432,14] 1 [1433,18]
[1433,18] 1 [1434,20]
[1434,20] 1 [1435,24]
[1435,24] 1 [1436,27]
[1436,27] 1 [1437,31]
[1437,31] 1 [1438,33]
[1438,33] 1 [1439,37]
[1439,37] 1 [1440,41]
[1440,41] 1 [1441,44]
[1441,44] 1 [1442,46]
[1442,46] 1 [1443,49]
[1443,49] 1 [1444,52]
[1444,52] 1 [1445,55]
[1445,55] 1 [1446,59]
[1446,59] 1 [1447,62]
[1447,62] 1 [1448,64]
[1448,64] 1 [1449,68]
[1449,68] 1 [1450,71]
[1450,71] 1 [1451,74]
[1451,74] 1 [1452,77]
[1452,77] 1 [1453,79]
[1453,79] 1 [1454,81]
[1454,81] 1 [1455,83]
[1455,83] 1 [1456,86]
[1456,86] 1 [1457,88]
[1457,88] 1 [1458,90]
[1458,90] 1 [1459,94]
[1459,94] 1 [1460,98]
[1460,98] 1 [1461,100]
[1461,100] 1 [1462,102]
[1462,102] 1 [1463,106]
[1463,106] 1 [1464,108]
[1464,108] 1 [1465,112]
[1465,112] 1 [1466,115]
[1466,115] 1 [1467,119]
[1467,119] 1 [1468,123]
[1468,123] 1 [1469,126]
[1469,126] 1 [1470,129]
[1470,129] 1 [1471,133]
[1471,133] 1 [1472,135]
[1472,135] 1 [1473,137]
[1473,137] 1 [1474,141]
[1474,141] 1 [1475,143]
[1475,143] 1 [1476,146]
[1476,146] 1 [1477,150]
[1477,150] 1 [1478,152]
[1478,152] 1 [1479,156]
[1479,156] 1 [1480,159]
[1480,159] 1 [1481,163]
[1481,163] 1 [1482,167]
[1482,167] 1 [1483,171]
[1483,171] 1 [1484,174]
[1484,174] 1 [1485,176]
[1485,176] 1 [1486,6]
[1486,6] 1 [1487,6]
[1487,6] 1 [1488,6]
[1488,6] 1 [1489,6]
[1489,6] 1 [1490,6]
[1490,6] 1 [1491,6]
[1491,6] 1 [1492,6]
[1492,6] 1 [1493,6]
[1493,6] 1 [1494,6]
[1494,6] 1 [1495,8]
[1495,8] 2 [1496,6]
[1496,6] 1 [1497,9]
[1497,9] 1 [1498,13]
[1498,13] 1 [1499,16]
[1499,16] 1 [1500,19]
[1500,19] 1 [1501,21]
[1501,21] 1 [1502,23]
[1502,23] 1 [1503,27]
[1503,27] 1 [1504,31]
[1504,31] 1 [1505,35]
[1505,35] 1 [1506,37]
[1506,37] 1 [1507,39]
[1507,39] 1 [1508,43]
[1508,43] 1 [1509,45]
[1509,45] 1 [1510,49]
[1510,49] 1 [1511,52]
[1511,52] 1 [1512,54]
[1512,54] 1 [1513,57]
[1513,57] 1 [1514,60]
[1514,60] 1 [1515,64]
[1515,64] 1 [1516,66]
[1516,66] 1 [1517,68]
[1517,68] 1 [1518,72]
[1518,72] 1 [1519,74]
[1519,74] 1 [1520,76]
[1520,76] 1 [1521,78]
[1521,78] 1 [1522,82]
[1522,82] 1 [1523,86]
[1523,86] 1 [1524,88]
[1524,88] 1 [1525,90]
[1525,90] 1 [1526,93]
[1526,93] 1 [1527,96]
[1527,96] 1 [1528,100]
[1528,100] 1 [1529,104]
[1529,104] 1 [1530,107]
[1530,107] 1 [1531,110]
[1531,110] 1 [1532,114]
[1532,114] 1 [1533,118]
[1533,118] 1 [1534,120]
[1534,120] 1 [1535,122]
[1535,122] 1 [1536,125]
[1536,125] 1 [1537,127]
[1537,127] 1 [1538,129]
[1538,129] 1 [1539,133]
[1539,133] 1 [1540,135]
[1540,135] 1 [1541,138]
[1541,138] 1 [1542,142]
[1542,142] 1 [1543,145]
[1543,145] 1 [1544,147]
[1544,147] 1 [1545,149]
[1545,149] 1 [1546,153]
[1546,153] 1 [1547,155]
[1547,155] 1 [1548,159]
[1548,159] 1 [1549,162]
[1549,162] 1 [1550,166]
[1550,166] 1 [1551,170]
[1551,170] 1 [1552,173]
[1552,173] 1 [1553,177]
[1553,177] 1 [1554,6]
[1554,6] 1 [1555,6]
[1555,6] 1 [1556,6]
[1556,6] 1 [1557,6]
[1557,6] 1 [1558,6]
[1558,6] 1 [1559,6]
[1559,6] 1 [1560,6]
[1560,6] 1 [1561,6]
[1561,6] 1 [1562,6]
[1562,6] 1 [1563,6]
[1563,6] 1 [1564,8]
[1564,8] 1 [1565,12]
[1565,12] 1 [1566,14]
[1566,14] 1 [1567,16]
[1567,16] 2 [1568,15]
[1568,15] 1 [1569,17]
[1569,17] 1 [1570,19]
[1570,19] 1 [1571,23]
[1571,23] 1 [1572,25]
[1572,25] 0 [1573,26]
[1573,26] 1 [1574,30]
[1574,30] 1 [1575,34]
[1575,34] 0 [1576,34]
[1576,34] 1 [1577,38]
[1577,38] 1 [1578,41]
[1578,41] 1 [1579,44]
[1579,44] 1 [1580,46]
[1580,46] 1 [1581,49]
[1581,49] 1 [1582,53]
[1582,53] 1 [1583,56]
[1583,56] 1 [1584,58]
[1584,58] 1 [1585,61]
[1585,61] 1 [1586,63]
[1586,63] 1 [1587,65]
[1587,65] 1 [1588,68]
[1588,68] 1 [1589,71]
[1589,71] 1 [1590,74]
[1590,74] 1 [1591,76]
[1591,76] 1 [1592,80]
[1592,80] 1 [1593,82]
[1593,82] 1 [1594,86]
[1594,86] 1 [1595,88]
[1595,88] 1 [1596,91]
[1596,91] 1 [1597,95]
[1597,95] 1 [1598,99]
[1598,99] 1 [1599,102]
[1599,102] 1 [1600,104]
[1600,104] 1 [1601,107]
[1601,107] 1 [1602,111]
[1602,111] 1 [1603,115]
[1603,115] 1 [1604,119]
[1604,119] 1 [1605,122]
[1605,122] 1 [1606,126]
[1606,126] 1 [1607,128]
[1607,128] 1 [1608,130]
[1608,130] 1 [1609,134]
[1609,134] 1 [1610,138]
[1610,138] 1 [1611,140]
[1611,140] 1 [1612,143]
[1612,143] 1 [1613,146]
[1613,146] 1 [1614,149]
[1614,149] 1 [1615,151]
[1615,151] 1 [1616,155]
[1616,155] 1 [1617,157]
[1617,157] 1 [1618,159]
[1618,159] 1 [1619,162]
[1619,162] 1 [1620,164]
[1620,164] 1 [1621,167]
[1621,167] 1 [1622,169]
[1622,169] 1 [1623,173]
[1623,173] 1 [1624,177]
[1624,177] 1 [1625,6]
[1625,6] 1 [1626,6]
[1626,6] 1 [1627,6]
[1627,6] 1 [1628,6]
[1628,6] 1 [1629,6]
[1629,6] 1 [1630,6]
[1630,6] 1 [1631,6]
[1631,6] 1 [1632,6]
[1632,6] 1 [1633,6]
[1633,6] 0 [1634,6]
[1634,6] 1 [1635,10]
[1635,10] 2 [1636,7]
[1636,7] 1 [1637,11]
[1637,11] 1 [1638,14]
[1638,14] 1 [1639,16]
[1639,16] 1 [1640,20]
[1640,20] 1 [1641,23]
[1641,23] 1 [1642,27]
[1642,27] 2 [1643,23]
[1643,23] 2 [1644,20]
[1644,20] 2 [1645,16]
[1645,16] 2 [1646,12]
[1646,12] 2 [1647,8]
[1647,8] 1 [1648,11]
[1648,11] 1 [1649,13]
[1649,13] 1 [1650,17]
[1650,17] 1 [1651,19]
[1651,19] 1 [1652,23]
[1652,23] 2 [1653,19]
[1653,19] 2 [1654,17]
[1654,17] 1 [1655,17]
[1655,17] 1 [1656,19]
[1656,19] 1 [1657,22]
[1657,22] 1 [1658,25]
[1658,25] 1 [1659,28]
[1659,28] 2 [1660,24]
[1660,24] 1 [1661,27]
[1661,27] 1 [1662,30]
[1662,30] 1 [1663,34]
[1663,34] 1 [1664,36]
[1664,36] 1 [1665,39]
[1665,39] 1 [1666,42]
[1666,42] 1 [1667,46]
[1667,46] 1 [1668,49]
[1668,49] 1 [1669,51]
[1669,51] 1 [1670,53]
[1670,53] 1 [1671,56]
[1671,56] 1 [1672,59]
[1672,59] 1 [1673,62]
[1673,62] 1 [1674,65]
[1674,65] 1 [1675,67]
[1675,67] 1 [1676,70]
[1676,70] 1 [1677,74]
[1677,74] 1 [1678,76]
[1678,76] 1 [1679,78]
[1679,78] 1 [1680,81]
[1680,81] 1 [1681,85]
[1681,85] 1 [1682,88]
[1682,88] 1 [1683,91]
[1683,91] 1 [1684,95]
[1684,95] 1 [1685,97]
[1685,97] 1 [1686,99]
[1686,99] 1 [1687,101]
[1687,101] 1 [1688,103]
[1688,103] 1 [1689,107]
[1689,107] 1 [1690,109]
[1690,109] 1 [1691,111]
[1691,111] 1 [1692,115]
[1692,115] 1 [1693,118]
[1693,118] 1 [1694,122]
[1694,122] 1 [1695,126]
[1695,126] 1 [1696,128]
[1696,128] 1 [1697,132]
[1697,132] 1 [1698,134]
[1698,134] 1 [1699,138]
[1699,138] 1 [1700,142]
[1700,142] 1 [1701,146]
[1701,146] 1 [1702,150]
[1702,150] 1 [1703,152]
[1703,152] 1 [1704,155]
[1704,155] 1 [1705,157]
[1705,157] 1 [1706,161]
[1706,161] 1 [1707,165]
[1707,165] 1 [1708,169]
[1708,169] 1 [1709,172]
[1709,172] 1 [1710,174]
[1710,174] 1 [1711,176]
[1711,176] 1 [1712,6]
[1712,6] 1 [1713,6]
[1713,6] 1 [1714,6]
[1714,6] 1 [1715,6]
[1715,6] 1 [1716,6]
[1716,6] 1 [1717,6]
[1717,6] 1 [1718,6]
[1718,6] 1 [1719,6]
[1719,6] 1 [1720,6]
[1720,6] 1 [1721,8]
[1721,8] 1 [1722,10]
[1722,10] 0 [1723,10]
[1723,10] 1 [1724,13]
[1724,13] 1 [1725,16]
[1725,16] 2 [1726,12]
[1726,12] 2 [1727,8]
[1727,8] 1 [1728,10]
[1728,10] 1 [1729,13]
[1729,13] 2 [1730,9]
[1730,9] 1 [1731,11]
[1731,11] 1 [1732,14]
[1732,14] 1 [1733,16]
[1733,16] 1 [1734,18]
[1734,18] 1 [1735,21]
[1735,21] 1 [1736,24]
[1736,24] 1 [1737,26]
[1737,26] 1 [1738,30]
[1738,30] 1 [1739,32]
[1739,32] 1 [1740,34]
[1740,34] 1 [1741,36]
[1741,36] 1 [1742,39]
[1742,39] 1 [1743,43]
[1743,43] 1 [1744,46]
[1744,46] 1 [1745,50]
[1745,50] 1 [1746,53]
[1746,53] 1 [1747,56]
[1747,56] 1 [1748,58]
[1748,58] 1 [1749,60]
[1749,60] 1 [1750,64]
[1750,64] 1 [1751,67]
[1751,67] 1 [1752,69]
[1752,69] 1 [1753,72]
[1753,72] 1 [1754,76]
[1754,76] 1 [1755,78]
[1755,78] 1 [1756,81]
[1756,81] 1 [1757,83]
[1757,83] 1 [1758,87]
[1758,87] 1 [1759,91]
[1759,91] 1 [1760,95]
[1760,95] 1 [1761,99]
[1761,99] 1 [1762,103]
[1762,103] 1 [1763,106]
[1763,106] 1 [1764,109]
[1764,109] 1 [1765,111]
[1765,111] 1 [1766,115]
[1766,115] 1 [1767,119]
[1767,119] 1 [1768,122]
[1768,122] 1 [1769,124]
[1769,124] 1 [1770,128]
[1770,128] 1 [1771,131]
[1771,131] 1 [1772,133]
[1772,133] 1 [1773,135]
[1773,135] 1 [1774,138]
[1774,138] 1 [1775,140]
[1775,140] 1 [1776,143]
[1776,143] 1 [1777,145]
[1777,145] 1 [1778,149]
[1778,149] 1 [1779,152]
[1779,152] 1 [1780,154]
[1780,154] 1 [1781,156]
[1781,156] 1 [1782,160]
[1782,160] 1 [1783,163]
[1783,163] 1 [1784,166]
[1784,166] 1 [1785,169]
[1785,169] 1 [1786,172]
[1786,172] 1 [1787,175]
[1787,175] 1 [1788,6]
[1788,6] 1 [1789,6]
[1789,6] 1 [1790,6]
[1790,6] 1 [1791,6]
[1791,6] 1 [1792,6]
[1792,6] 1 [1793,6]
[1793,6] 1 [1794,6]
[1794,6] 1 [1795,6]
[1795,6] 1 [1796,6]
[1796,6] 1 [1797,7]
[1797,7] 2 [1798,6]
[1798,6] 1 [1799,8]
[1799,8] 1 [1800,10]
[1800,10] 2 [1801,7]
[1801,7] 1 [1802,10]
[1802,10] 2 [1803,6]
[1803,6] 1 [1804,8]
[1804,8] 1 [1805,10]
[1805,10] 1 [1806,13]
[1806,13] 1 [1807,16]
[1807,16] 2 [1808,12]
[1808,12] 1 [1809,12]
[1809,12] 1 [1810,15]
[1810,15] 2 [1811,12]
[1811,12] 2 [1812,8]
[1812,8] 1 [1813,10]
[1813,10] 1 [1814,13]
[1814,13] 1 [1815,16]
[1815,16] 1 [1816,19]
[1816,19] 2 [1817,17]
[1817,17] 2 [1818,13]
[1818,13] 1 [1819,15]
[1819,15] 1 [1820,17]
[1820,17] 1 [1821,20]
[1821,20] 2 [1822,16]
[1822,16] 1 [1823,19]
[1823,19] 2 [1824,15]
[1824,15] 2 [1825,12]
[1825,12] 1 [1826,15]
[1826,15] 1 [1827,18]
[1827,18] 1 [1828,21]
[1828,21] 1 [1829,25]
[1829,25] 1 [1830,27]
[1830,27] 1 [1831,30]
[1831,30] 1 [1832,33]
[1832,33] 1 [1833,37]
[1833,37] 1 [1834,41]
[1834,41] 1 [1835,45]
[1835,45] 1 [1836,49]
[1836,49] 1 [1837,52]
[1837,52] 1 [1838,54]
[1838,54] 1 [1839,58]
[1839,58] 1 [1840,62]
[1840,62] 1 [1841,65]
[1841,65] 1 [1842,67]
[1842,67] 1 [1843,70]
[1843,70] 1 [1844,73]
[1844,73] 1 [1845,77]
[1845,77] 1 [1846,80]
[1846,80] 1 [1847,83]
[1847,83] 1 [1848,87]
[1848,87] 1 [1849,91]
[1849,91] 1 [1850,93]
[1850,93] 1 [1851,97]
[1851,97] 1 [1852,100]
[1852,100] 1 [1853,104]
[1853,104] 1 [1854,106]
[1854,106] 1 [1855,108]
[1855,108] 1 [1856,111]
[1856,111] 2 [1857,112]
[1857,112] 0 [1858,110]
[1858,110] 1 [1859,112]
[1859,112] 1 [1860,116]
[1860,116] 2 [1861,112]
[1861,112] 1 [1862,115]
[1862,115] 1 [1863,118]
[1863,118] 1 [1864,122]
[1864,122] 1 [1865,125]
[1865,125] 1 [1866,127]
[1866,127] 1 [1867,130]
[1867,130] 1 [1868,134]
[1868,134] 1 [1869,137]
[1869,137] 1 [1870,140]
[1870,140] 1 [1871,142]
[1871,142] 1 [1872,144]
[1872,144] 1 [1873,147]
[1873,147] 1 [1874,151]
[1874,151] 1 [1875,154]
[1875,154] 1 [1876,158]
[1876,158] 1 [1877,162]
[1877,162] 1 [1878,165]
[1878,165] 1 [1879,167]
[1879,167] 1 [1880,170]
[1880,170] 1 [1881,172]
[1881,172] 1 [1882,175]
[1882,175] 1 [1883,6]
[1883,6] 1 [1884,6]
[1884,6] 1 [1885,6]
[1885,6] 1 [1886,6]
[1886,6] 1 [1887,6]
[1887,6] 1 [1888,6]
[1888,6] 1 [1889,6]
[1889,6] 1 [1890,6]
[1890,6] 1 [1891,6]
[1891,6] 1 [1892,9]
[1892,9] 1 [1893,13]
[1893,13] 1 [1894,17]
[1894,17] 1 [1895,21]
[1895,21] 1 [1896,25]
[1896,25] 1 [1897,29]
[1897,29] 1 [1898,31]
[1898,31] 1 [1899,33]
[1899,33] 1 [1900,35]
[1900,35] 1 [1901,37]
[1901,37] 1 [1902,40]
[1902,40] 1 [1903,44]
[1903,44] 1 [1904,48]
[1904,48] 1 [1905,50]
[1905,50] 1 [1906,54]
[1906,54] 1 [1907,56]
[1907,56] 1 [1908,58]
[1908,58] 1 [1909,61]
[1909,61] 1 [1910,63]
[1910,63] 1 [1911,66]
[1911,66] 1 [1912,70]
[1912,70] 1 [1913,72]
[1913,72] 1 [1914,74]
[1914,74] 1 [1915,77]
[1915,77] 1 [1916,80]
[1916,80] 1 [1917,82]
[1917,82] 1 [1918,85]
[1918,85] 1 [1919,87]
[1919,87] 1 [1920,89]
[1920,89] 1 [1921,93]
[1921,93] 1 [1922,96]
[1922,96] 1 [1923,100]
[1923,100] 1 [1924,103]
[1924,103] 1 [1925,106]
[1925,106] 1 [1926,110]
[1926,110] 1 [1927,113]
[1927,113] 1 [1928,117]
[1928,117] 1 [1929,120]
[1929,120] 1 [1930,122]
[1930,122] 1 [1931,124]
[1931,124] 1 [1932,126]
[1932,126] 1 [1933,128]
[1933,128] 1 [1934,130]
[1934,130] 1 [1935,132]
[1935,132] 1 [1936,135]
[1936,135] 1 [1937,137]
[1937,137] 1 [1938,139]
[1938,139] 1 [1939,143]
[1939,143] 1 [1940,145]
[1940,145] 1 [1941,148]
[1941,148] 1 [1942,151]
[1942,151] 1 [1943,153]
[1943,153] 1 [1944,156]
[1944,156] 1 [1945,159]
[1945,159] 1 [1946,161]
[1946,161] 1 [1947,163]
[1947,163] 1 [1948,165]
[1948,165] 1 [1949,169]
[1949,169] 1 [1950,173]
[1950,173] 1 [1951,175]
[1951,175] 1 [1952,6]
[1952,6] 1 [1953,6]
[1953,6] 1 [1954,6]
[1954,6] 1 [1955,6]
[1955,6] 1 [1956,6]
[1956,6] 1 [1957,6]
[1957,6] 1 [1958,6]
[1958,6] 1 [1959,6]
[1959,6] 1 [1960,6]
[1960,6] 0 [1961,6]
[1961,6] 1 [1962,9]
[1962,9] 1 [1963,13]
[1963,13] 1 [1964,15]
[1964,15] 2 [1965,11]
[1965,11] 2 [1966,8]
[1966,8] 1 [1967,10]
[1967,10] 1 [1968,12]
[1968,12] 1 [1969,16]
[1969,16] 1 [1970,18]
[1970,18] 1 [1971,21]
[1971,21] 1 [1972,24]
[1972,24] 1 [1973,27]
[1973,27] 1 [1974,29]
[1974,29] 1 [1975,33]
[1975,33] 1 [1976,36]
[1976,36] 1 [1977,39]
[1977,39] 1 [1978,43]
[1978,43] 1 [1979,47]
[1979,47] 2 [1980,49]
[1980,49] 1 [1981,53]
[1981,53] 2 [1982,51]
[1982,51] 2 [1983,48]
[1983,48] 1 [1984,51]
[1984,51] 1 [1985,53]
[1985,53] 1 [1986,56]
[1986,56] 1 [1987,60]
[1987,60] 2 [1988,56]
[1988,56] 1 [1989,59]
[1989,59] 1 [1990,62]
[1990,62] 1 [1991,66]
[1991,66] 1 [1992,68]
[1992,68] 1 [1993,70]
[1993,70] 1 [1994,74]
[1994,74] 1 [1995,78]
[1995,78] 1 [1996,80]
[1996,80] 1 [1997,84]
[1997,84] 1 [1998,87]
[1998,87] 1 [1999,89]
[1999,89] 1 [2000,92]
[2000,92] 1 [2001,96]
[2001,96] 1 [2002,99]
[2002,99] 1 [2003,102]
[2003,102] 1 [2004,104]
[2004,104] 1 [2005,107]
[2005,107] 1 [2006,111]
[2006,111] 1 [2007,115]
[2007,115] 1 [2008,119]
[2008,119] 1 [2009,121]
[2009,121] 1 [2010,124]
[2010,124] 1 [2011,126]
[2011,126] 1 [2012,129]
[2012,129] 1 [2013,133]
[2013,133] 1 [2014,135]
[2014,135] 1 [2015,137]
[2015,137] 1 [2016,140]
[2016,140] 1 [2017,142]
[2017,142] 1 [2018,145]
[2018,145] 1 [2019,148]
[2019,148] 1 [2020,150]
[2020,150] 1 [2021,154]
[2021,154] 1 [2022,156]
[2022,156] 1 [2023,160]
[2023,160] 1 [2024,163]
[2024,163] 1 [2025,167]
[2025,167] 1 [2026,171]
[2026,171] 1 [2027,173]
[2027,173] 1 [2028,177]
[2028,177] 1 [2029,6]
[2029,6] 1 [2030,6]
[2030,6] 1 [2031,6]
[2031,6] 1 [2032,6]
[2032,6] 1 [2033,6]
[2033,6] 1 [2034,6]
[2034,6] 1 [2035,6]
[2035,6] 1 [2036,6]
[2036,6] 1 [2037,10]
[2037,10] 2 [2038,7]
[2038,7] 1 [2039,10]
[2039,10] 2 [2040,6]
[2040,6] 1 [2041,8]
[2041,8] 1 [2042,12]
[2042,12] 2 [2043,8]
[2043,8] 1 [2044,9]
[2044,9] 1 [2045,11]
[2045,11] 1 [2046,13]
[2046,13] 1 [2047,15]
[2047,15] 2 [2048,12]
[2048,12] 1 [2049,14]
[2049,14] 1 [2050,18]
[2050,18] 1 [2051,20]
[2051,20] 1 [2052,24]
[2052,24] 1 [2053,28]
[2053,28] 1 [2054,31]
[2054,31] 1 [2055,34]
[2055,34] 1 [2056,37]
[2056,37] 1 [2057,40]
[2057,40] 1 [2058,44]
[2058,44] 1 [2059,48]
[2059,48] 1 [2060,51]
[2060,51] 1 [2061,55]
[2061,55] 1 [2062,59]
[2062,59] 1 [2063,62]
[2063,62] 1 [2064,66]
[2064,66] 1 [2065,68]
[2065,68] 1 [2066,72]
[2066,72] 1 [2067,75]
[2067,75] 1 [2068,77]
[2068,77] 1 [2069,80]
[2069,80] 1 [2070,83]
[2070,83] 1 [2071,85]
[2071,85] 1 [2072,88]
[2072,88] 1 [2073,91]
[2073,91] 1 [2074,94]
[2074,94] 1 [2075,97]
[2075,97] 1 [2076,100]
[2076,100] 1 [2077,103]
[2077,103] 1 [2078,105]
[2078,105] 1 [2079,107]
[2079,107] 1 [2080,111]
[2080,111] 1 [2081,115]
[2081,115] 1 [2082,117]
[2082,117] 1 [2083,121]
[2083,121] 1 [2084,125]
[2084,125] 1 [2085,129]
[2085,129] 1 [2086,131]
[2086,131] 1 [2087,134]
[2087,134] 1 [2088,138]
[2088,138] 1 [2089,141]
[2089,141] 1 [2090,144]
[2090,144] 1 [2091,148]
[2091,148] 1 [2092,151]
[2092,151] 1 [2093,155]
[2093,155] 1 [2094,159]
[2094,159] 1 [2095,161]
[2095,161] 1 [2096,163]
[2096,163] 1 [2097,165]
[2097,165] 1 [2098,168]
[2098,168] 1 [2099,171]
[2099,171] 1 [2100,173]
[2100,173] 1 [2101,175]
[2101,175] 1 [2102,177]
[2102,177] 1 [2103,6]
[2103,6] 1 [2104,6]
[2104,6] 1 [2105,6]
[2105,6] 1 [2106,6]
[2106,6] 1 [2107,6]
[2107,6] 1 [2108,6]
[2108,6] 1 [2109,6]
[2109,6] 1 [2110,6]
[2110,6] 1 [2111,6]
[2111,6] 1 [2112,8]
[2112,8] 2 [2113,6]
[2113,6] 1 [2114,6]
[2114,6] 1 [2115,8]
[2115,8] 1 [2116,12]
[2116,12] 1 [2117,15]
[2117,15] 1 [2118,18]
[2118,18] 2 [2119,14]
[2119,14] 1 [2120,15]
[2120,15] 1 [2121,18]
[2121,18] 1 [2122,21]
[2122,21] 1 [2123,24]
[2123,24] 1 [2124,28]
[2124,28] 1 [2125,31]
[2125,31] 1 [2126,35]
[2126,35] 1 [2127,39]
[2127,39] 1 [2128,43]
[2128,43] 2 [2129,39]
[2129,39] 2 [2130,35]
[2130,35] 1 [2131,37]
[2131,37] 2 [2132,35]
[2132,35] 2 [2133,31]
[2133,31] 1 [2134,33]
[2134,33] 1 [2135,37]
[2135,37] 1 [2136,40]
[2136,40] 1 [2137,44]
[2137,44] 1 [2138,48]
[2138,48] 1 [2139,51]
[2139,51] 1 [2140,53]
[2140,53] 1 [2141,57]
[2141,57] 1 [2142,60]
[2142,60] 1 [2143,63]
[2143,63] 1 [2144,65]
[2144,65] 1 [2145,67]
[2145,67] 1 [2146,70]
[2146,70] 1 [2147,74]
[2147,74] 1 [2148,78]
[2148,78] 1 [2149,80]
[2149,80] 1 [2150,84]
[2150,84] 1 [2151,88]
[2151,88] 1 [2152,91]
[2152,91] 1 [2153,93]
[2153,93] 1 [2154,97]
[2154,97] 1 [2155,99]
[2155,99] 1 [2156,101]
[2156,101] 1 [2157,104]
[2157,104] 1 [2158,108]
[2158,108] 1 [2159,112]
[2159,112] 1 [2160,116]
[2160,116] 1 [2161,118]
[2161,118] 1 [2162,122]
[2162,122] 1 [2163,125]
[2163,125] 1 [2164,129]
[2164,129] 1 [2165,131]
[2165,131] 1 [2166,133]
[2166,133] 1 [2167,135]
[2167,135] 1 [2168,138]
[2168,138] 1 [2169,141]
[2169,141] 1 [2170,143]
[2170,143] 1 [2171,145]
[2171,145] 1 [2172,147]
[2172,147] 1 [2173,149]
[2173,149] 1 [2174,151]
[2174,151] 1 [2175,155]
[2175,155] 1 [2176,158]
[2176,158] 1 [2177,160]
[2177,160] 1 [2178,163]
[2178,163] 1 [2179,167]
[2179,167] 1 [2180,169]
[2180,169] 1 [2181,171]
[2181,171] 1 [2182,173]
[2182,173] 1 [2183,177]
[2183,177] 1 [2184,6]
[2184,6] 1 [2185,6]
[2185,6] 1 [2186,6]
[2186,6] 1 [2187,6]
[2187,6] 1 [2188,6]
[2188,6] 1 [2189,6]
[2189,6] 1 [2190,6]
[2190,6] 1 [2191,6]
[2191,6] 1 [2192,6]
[2192,6] 1 [2193,6]
[2193,6] 0 [2194,7]
[2194,7] 1 [2195,11]
[2195,11] 2 [2196,7]
[2196,7] 1 [2197,9]
[2197,9] 1 [2198,12]
[2198,12] 1 [2199,15]
[2199,15] 2 [2200,11]
[2200,11] 1 [2201,13]
[2201,13] 2 [2202,9]
[2202,9] 2 [2203,6]
[2203,6] 1 [2204,8]
[2204,8] 2 [2205,6]
[2205,6] 1 [2206,8]
[2206,8] 1 [2207,12]
[2207,12] 2 [2208,10]
[2208,10] 2 [2209,7]
[2209,7] 1 [2210,10]
[2210,10] 2 [2211,6]
[2211,6] 1 [2212,8]
[2212,8] 1 [2213,10]
[2213,10] 2 [2214,7]
[2214,7] 1 [2215,7]
[2215,7] 1 [2216,11]
[2216,11] 2 [2217,7]
[2217,7] 1 [2218,9]
[2218,9] 1 [2219,13]
[2219,13] 2 [2220,10]
[2220,10] 1 [2221,12]
[2221,12] 1 [2222,14]
[2222,14] 1 [2223,16]
[2223,16] 1 [2224,20]
[2224,20] 1 [2225,22]
[2225,22] 1 [2226,25]
[2226,25] 1 [2227,27]
[2227,27] 1 [2228,31]
[2228,31] 1 [2229,34]
[2229,34] 1 [2230,37]
[2230,37] 1 [2231,39]
[2231,39] 1 [2232,42]
[2232,42] 1 [2233,45]
[2233,45] 1 [2234,49]
[2234,49] 1 [2235,52]
[2235,52] 1 [2236,54]
[2236,54] 1 [2237,58]
[2237,58] 1 [2238,62]
[2238,62] 1 [2239,64]
[2239,64] 1 [2240,68]
[2240,68] 1 [2241,72]
[2241,72] 1 [2242,74]
[2242,74] 1 [2243,77]
[2243,77] 1 [2244,81]
[2244,81] 1 [2245,85]
[2245,85] 1 [2246,87]
[2246,87] 1 [2247,91]
[2247,91] 1 [2248,93]
[2248,93] 1 [2249,97]
[2249,97] 1 [2250,101]
[2250,101] 1 [2251,103]
[2251,103] 1 [2252,106]
[2252,106] 1 [2253,110]
[2253,110] 1 [2254,112]
[2254,112] 1 [2255,115]
[2255,115] 1 [2256,118]
[2256,118] 1 [2257,121]
[2257,121] 1 [2258,124]
[2258,124] 1 [2259,127]
[2259,127] 1 [2260,129]
[2260,129] 1 [2261,133]
[2261,133] 1 [2262,135]
[2262,135] 1 [2263,138]
[2263,138] 1 [2264,141]
[2264,141] 1 [2265,145]
[2265,145] 1 [2266,148]
[2266,148] 1 [2267,151]
[2267,151] 1 [2268,153]
[2268,153] 1 [2269,156]
[2269,156] 1 [2270,158]
[2270,158] 1 [2271,161]
[2271,161] 1 [2272,163]
[2272,163] 1 [2273,166]
[2273,166] 1 [2274,168]
[2274,168] 1 [2275,171]
[2275,171] 1 [2276,173]
[2276,173] 1 [2277,177]
[2277,177] 1 [2278,6]
[2278,6] 1 [2279,6]
[2279,6] 1 [2280,6]
[2280,6] 1 [2281,6]
[2281,6] 1 [2282,6]
[2282,6] 1 [2283,6]
[2283,6] 1 [2284,6]
[2284,6] 1 [2285,6]
[2285,6] 1 [2286,6]
[2286,6] 1 [2287,6]
[2287,6] 1 [2288,6]
[2288,6] 1 [2289,9]
[2289,9] 0 [2290,10]
[2290,10] 1 [2291,13]
[2291,13] 1 [2292,15]
[2292,15] 1 [2293,17]
[2293,17] 1 [2294,19]
[2294,19] 1 [2295,22]
[2295,22] 1 [2296,25]
[2296,25] 1 [2297,27]
[2297,27] 1 [2298,30]
[2298,30] 1 [2299,33]
[2299,33] 1 [2300,35]
[2300,35] 1 [2301,38]
[2301,38] 1 [2302,42]
[2302,42] 1 [2303,46]
[2303,46] 1 [2304,50]
[2304,50] 1 [2305,53]
[2305,53] 1 [2306,57]
[2306,57] 1 [2307,59]
[2307,59] 1 [2308,62]
[2308,62] 1 [2309,65]
[2309,65] 1 [2310,68]
[2310,68] 1 [2311,71]
[2311,71] 1 [2312,74]
[2312,74] 1 [2313,78]
[2313,78] 1 [2314,81]
[2314,81] 1 [2315,84]
[2315,84] 1 [2316,86]
[2316,86] 1 [2317,88]
[2317,88] 1 [2318,92]
[2318,92] 1 [2319,95]
[2319,95] 1 [2320,97]
[2320,97] 1 [2321,99]
[2321,99] 1 [2322,102]
[2322,102] 1 [2323,106]
[2323,106] 1 [2324,110]
[2324,110] 1 [2325,114]
[2325,114] 1 [2326,116]
[2326,116] 1 [2327,118]
[2327,118] 1 [2328,120]
[2328,120] 1 [2329,124]
[2329,124] 1 [2330,127]
[2330,127] 1 [2331,131]
[2331,131] 1 [2332,134]
[2332,134] 1 [2333,136]
[2333,136] 1 [2334,138]
[2334,138] 1 [2335,141]
[2335,141] 1 [2336,143]
[2336,143] 1 [2337,146]
[2337,146] 1 [2338,148]
[2338,148] 1 [2339,150]
[2339,150] 1 [2340,154]
[2340,154] 1 [2341,156]
[2341,156] 1 [2342,159]
[2342,159] 1 [2343,161]
[2343,161] 1 [2344,163]
[2344,163] 1 [2345,165]
[2345,165] 1 [2346,169]
[2346,169] 1 [2347,171]
[2347,171] 1 [2348,173]
[2348,173] 1 [2349,175]
[2349,175] 1 [2350,6]
[2350,6] 1 [2351,6]
[2351,6] 1 [2352,6]
[2352,6] 1 [2353,6]
[2353,6] 1 [2354,6]
[2354,6] 1 [2355,6]
[2355,6] 1 [2356,6]
[2356,6] 1 [2357,6]
[2357,6] 1 [2358,6]
[2358,6] 1 [2359,6]
[2359,6] 1 [2360,7]
[2360,7] 1 [2361,11]
[2361,11] 1 [2362,15]
[2362,15] 0 [2363,15]
[2363,15] 2 [2364,13]
[2364,13] 0 [2365,11]
[2365,11] 2 [2366,9]
[2366,9] 2 [2367,7]
[2367,7] 0 [2368,6]
[2368,6] 1 [2369,8]
[2369,8] 1 [2370,10]
[2370,10] 1 [2371,12]
[2371,12] 2 [2372,10]
[2372,10] 1 [2373,9]
[2373,9] 1 [2374,13]
[2374,13] 1 [2375,16]
[2375,16] 1 [2376,20]
[2376,20] 1 [2377,23]
[2377,23] 1 [2378,26]
[2378,26] 1 [2379,28]
[2379,28] 1 [2380,31]
[2380,31] 1 [2381,33]
[2381,33] 1 [2382,37]
[2382,37] 1 [2383,41]
[2383,41] 1 [2384,45]
[2384,45] 1 [2385,47]
[2385,47] 1 [2386,50]
[2386,50] 1 [2387,53]
[2387,53] 1 [2388,56]
[2388,56] 1 [2389,58]
[2389,58] 1 [2390,61]
[2390,61] 1 [2391,65]
[2391,65] 1 [2392,69]
[2392,69] 1 [2393,71]
[2393,71] 1 [2394,74]
[2394,74] 1 [2395,78]
[2395,78] 1 [2396,80]
[2396,80] 1 [2397,82]
[2397,82] 1 [2398,84]
[2398,84] 1 [2399,86]
[2399,86] 1 [2400,90]
[2400,90] 1 [2401,94]
[2401,94] 1 [2402,98]
[2402,98] 1 [2403,101]
[2403,101] 1 [2404,104]
[2404,104] 1 [2405,108]
[2405,108] 1 [2406,112]
[2406,112] 1 [2407,114]
[2407,114] 1 [2408,117]
[2408,117] 1 [2409,121]
[2409,121] 1 [2410,124]
[2410,124] 1 [2411,126]
[2411,126] 1 [2412,128]
[2412,128] 1 [2413,132]
[2413,132] 1 [2414,134]
[2414,134] 1 [2415,137]
[2415,137] 1 [2416,139]
[2416,139] 1 [2417,143]
[2417,143] 1 [2418,145]
[2418,145] 1 [2419,149]
[2419,149] 1 [2420,152]
[2420,152] 1 [2421,154]
[2421,154] 1 [2422,157]
[2422,157] 1 [2423,161]
[2423,161] 1 [2424,165]
[2424,165] 1 [2425,168]
[2425,168] 1 [2426,171]
[2426,171] 1 [2427,175]
[2427,175] 1 [2428,6]
[2428,6] 1 [2429,6]
[2429,6] 1 [2430,6]
[2430,6] 1 [2431,6]
[2431,6] 1 [2432,6]
[2432,6] 1 [2433,6]
[2433,6] 1 [2434,6]
[2434,6] 1 [2435,6]
[2435,6] 1 [2436,6]
[2436,6] 1 [2437,6]
[2437,6] 1 [2438,7]
[2438,7] 1 [2439,9]
[2439,9] 0 [2440,9]
[2440,9] 1 [2441,12]
[2441,12] 1 [2442,15]
[2442,15] 2 [2443,11]
[2443,11] 2 [2444,7]
[2444,7] 1 [2445,9]
[2445,9] 1 [2446,11]
[2446,11] 1 [2447,13]
[2447,13] 1 [2448,16]
[2448,16] 2 [2449,13]
[2449,13] 2 [2450,9]
[2450,9] 1 [2451,9]
[2451,9] 2 [2452,7]
[2452,7] 1 [2453,7]
[2453,7] 1 [2454,10]
[2454,10] 1 [2455,14]
[2455,14] 2 [2456,10]
[2456,10] 1 [2457,10]
[2457,10] 1 [2458,12]
[2458,12] 2 [2459,8]
[2459,8] 1 [2460,8]
[2460,8] 1 [2461,11]
[2461,11] 2 [2462,8]
[2462,8] 1 [2463,8]
[2463,8] 1 [2464,12]
[2464,12] 1 [2465,14]
[2465,14] 1 [2466,16]
[2466,16] 1 [2467,18]
[2467,18] 1 [2468,20]
[2468,20] 1 [2469,22]
[2469,22] 1 [2470,25]
[2470,25] 1 [2471,28]
[2471,28] 1 [2472,32]
[2472,32] 1 [2473,36]
[2473,36] 1 [2474,39]
[2474,39] 1 [2475,41]
[2475,41] 1 [2476,43]
[2476,43] 1 [2477,46]
[2477,46] 1 [2478,48]
[2478,48] 1 [2479,52]
[2479,52] 1 [2480,54]
[2480,54] 1 [2481,56]
[2481,56] 1 [2482,59]
[2482,59] 1 [2483,62]
[2483,62] 1 [2484,64]
[2484,64] 1 [2485,66]
[2485,66] 1 [2486,68]
[2486,68] 1 [2487,72]
[2487,72] 1 [2488,76]
[2488,76] 1 [2489,80]
[2489,80] 1 [2490,82]
[2490,82] 1 [2491,85]
[2491,85] 1 [2492,88]
[2492,88] 1 [2493,92]
[2493,92] 1 [2494,96]
[2494,96] 1 [2495,100]
[2495,100] 1 [2496,103]
[2496,103] 1 [2497,106]
[2497,106] 1 [2498,108]
[2498,108] 1 [2499,111]
[2499,111] 1 [2500,114]
[2500,114] 1 [2501,116]
[2501,116] 2 [2502,113]
[2502,113] 2 [2503,109]
[2503,109] 1 [2504,109]
[2504,109] 1 [2505,112]
[2505,112] 1 [2506,115]
[2506,115] 1 [2507,118]
[2507,118] 1 [2508,121]
[2508,121] 1 [2509,125]
[2509,125] 1 [2510,129]
[2510,129] 1 [2511,133]
[2511,133] 1 [2512,135]
[2512,135] 1 [2513,137]
[2513,137] 1 [2514,141]
[2514,141] 1 [2515,144]
[2515,144] 1 [2516,148]
[2516,148] 1 [2517,152]
[2517,152] 1 [2518,154]
[2518,154] 1 [2519,156]
[2519,156] 1 [2520,158]
[2520,158] 1 [2521,160]
[2521,160] 1 [2522,162]
[2522,162] 1 [2523,166]
[2523,166] 1 [2524,170]
[2524,170] 1 [2525,172]
[2525,172] 1 [2526,174]
[2526,174] 1 [2527,176]
[2527,176] 1 [2528,6]
[2528,6] 1 [2529,6]
[2529,6] 1 [2530,6]
[2530,6] 1 [2531,6]
[2531,6] 1 [2532,6]
[2532,6] 1 [2533,6]
[2533,6] 1 [2534,6]
[2534,6] 1 [2535,6]
[2535,6] 1 [2536,6]
[2536,6] 1 [2537,8]
[2537,8] 1 [2538,12]
[2538,12] 1 [2539,14]
[2539,14] 1 [2540,16]
[2540,16] 0 [2541,16]
[2541,16] 0 [2542,16]
[2542,16] 2 [2543,12]
[2543,12] 1 [2544,13]
[2544,13] 1 [2545,15]
[2545,15] 2 [2546,12]
[2546,12] 1 [2547,15]
[2547,15] 2 [2548,16]
[2548,16] 2 [2549,13]
[2549,13] 2 [2550,9]
[2550,9] 1 [2551,10]
[2551,10] 1 [2552,13]
[2552,13] 2 [2553,9]
[2553,9] 2 [2554,6]
[2554,6] 1 [2555,8]
[2555,8] 1 [2556,10]
[2556,10] 1 [2557,13]
[2557,13] 1 [2558,16]
[2558,16] 1 [2559,19]
[2559,19] 1 [2560,23]
[2560,23] 1 [2561,25]
[2561,25] 1 [2562,28]
[2562,28] 1 [2563,32]
[2563,32] 1 [2564,36]
[2564,36] 1 [2565,40]
[2565,40] 1 [2566,44]
[2566,44] 1 [2567,48]
[2567,48] 1 [2568,51]
[2568,51] 1 [2569,54]
[2569,54] 1 [2570,58]
[2570,58] 1 [2571,60]
[2571,60] 1 [2572,64]
[2572,64] 1 [2573,66]
[2573,66] 1 [2574,69]
[2574,69] 1 [2575,73]
[2575,73] 1 [2576,75]
[2576,75] 1 [2577,78]
[2577,78] 1 [2578,82]
[2578,82] 1 [2579,85]
[2579,85] 1 [2580,87]
[2580,87] 1 [2581,91]
[2581,91] 1 [2582,93]
[2582,93] 1 [2583,96]
[2583,96] 1 [2584,98]
[2584,98] 2 [2585,96]
[2585,96] 2 [2586,94]
[2586,94] 1 [2587,94]
[2587,94] 1 [2588,96]
[2588,96] 1 [2589,100]
[2589,100] 1 [2590,104]
[2590,104] 1 [2591,107]
[2591,107] 1 [2592,110]
[2592,110] 1 [2593,113]
[2593,113] 1 [2594,117]
[2594,117] 1 [2595,119]
[2595,119] 1 [2596,121]
[2596,121] 1 [2597,124]
[2597,124] 1 [2598,128]
[2598,128] 1 [2599,131]
[2599,131] 1 [2600,134]
[2600,134] 1 [2601,138]
[2601,138] 1 [2602,142]
[2602,142] 1 [2603,144]
[2603,144] 1 [2604,146]
[2604,146] 1 [2605,150]
[2605,150] 1 [2606,154]
[2606,154] 1 [2607,156]
[2607,156] 1 [2608,159]
[2608,159] 1 [2609,162]
[2609,162] 1 [2610,165]
[2610,165] 1 [2611,167]
[2611,167] 1 [2612,170]
[2612,170] 1 [2613,173]
[2613,173] 1 [2614,177]
[2614,177] 1 [2615,6]
[2615,6] 1 [2616,6]
[2616,6] 1 [2617,6]
[2617,6] 1 [2618,6]
[2618,6] 1 [2619,6]
[2619,6] 1 [2620,6]
[2620,6] 1 [2621,6]
[2621,6] 1 [2622,6]
[2622,6] 1 [2623,6]
[2623,6] 1 [2624,6]
[2624,6] 1 [2625,10]
[2625,10] 2 [2626,10]
[2626,10] 1 [2627,12]
[2627,12] 1 [2628,14]
[2628,14] 1 [2629,16]
[2629,16] 2 [2630,12]
[2630,12] 1 [2631,14]
[2631,14] 1 [2632,17]
[2632,17] 1 [2633,21]
[2633,21] 1 [2634,23]
[2634,23] 1 [2635,27]
[2635,27] 2 [2636,23]
[2636,23] 1 [2637,27]
[2637,27] 2 [2638,26]
[2638,26] 1 [2639,29]
[2639,29] 1 [2640,31]
[2640,31] 1 [2641,33]
[2641,33] 1 [2642,36]
[2642,36] 1 [2643,39]
[2643,39] 1 [2644,41]
[2644,41] 1 [2645,43]
[2645,43] 1 [2646,46]
[2646,46] 1 [2647,49]
[2647,49] 1 [2648,51]
[2648,51] 1 [2649,53]
[2649,53] 1 [2650,55]
[2650,55] 1 [2651,58]
[2651,58] 1 [2652,61]
[2652,61] 1 [2653,63]
[2653,63] 1 [2654,65]
[2654,65] 1 [2655,69]
[2655,69] 1 [2656,73]
[2656,73] 1 [2657,75]
[2657,75] 1 [2658,77]
[2658,77] 1 [2659,80]
[2659,80] 1 [2660,83]
[2660,83] 1 [2661,86]
[2661,86] 1 [2662,88]
[2662,88] 1 [2663,92]
[2663,92] 1 [2664,95]
[2664,95] 1 [2665,99]
[2665,99] 1 [2666,101]
[2666,101] 1 [2667,105]
[2667,105] 1 [2668,108]
[2668,108] 1 [2669,110]
[2669,110] 1 [2670,114]
[2670,114] 1 [2671,117]
[2671,117] 1 [2672,121]
[2672,121] 1 [2673,123]
[2673,123] 1 [2674,126]
[2674,126] 1 [2675,128]
[2675,128] 1 [2676,130]
[2676,130] 1 [2677,132]
[2677,132] 1 [2678,136]
[2678,136] 1 [2679,140]
[2679,140] 1 [2680,144]
[2680,144] 1 [2681,146]
[2681,146] 1 [2682,148]
[2682,148] 1 [2683,151]
[2683,151] 1 [2684,153]
[2684,153] 1 [2685,155]
[2685,155] 1 [2686,158]
[2686,158] 1 [2687,161]
[2687,161] 1 [2688,165]
[2688,165] 1 [2689,167]
[2689,167] 1 [2690,170]
[2690,170] 1 [2691,173]
[2691,173] 1 [2692,175]
[2692,175] 1 [2693,177]
