[0,6] 1 [1,9]
[1,9] 1 [2,13]
[2,13] 1 [3,16]
[3,16] 1 [4,18]
[4,18] 1 [5,20]
[5,20] 1 [6,24]
[6,24] 1 [7,27]
[7,27] 1 [8,31]
[8,31] 1 [9,35]
[9,35] 1 [10,38]
[10,38] 1 [11,41]
[11,41] 1 [12,45]
[12,45] 1 [13,47]
[13,47] 1 [14,51]
[14,51] 1 [15,54]
[15,54] 1 [16,58]
[16,58] 1 [17,60]
[17,60] 1 [18,64]
[18,64] 1 [19,66]
[19,66] 1 [20,68]
[20,68] 1 [21,71]
[21,71] 1 [22,73]
[22,73] 1 [23,76]
[23,76] 1 [24,78]
[24,78] 1 [25,82]
[25,82] 1 [26,84]
[26,84] 1 [27,87]
[27,87] 1 [28,91]
[28,91] 1 [29,94]
[29,94] 1 [30,97]
[30,97] 1 [31,99]
[31,99] 1 [32,103]
[32,103] 1 [33,105]
[33,105] 1 [34,107]
[34,107] 1 [35,109]
[35,109] 1 [36,112]
[36,112] 1 [37,116]
[37,116] 1 [38,118]
[38,118] 1 [39,122]
[39,122] 1 [40,124]
[40,124] 1 [41,127]
[41,127] 1 [42,130]
[42,130] 1 [43,132]
[43,132] 1 [44,136]
[44,136] 1 [45,139]
[45,139] 1 [46,141]
[46,141] 1 [47,145]
[47,145] 1 [48,148]
[48,148] 1 [49,151]
[49,151] 1 [50,153]
[50,153] 1 [51,156]
[51,156] 1 [52,159]
[52,159] 1 [53,161]
[53,161] 1 [54,164]
[54,164] 1 [55,168]
[55,168] 1 [56,171]
[56,171] 1 [57,175]
[57,175] 1 [58,6]
[58,6] 1 [59,6]
[59,6] 1 [60,6]
[60,6] 1 [61,6]
[61,6] 1 [62,6]
[62,6] 1 [63,6]
[63,6] 1 [64,6]
[64,6] 1 [65,6]
[65,6] 1 [66,6]
[66,6] 1 [67,6]
[67,6] 0 [68,6]
[68,6] 1 [69,9]
[69,9] 1 [70,11]
[70,11] 2 [71,7]
[71,7] 1 [72,9]
[72,9] 1 [73,12]
[73,12] 2 [74,9]
[74,9] 2 [75,6]
[75,6] 1 [76,10]
[76,10] 2 [77,9]
[77,9] 1 [78,13]
[78,13] 2 [79,9]
[79,9] 0 [80,8]
[80,8] 2 [81,6]
[81,6] 1 [82,9]
[82,9] 1 [83,13]
[83,13] 0 [84,13]
[84,13] 0 [85,13]
[85,13] 2 [86,9]
[86,9] 1 [87,13]
[87,13] 1 [88,15]
[88,15] 1 [89,18]
[89,18] 1 [90,22]
[90,22] 1 [91,25]
[91,25] 1 [92,27]
[92,27] 1 [93,31]
[93,31] 1 [94,35]
[94,35] 1 [95,37]
[95,37] 1 [96,40]
[96,40] 1 [97,42]
[97,42] 1 [98,44]
[98,44] 1 [99,46]
[99,46] 1 [100,49]
[100,49] 1 [101,51]
[101,51] 1 [102,54]
[102,54] 1 [103,58]
[103,58] 1 [104,60]
[104,60] 1 [105,63]
[105,63] 1 [106,66]
[106,66] 1 [107,69]
[107,69] 1 [108,73]
[108,73] 1 [109,76]
[109,76] 1 [110,78]
[110,78] 1 [111,81]
[111,81] 1 [112,84]
[112,84] 1 [113,88]
[113,88] 1 [114,91]
[114,91] 1 [115,93]
[115,93] 1 [116,96]
[116,96] 1 [117,98]
[117,98] 1 [118,102]
[118,102] 1 [119,105]
[119,105] 1 [120,107]
[120,107] 1 [121,109]
[121,109] 1 [122,113]
[122,113] 1 [123,115]
[123,115] 1 [124,119]
[124,119] 1 [125,123]
[125,123] 1 [126,126]
[126,126] 1 [127,128]
[127,128] 1 [128,132]
[128,132] 1 [129,135]
[129,135] 1 [130,138]
[130,138] 1 [131,141]
[131,141] 1 [132,144]
[132,144] 1 [133,147]
[133,147] 1 [134,151]
[134,151] 1 [135,153]
[135,153] 1 [136,156]
[136,156] 1 [137,159]
[137,159] 1 [138,161]
[138,161] 1 [139,164]
[139,164] 1 [140,168]
[140,168] 1 [141,172]
[141,172] 1 [142,175]
[142,175] 1 [143,177]
[143,177] 1 [144,6]
[144,6] 1 [145,6]
[145,6] 1 [146,6]
[146,6] 1 [147,6]
[147,6] 1 [148,6]
[148,6] 1 [149,6]
[149,6] 1 [150,6]
[150,6] 1 [151,6]
[151,6] 1 [152,8]
[152,8] 1 [153,10]
[153,10] 1 [154,13]
[154,13] 1 [155,17]
[155,17] 1 [156,21]
[156,21] 1 [157,24]
[157,24] 1 [158,28]
[158,28] 1 [159,32]
[159,32] 1 [160,35]
[160,35] 1 [161,37]
[161,37] 1 [162,39]
[162,39] 1 [163,41]
[163,41] 1 [164,45]
[164,45] 1 [165,49]
[165,49] 1 [166,51]
[166,51] 1 [167,53]
[167,53] 1 [168,57]
[168,57] 1 [169,61]
[169,61] 1 [170,63]
[170,63] 1 [171,66]
[171,66] 1 [172,68]
[172,68] 1 [173,70]
[173,70] 1 [174,73]
[174,73] 1 [175,76]
[175,76] 1 [176,80]
[176,80] 1 [177,83]
[177,83] 1 [178,86]
[178,86] 1 [179,88]
[179,88] 1 [180,91]
[180,91] 1 [181,95]
[181,95] 1 [182,98]
[182,98] 1 [183,101]
[183,101] 1 [184,105]
[184,105] 1 [185,109]
[185,109] 1 [186,111]
[186,111] 1 [187,113]
[187,113] 1 [188,117]
[188,117] 1 [189,120]
[189,120] 1 [190,122]
[190,122] 1 [191,125]
[191,125] 1 [192,129]
[192,129] 1 [193,131]
[193,131] 1 [194,133]
[194,133] 1 [195,136]
[195,136] 1 [196,140]
[196,140] 1 [197,142]
[197,142] 1 [198,145]
[198,145] 1 [199,148]
[199,148] 1 [200,151]
[200,151] 1 [201,154]
[201,154] 1 [202,157]
[202,157] 1 [203,161]
[203,161] 1 [204,164]
[204,164] 1 [205,166]
[205,166] 1 [206,170]
[206,170] 1 [207,172]
[207,172] 1 [208,176]
[208,176] 1 [209,6]
[209,6] 1 [210,6]
[210,6] 1 [211,6]
[211,6] 1 [212,6]
[212,6] 1 [213,6]
[213,6] 1 [214,6]
[214,6] 1 [215,6]
[215,6] 1 [216,6]
[216,6] 1 [217,6]
[217,6] 1 [218,6]
[218,6] 1 [219,6]
[219,6] 1 [220,7]
[220,7] 1 [221,9]
[221,9] 0 [222,9]
[222,9] 1 [223,11]
[223,11] 2 [224,9]
[224,9] 1 [225,11]
[225,11] 2 [226,11]
[226,11] 2 [227,9]
[227,9] 0 [228,8]
[228,8] 2 [229,6]
[229,6] 1 [230,8]
[230,8] 1 [231,11]
[231,11] 2 [232,9]
[232,9] 1 [233,11]
[233,11] 2 [234,9]
[234,9] 1 [235,11]
[235,11] 1 [236,13]
[236,13] 2 [237,9]
[237,9] 1 [238,11]
[238,11] 1 [239,14]
[239,14] 1 [240,16]
[240,16] 1 [241,19]
[241,19] 2 [242,15]
[242,15] 2 [243,11]
[243,11] 1 [244,13]
[244,13] 1 [245,15]
[245,15] 1 [246,19]
[246,19] 1 [247,21]
[247,21] 1 [248,23]
[248,23] 1 [249,25]
[249,25] 1 [250,28]
[250,28] 1 [251,32]
[251,32] 1 [252,34]
[252,34] 1 [253,37]
[253,37] 1 [254,40]
[254,40] 1 [255,43]
[255,43] 1 [256,45]
[256,45] 1 [257,47]
[257,47] 1 [258,51]
[258,51] 1 [259,53]
[259,53] 1 [260,57]
[260,57] 1 [261,59]
[261,59] 1 [262,63]
[262,63] 1 [263,65]
[263,65] 1 [264,69]
[264,69] 1 [265,72]
[265,72] 1 [266,74]
[266,74] 1 [267,78]
[267,78] 1 [268,80]
[268,80] 1 [269,84]
[269,84] 1 [270,86]
[270,86] 1 [271,90]
[271,90] 1 [272,92]
[272,92] 1 [273,95]
[273,95] 1 [274,98]
[274,98] 1 [275,102]
[275,102] 1 [276,106]
[276,106] 1 [277,109]
[277,109] 1 [278,111]
[278,111] 1 [279,113]
[279,113] 1 [280,115]
[280,115] 1 [281,118]
[281,118] 1 [282,120]
[282,120] 1 [283,122]
[283,122] 1 [284,126]
[284,126] 1 [285,129]
[285,129] 1 [286,132]
[286,132] 1 [287,135]
[287,135] 1 [288,139]
[288,139] 1 [289,143]
[289,143] 1 [290,146]
[290,146] 1 [291,149]
[291,149] 1 [292,153]
[292,153] 1 [293,157]
[293,157] 1 [294,160]
[294,160] 1 [295,164]
[295,164] 1 [296,168]
[296,168] 1 [297,172]
[297,172] 1 [298,174]
[298,174] 1 [299,177]
[299,177] 1 [300,6]
[300,6] 1 [301,6]
[301,6] 1 [302,6]
[302,6] 1 [303,6]
[303,6] 1 [304,6]
[304,6] 1 [305,6]
[305,6] 1 [306,6]
[306,6] 1 [307,6]
[307,6] 1 [308,6]
[308,6] 1 [309,6]
[309,6] 1 [310,6]
[310,6] 2 [311,7]
[311,7] 1 [312,11]
[312,11] 1 [313,15]
[313,15] 1 [314,18]
[314,18] 1 [315,20]
[315,20] 1 [316,24]
[316,24] 2 [317,20]
[317,20] 2 [318,16]
[318,16] 2 [319,13]
[319,13] 1 [320,15]
[320,15] 2 [321,11]
[321,11] 1 [322,14]
[322,14] 1 [323,16]
[323,16] 2 [324,12]
[324,12] 1 [325,10]
[325,10] 1 [326,13]
[326,13] 1 [327,15]
[327,15] 1 [328,18]
[328,18] 1 [329,20]
[329,20] 1 [330,24]
[330,24] 1 [331,27]
[331,27] 1 [332,30]
[332,30] 1 [333,33]
[333,33] 1 [334,35]
[334,35] 1 [335,37]
[335,37] 1 [336,39]
[336,39] 1 [337,41]
[337,41] 1 [338,44]
[338,44] 1 [339,48]
[339,48] 1 [340,50]
[340,50] 1 [341,53]
[341,53] 1 [342,57]
[342,57] 1 [343,60]
[343,60] 1 [344,64]
[344,64] 1 [345,68]
[345,68] 1 [346,72]
[346,72] 1 [347,74]
[347,74] 1 [348,77]
[348,77] 1 [349,80]
[349,80] 1 [350,82]
[350,82] 1 [351,86]
[351,86] 1 [352,90]
[352,90] 1 [353,93]
[353,93] 1 [354,96]
[354,96] 1 [355,100]
[355,100] 1 [356,103]
[356,103] 1 [357,105]
[357,105] 1 [358,108]
[358,108] 1 [359,112]
[359,112] 1 [360,114]
[360,114] 2 [361,112]
[361,112] 0 [362,111]
[362,111] 2 [363,108]
[363,108] 1 [364,111]
[364,111] 1 [365,113]
[365,113] 1 [366,117]
[366,117] 1 [367,119]
[367,119] 1 [368,123]
[368,123] 1 [369,127]
[369,127] 1 [370,129]
[370,129] 1 [371,131]
[371,131] 2 [372,127]
[372,127] 1 [373,129]
[373,129] 1 [374,132]
[374,132] 1 [375,136]
[375,136] 1 [376,139]
[376,139] 1 [377,142]
[377,142] 1 [378,144]
[378,144] 1 [379,146]
[379,146] 1 [380,149]
[380,149] 1 [381,151]
[381,151] 1 [382,155]
[382,155] 1 [383,159]
[383,159] 1 [384,163]
[384,163] 1 [385,167]
[385,167] 1 [386,169]
[386,169] 1 [387,173]
[387,173] 1 [388,177]
[388,177] 1 [389,6]
[389,6] 1 [390,6]
[390,6] 1 [391,6]
[391,6] 1 [392,6]
[392,6] 1 [393,6]
[393,6] 1 [394,6]
[394,6] 1 [395,6]
[395,6] 1 [396,6]
[396,6] 1 [397,6]
[397,6] 1 [398,6]
[398,6] 0 [399,6]
[399,6] 1 [400,8]
[400,8] 2 [401,6]
[401,6] 1 [402,9]
[402,9] 1 [403,13]
[403,13] 2 [404,9]
[404,9] 1 [405,11]
[405,11] 1 [406,13]
[406,13] 1 [407,15]
[407,15] 1 [408,17]
[408,17] 1 [409,20]
[409,20] 1 [410,23]
[410,23] 1 [411,27]
[411,27] 1 [412,31]
[412,31] 2 [413,28]
[413,28] 0 [414,27]
[414,27] 2 [415,23]
[415,23] 2 [416,19]
[416,19] 1 [417,17]
[417,17] 1 [418,19]
[418,19] 1 [419,23]
[419,23] 1 [420,27]
[420,27] 1 [421,30]
[421,30] 1 [422,34]
[422,34] 1 [423,38]
[423,38] 1 [424,41]
[424,41] 1 [425,45]
[425,45] 1 [426,47]
[426,47] 1 [427,50]
[427,50] 1 [428,53]
[428,53] 1 [429,57]
[429,57] 1 [430,61]
[430,61] 1 [431,64]
[431,64] 1 [432,68]
[432,68] 1 [433,70]
[433,70] 1 [434,72]
[434,72] 1 [435,76]
[435,76] 1 [436,80]
[436,80] 1 [437,83]
[437,83] 1 [438,86]
[438,86] 1 [439,89]
[439,89] 1 [440,91]
[440,91] 1 [441,95]
[441,95] 1 [442,97]
[442,97] 1 [443,101]
[443,101] 1 [444,104]
[444,104] 2 [445,100]
[445,100] 1 [446,100]
[446,100] 2 [447,96]
[447,96] 1 [448,97]
[448,97] 1 [449,100]
[449,100] 1 [450,104]
[450,104] 1 [451,106]
[451,106] 1 [452,110]
[452,110] 1 [453,113]
[453,113] 1 [454,115]
[454,115] 1 [455,118]
[455,118] 1 [456,121]
[456,121] 1 [457,125]
[457,125] 1 [458,127]
[458,127] 1 [459,131]
[459,131] 1 [460,134]
[460,134] 1 [461,138]
[461,138] 1 [462,142]
[462,142] 1 [463,146]
[463,146] 1 [464,149]
[464,149] 1 [465,151]
[465,151] 1 [466,155]
[466,155] 1 [467,157]
[467,157] 1 [468,159]
[468,159] 1 [469,163]
[469,163] 1 [470,167]
[470,167] 1 [471,171]
[471,171] 1 [472,175]
[472,175] 1 [473,6]
[473,6] 1 [474,6]
[474,6] 1 [475,6]
[475,6] 1 [476,6]
[476,6] 1 [477,6]
[477,6] 1 [478,6]
[478,6] 1 [479,6]
[479,6] 1 [480,6]
[480,6] 1 [481,6]
[481,6] 1 [482,6]
[482,6] 1 [483,6]
[483,6] 0 [484,7]
[484,7] 1 [485,9]
[485,9] 1 [486,13]
[486,13] 1 [487,17]
[487,17] 2 [488,13]
[488,13] 1 [489,12]
[489,12] 2 [490,9]
[490,9] 1 [491,11]
[491,11] 1 [492,13]
[492,13] 1 [493,16]
[493,16] 1 [494,19]
[494,19] 1 [495,22]
[495,22] 1 [496,24]
[496,24] 1 [497,28]
[497,28] 1 [498,31]
[498,31] 1 [499,34]
[499,34] 1 [500,36]
[500,36] 1 [501,38]
[501,38] 1 [502,41]
[502,41] 1 [503,43]
[503,43] 1 [504,46]
[504,46] 1 [505,48]
[505,48] 1 [506,52]
[506,52] 1 [507,54]
[507,54] 1 [508,56]
[508,56] 1 [509,60]
[509,60] 1 [510,63]
[510,63] 1 [511,67]
[511,67] 1 [512,71]
[512,71] 1 [513,74]
[513,74] 1 [514,77]
[514,77] 1 [515,81]
[515,81] 1 [516,83]
[516,83] 1 [517,87]
[517,87] 1 [518,91]
[518,91] 1 [519,94]
[519,94] 1 [520,98]
[520,98] 1 [521,101]
[521,101] 1 [522,104]
[522,104] 1 [523,107]
[523,107] 1 [524,111]
[524,111] 1 [525,115]
[525,115] 1 [526,118]
[526,118] 1 [527,122]
[527,122] 1 [528,126]
[528,126] 1 [529,130]
[529,130] 1 [530,132]
[530,132] 1 [531,134]
[531,134] 1 [532,136]
[532,136] 1 [533,140]
[533,140] 1 [534,143]
[534,143] 1 [535,145]
[535,145] 1 [536,149]
[536,149] 1 [537,153]
[537,153] 1 [538,155]
[538,155] 1 [539,157]
[539,157] 1 [540,160]
[540,160] 1 [541,162]
[541,162] 1 [542,166]
[542,166] 1 [543,169]
[543,169] 1 [544,172]
[544,172] 1 [545,175]
[545,175] 1 [546,6]
[546,6] 1 [547,6]
[547,6] 1 [548,6]
[548,6] 1 [549,6]
[549,6] 1 [550,6]
[550,6] 1 [551,6]
[551,6] 1 [552,6]
[552,6] 1 [553,6]
[553,6] 1 [554,6]
[554,6] 1 [555,6]
[555,6] 1 [556,8]
[556,8] 1 [557,12]
[557,12] 1 [558,15]
[558,15] 1 [559,18]
[559,18] 1 [560,22]
[560,22] 1 [561,26]
[561,26] 1 [562,29]
[562,29] 1 [563,32]
[563,32] 0 [564,33]
[564,33] 0 [565,33]
[565,33] 1 [566,36]
[566,36] 1 [567,39]
[567,39] 1 [568,41]
[568,41] 1 [569,43]
[569,43] 1 [570,45]
[570,45] 1 [571,47]
[571,47] 1 [572,50]
[572,50] 1 [573,52]
[573,52] 1 [574,54]
[574,54] 1 [575,57]
[575,57] 1 [576,60]
[576,60] 1 [577,62]
[577,62] 1 [578,66]
[578,66] 1 [579,68]
[579,68] 1 [580,72]
[580,72] 1 [581,76]
[581,76] 1 [582,78]
[582,78] 1 [583,81]
[583,81] 1 [584,85]
[584,85] 1 [585,89]
[585,89] 1 [586,92]
[586,92] 1 [587,94]
[587,94] 1 [588,96]
[588,96] 1 [589,98]
[589,98] 1 [590,100]
[590,100] 1 [591,104]
[591,104] 1 [592,107]
[592,107] 1 [593,110]
[593,110] 1 [594,114]
[594,114] 1 [595,116]
[595,116] 1 [596,118]
[596,118] 1 [597,120]
[597,120] 1 [598,124]
[598,124] 1 [599,126]
[599,126] 1 [600,130]
[600,130] 1 [601,134]
[601,134] 1 [602,137]
[602,137] 1 [603,139]
[603,139] 1 [604,141]
[604,141] 1 [605,144]
[605,144] 1 [606,146]
[606,146] 1 [607,148]
[607,148] 1 [608,152]
[608,152] 1 [609,155]
[609,155] 1 [610,158]
[610,158] 1 [611,161]
[611,161] 1 [612,164]
[612,164] 1 [613,167]
[613,167] 1 [614,169]
[614,169] 1 [615,172]
[615,172] 1 [616,176]
[616,176] 1 [617,6]
[617,6] 1 [618,6]
[618,6] 1 [619,6]
[619,6] 1 [620,6]
[620,6] 1 [621,6]
[621,6] 1 [622,6]
[622,6] 1 [623,6]
[623,6] 1 [624,6]
[624,6] 1 [625,6]
[625,6] 1 [626,6]
[626,6] 1 [627,6]
[627,6] 0 [628,6]
[628,6] 1 [629,8]
[629,8] 0 [630,8]
[630,8] 1 [631,10]
[631,10] 1 [632,13]
[632,13] 1 [633,15]
[633,15] 2 [634,11]
[634,11] 2 [635,7]
[635,7] 1 [636,9]
[636,9] 1 [637,12]
[637,12] 1 [638,16]
[638,16] 1 [639,18]
[639,18] 1 [640,20]
[640,20] 1 [641,23]
[641,23] 1 [642,25]
[642,25] 1 [643,27]
[643,27] 1 [644,29]
[644,29] 1 [645,31]
[645,31] 1 [646,33]
[646,33] 1 [647,37]
[647,37] 1 [648,39]
[648,39] 1 [649,41]
[649,41] 1 [650,43]
[650,43] 1 [651,47]
[651,47] 1 [652,49]
[652,49] 1 [653,53]
[653,53] 1 [654,56]
[654,56] 1 [655,58]
[655,58] 1 [656,61]
[656,61] 1 [657,65]
[657,65] 1 [658,69]
[658,69] 1 [659,72]
[659,72] 1 [660,76]
[660,76] 1 [661,80]
[661,80] 1 [662,82]
[662,82] 1 [663,86]
[663,86] 1 [664,88]
[664,88] 1 [665,90]
[665,90] 1 [666,94]
[666,94] 1 [667,96]
[667,96] 1 [668,98]
[668,98] 1 [669,100]
[669,100] 1 [670,103]
[670,103] 1 [671,105]
[671,105] 1 [672,108]
[672,108] 1 [673,110]
[673,110] 1 [674,114]
[674,114] 1 [675,118]
[675,118] 1 [676,121]
[676,121] 1 [677,124]
[677,124] 1 [678,128]
[678,128] 1 [679,130]
[679,130] 1 [680,132]
[680,132] 1 [681,135]
[681,135] 1 [682,139]
[682,139] 1 [683,142]
[683,142] 1 [684,145]
[684,145] 1 [685,149]
[685,149] 1 [686,153]
[686,153] 1 [687,155]
[687,155] 1 [688,157]
[688,157] 1 [689,160]
[689,160] 1 [690,163]
[690,163] 1 [691,166]
[691,166] 1 [692,170]
[692,170] 1 [693,172]
[693,172] 1 [694,175]
[694,175] 1 [695,6]
[695,6] 1 [696,6]
[696,6] 1 [697,6]
[697,6] 1 [698,6]
[698,6] 1 [699,6]
[699,6] 1 [700,6]
[700,6] 1 [701,6]
[701,6] 1 [702,6]
[702,6] 1 [703,6]
[703,6] 1 [704,6]
[704,6] 0 [705,7]
[705,7] 1 [706,10]
[706,10] 1 [707,12]
[707,12] 0 [708,12]
[708,12] 2 [709,8]
[709,8] 1 [710,10]
[710,10] 1 [711,13]
[711,13] 1 [712,16]
[712,16] 1 [713,18]
[713,18] 1 [714,22]
[714,22] 1 [715,24]
[715,24] 1 [716,26]
[716,26] 1 [717,29]
[717,29] 1 [718,32]
[718,32] 1 [719,34]
[719,34] 1 [720,38]
[720,38] 1 [721,41]
[721,41] 1 [722,43]
[722,43] 1 [723,46]
[723,46] 1 [724,50]
[724,50] 1 [725,54]
[725,54] 1 [726,56]
[726,56] 1 [727,60]
[727,60] 1 [728,63]
[728,63] 1 [729,66]
[729,66] 1 [730,70]
[730,70] 1 [731,72]
[731,72] 1 [732,75]
[732,75] 1 [733,79]
[733,79] 1 [734,82]
[734,82] 1 [735,84]
[735,84] 1 [736,86]
[736,86] 1 [737,88]
[737,88] 1 [738,91]
[738,91] 1 [739,95]
[739,95] 1 [740,98]
[740,98] 1 [741,100]
[741,100] 1 [742,104]
[742,104] 1 [743,108]
[743,108] 1 [744,111]
[744,111] 1 [745,114]
[745,114] 1 [746,116]
[746,116] 1 [747,120]
[747,120] 1 [748,122]
[748,122] 1 [749,124]
[749,124] 1 [750,126]
[750,126] 1 [751,128]
[751,128] 1 [752,131]
[752,131] 1 [753,134]
[753,134] 1 [754,138]
[754,138] 1 [755,141]
[755,141] 1 [756,143]
[756,143] 1 [757,145]
[757,145] 1 [758,149]
[758,149] 1 [759,151]
[759,151] 1 [760,154]
[760,154] 1 [761,156]
[761,156] 1 [762,160]
[762,160] 0 [763,160]
[763,160] 1 [764,162]
[764,162] 1 [765,166]
[765,166] 1 [766,168]
[766,168] 1 [767,171]
[767,171] 1 [768,175]
[768,175] 1 [769,177]
[769,177] 1 [770,6]
[770,6] 1 [771,6]
[771,6] 1 [772,6]
[772,6] 1 [773,6]
[773,6] 1 [774,6]
[774,6] 1 [775,6]
[775,6] 1 [776,6]
[776,6] 1 [777,6]
[777,6] 1 [778,6]
[778,6] 1 [779,6]
[779,6] 1 [780,7]
[780,7] 1 [781,9]
[781,9] 1 [782,12]
[782,12] 1 [783,15]
[783,15] 1 [784,17]
[784,17] 1 [785,21]
[785,21] 1 [786,24]
[786,24] 1 [787,28]
[787,28] 1 [788,31]
[788,31] 1 [789,33]
[789,33] 1 [790,35]
[790,35] 1 [791,38]
[791,38] 1 [792,40]
[792,40] 1 [793,44]
[793,44] 1 [794,48]
[794,48] 1 [795,52]
[795,52] 1 [796,56]
[796,56] 1 [797,60]
[797,60] 1 [798,64]
[798,64] 1 [799,67]
[799,67] 1 [800,69]
[800,69] 1 [801,72]
[801,72] 1 [802,76]
[802,76] 1 [803,78]
[803,78] 1 [804,81]
[804,81] 1 [805,83]
[805,83] 1 [806,86]
[806,86] 1 [807,88]
[807,88] 1 [808,90]
[808,90] 1 [809,94]
[809,94] 1 [810,96]
[810,96] 1 [811,98]
[811,98] 1 [812,102]
[812,102] 1 [813,106]
[813,106] 1 [814,108]
[814,108] 1 [815,111]
[815,111] 1 [816,115]
[816,115] 1 [817,118]
[817,118] 1 [818,122]
[818,122] 1 [819,126]
[819,126] 1 [820,130]
[820,130] 1 [821,132]
[821,132] 1 [822,135]
[822,135] 1 [823,138]
[823,138] 1 [824,142]
[824,142] 1 [825,145]
[825,145] 1 [826,148]
[826,148] 1 [827,150]
[827,150] 1 [828,153]
[828,153] 1 [829,157]
[829,157] 1 [830,159]
[830,159] 1 [831,163]
[831,163] 1 [832,167]
[832,167] 1 [833,169]
[833,169] 1 [834,173]
[834,173] 1 [835,177]
[835,177] 1 [836,6]
[836,6] 1 [837,6]
[837,6] 1 [838,6]
[838,6] 1 [839,6]
[839,6] 1 [840,6]
[840,6] 1 [841,6]
[841,6] 1 [842,6]
[842,6] 1 [843,6]
[843,6] 1 [844,6]
[844,6] 1 [845,6]
[845,6] 1 [846,10]
[846,10] 0 [847,10]
[847,10] 1 [848,12]
[848,12] 2 [849,10]
[849,10] 1 [850,12]
[850,12] 1 [851,16]
[851,16] 2 [852,12]
[852,12] 1 [853,14]
[853,14] 1 [854,16]
[854,16] 2 [855,12]
[855,12] 1 [856,13]
[856,13] 1 [857,15]
[857,15] 1 [858,17]
[858,17] 1 [859,21]
[859,21] 1 [860,25]
[860,25] 1 [861,29]
[861,29] 1 [862,31]
[862,31] 1 [863,33]
[863,33] 1 [864,35]
[864,35] 1 [865,37]
[865,37] 1 [866,39]
[866,39] 1 [867,43]
[867,43] 1 [868,45]
[868,45] 1 [869,48]
[869,48] 1 [870,50]
[870,50] 1 [871,52]
[871,52] 1 [872,55]
[872,55] 1 [873,58]
[873,58] 1 [874,60]
[874,60] 1 [875,64]
[875,64] 1 [876,68]
[876,68] 1 [877,71]
[877,71] 1 [878,74]
[878,74] 1 [879,76]
[879,76] 1 [880,79]
[880,79] 1 [881,82]
[881,82] 1 [882,86]
[882,86] 1 [883,89]
[883,89] 1 [884,93]
[884,93] 1 [885,96]
[885,96] 1 [886,98]
[886,98] 1 [887,100]
[887,100] 1 [888,104]
[888,104] 1 [889,107]
[889,107] 1 [890,109]
[890,109] 1 [891,111]
[891,111] 1 [892,113]
[892,113] 1 [893,117]
[893,117] 1 [894,120]
[894,120] 1 [895,123]
[895,123] 1 [896,126]
[896,126] 1 [897,130]
[897,130] 1 [898,133]
[898,133] 1 [899,135]
[899,135] 1 [900,139]
[900,139] 1 [901,143]
[901,143] 1 [902,147]
[902,147] 1 [903,151]
[903,151] 1 [904,155]
[904,155] 1 [905,159]
[905,159] 1 [906,161]
[906,161] 1 [907,164]
[907,164] 1 [908,167]
[908,167] 1 [909,170]
[909,170] 1 [910,172]
[910,172] 1 [911,174]
[911,174] 1 [912,176]
[912,176] 1 [913,6]
[913,6] 1 [914,6]
[914,6] 1 [915,6]
[915,6] 1 [916,6]
[916,6] 1 [917,6]
[917,6] 1 [918,6]
[918,6] 1 [919,6]
[919,6] 1 [920,6]
[920,6] 1 [921,6]
[921,6] 1 [922,8]
[922,8] 0 [923,9]
[923,9] 1 [924,12]
[924,12] 1 [925,15]
[925,15] 1 [926,18]
[926,18] 2 [927,14]
[927,14] 1 [928,16]
[928,16] 1 [929,19]
[929,19] 1 [930,21]
[930,21] 1 [931,24]
[931,24] 1 [932,27]
[932,27] 1 [933,30]
[933,30] 1 [934,33]
[934,33] 1 [935,35]
[935,35] 1 [936,39]
[936,39] 1 [937,43]
[937,43] 1 [938,46]
[938,46] 1 [939,49]
[939,49] 1 [940,53]
[940,53] 1 [941,57]
[941,57] 1 [942,61]
[942,61] 1 [943,65]
[943,65] 1 [944,69]
[944,69] 1 [945,71]
[945,71] 1 [946,75]
[946,75] 1 [947,79]
[947,79] 1 [948,83]
[948,83] 1 [949,85]
[949,85] 1 [950,87]
[950,87] 1 [951,89]
[951,89] 1 [952,92]
[952,92] 1 [953,94]
[953,94] 1 [954,96]
[954,96] 1 [955,100]
[955,100] 1 [956,104]
[956,104] 1 [957,106]
[957,106] 1 [958,109]
[958,109] 1 [959,112]
[959,112] 1 [960,116]
[960,116] 1 [961,119]
[961,119] 1 [962,122]
[962,122] 1 [963,126]
[963,126] 1 [964,128]
[964,128] 1 [965,130]
[965,130] 1 [966,132]
[966,132] 1 [967,135]
[967,135] 1 [968,139]
[968,139] 1 [969,143]
[969,143] 1 [970,147]
[970,147] 1 [971,149]
[971,149] 1 [972,152]
[972,152] 1 [973,154]
[973,154] 1 [974,157]
[974,157] 1 [975,161]
[975,161] 1 [976,163]
[976,163] 1 [977,165]
[977,165] 1 [978,168]
[978,168] 1 [979,170]
[979,170] 1 [980,173]
[980,173] 1 [981,177]
[981,177] 1 [982,6]
[982,6] 1 [983,6]
[983,6] 1 [984,6]
[984,6] 1 [985,6]
[985,6] 1 [986,6]
[986,6] 1 [987,6]
[987,6] 1 [988,6]
[988,6] 1 [989,6]
[989,6] 1 [990,6]
[990,6] 1 [991,7]
[991,7] 1 [992,9]
[992,9] 2 [993,6]
[993,6] 1 [994,8]
[994,8] 1 [995,12]
[995,12] 1 [996,14]
[996,14] 1 [997,16]
[997,16] 2 [998,12]
[998,12] 2 [999,8]
[999,8] 1 [1000,8]
[1000,8] 1 [1001,11]
[1001,11] 1 [1002,13]
[1002,13] 2 [1003,10]
[1003,10] 2 [1004,6]
[1004,6] 1 [1005,8]
[1005,8] 1 [1006,10]
[1006,10] 1 [1007,13]
[1007,13] 1 [1008,15]
[1008,15] 2 [1009,12]
[1009,12] 2 [1010,8]
[1010,8] 2 [1011,6]
[1011,6] 1 [1012,6]
[1012,6] 1 [1013,8]
[1013,8] 1 [1014,12]
[1014,12] 1 [1015,15]
[1015,15] 2 [1016,11]
[1016,11] 1 [1017,13]
[1017,13] 1 [1018,15]
[1018,15] 1 [1019,17]
[1019,17] 1 [1020,21]
[1020,21] 1 [1021,23]
[1021,23] 1 [1022,26]
[1022,26] 1 [1023,30]
[1023,30] 1 [1024,32]
[1024,32] 1 [1025,34]
[1025,34] 1 [1026,37]
[1026,37] 1 [1027,40]
[1027,40] 1 [1028,44]
[1028,44] 1 [1029,46]
[1029,46] 1 [1030,49]
[1030,49] 1 [1031,52]
[1031,52] 1 [1032,54]
[1032,54] 1 [1033,56]
[1033,56] 1 [1034,59]
[1034,59] 1 [1035,61]
[1035,61] 1 [1036,64]
[1036,64] 1 [1037,68]
[1037,68] 1 [1038,70]
[1038,70] 1 [1039,73]
[1039,73] 1 [1040,75]
[1040,75] 1 [1041,78]
[1041,78] 1 [1042,80]
[1042,80] 1 [1043,83]
[1043,83] 1 [1044,85]
[1044,85] 1 [1045,87]
[1045,87] 1 [1046,90]
[1046,90] 1 [1047,94]
[1047,94] 1 [1048,96]
[1048,96] 1 [1049,99]
[1049,99] 1 [1050,101]
[1050,101] 1 [1051,104]
[1051,104] 1 [1052,107]
[1052,107] 1 [1053,110]
[1053,110] 1 [1054,114]
[1054,114] 1 [1055,118]
[1055,118] 1 [1056,120]
[1056,120] 1 [1057,124]
[1057,124] 1 [1058,127]
[1058,127] 1 [1059,131]
[1059,131] 1 [1060,133]
[1060,133] 1 [1061,135]
[1061,135] 1 [1062,137]
[1062,137] 1 [1063,139]
[1063,139] 1 [1064,142]
[1064,142] 1 [1065,145]
[1065,145] 1 [1066,149]
[1066,149] 1 [1067,152]
[1067,152] 1 [1068,154]
[1068,154] 1 [1069,157]
[1069,157] 1 [1070,159]
[1070,159] 1 [1071,162]
[1071,162] 1 [1072,164]
[1072,164] 1 [1073,166]
[1073,166] 1 [1074,169]
[1074,169] 1 [1075,173]
[1075,173] 1 [1076,175]
[1076,175] 1 [1077,6]
[1077,6] 1 [1078,6]
[1078,6] 1 [1079,6]
[1079,6] 1 [1080,6]
[1080,6] 1 [1081,6]
[1081,6] 1 [1082,6]
[1082,6] 1 [1083,6]
[1083,6] 1 [1084,6]
[1084,6] 1 [1085,6]
[1085,6] 1 [1086,6]
[1086,6] 1 [1087,7]
[1087,7] 1 [1088,11]
[1088,11] 2 [1089,10]
[1089,10] 1 [1090,12]
[1090,12] 1 [1091,14]
[1091,14] 1 [1092,17]
[1092,17] 1 [1093,19]
[1093,19] 2 [1094,15]
[1094,15] 2 [1095,11]
[1095,11] 2 [1096,7]
[1096,7] 1 [1097,10]
[1097,10] 1 [1098,13]
[1098,13] 1 [1099,15]
[1099,15] 1 [1100,18]
[1100,18] 1 [1101,20]
[1101,20] 1 [1102,23]
[1102,23] 1 [1103,26]
[1103,26] 1 [1104,28]
[1104,28] 1 [1105,32]
[1105,32] 1 [1106,34]
[1106,34] 1 [1107,38]
[1107,38] 1 [1108,41]
[1108,41] 1 [1109,44]
[1109,44] 1 [1110,47]
[1110,47] 1 [1111,50]
[1111,50] 1 [1112,52]
[1112,52] 1 [1113,56]
[1113,56] 1 [1114,58]
[1114,58] 1 [1115,60]
[1115,60] 1 [1116,64]
[1116,64] 1 [1117,66]
[1117,66] 1 [1118,68]
[1118,68] 1 [1119,70]
[1119,70] 1 [1120,72]
[1120,72] 1 [1121,74]
[1121,74] 1 [1122,78]
[1122,78] 1 [1123,80]
[1123,80] 1 [1124,84]
[1124,84] 1 [1125,86]
[1125,86] 1 [1126,89]
[1126,89] 1 [1127,92]
[1127,92] 1 [1128,96]
[1128,96] 1 [1129,100]
[1129,100] 1 [1130,102]
[1130,102] 1 [1131,106]
[1131,106] 1 [1132,109]
[1132,109] 1 [1133,111]
[1133,111] 1 [1134,115]
[1134,115] 1 [1135,117]
[1135,117] 1 [1136,119]
[1136,119] 1 [1137,123]
[1137,123] 1 [1138,126]
[1138,126] 1 [1139,129]
[1139,129] 1 [1140,133]
[1140,133] 1 [1141,137]
[1141,137] 1 [1142,140]
[1142,140] 1 [1143,144]
[1143,144] 1 [1144,146]
[1144,146] 1 [1145,149]
[1145,149] 1 [1146,152]
[1146,152] 1 [1147,154]
[1147,154] 1 [1148,156]
[1148,156] 1 [1149,160]
[1149,160] 1 [1150,164]
[1150,164] 1 [1151,167]
[1151,167] 1 [1152,171]
[1152,171] 1 [1153,173]
[1153,173] 1 [1154,175]
[1154,175] 1 [1155,6]
[1155,6] 1 [1156,6]
[1156,6] 1 [1157,6]
[1157,6] 1 [1158,6]
[1158,6] 1 [1159,6]
[1159,6] 1 [1160,6]
[1160,6] 1 [1161,6]
[1161,6] 1 [1162,6]
[1162,6] 1 [1163,6]
[1163,6] 1 [1164,9]
[1164,9] 1 [1165,11]
[1165,11] 2 [1166,8]
[1166,8] 1 [1167,7]
[1167,7] 1 [1168,9]
[1168,9] 2 [1169,6]
[1169,6] 1 [1170,10]
[1170,10] 1 [1171,12]
[1171,12] 2 [1172,9]
[1172,9] 1 [1173,10]
[1173,10] 1 [1174,13]
[1174,13] 1 [1175,16]
[1175,16] 2 [1176,13]
[1176,13] 1 [1177,15]
[1177,15] 2 [1178,11]
[1178,11] 2 [1179,7]
[1179,7] 1 [1180,9]
[1180,9] 1 [1181,12]
[1181,12] 1 [1182,15]
[1182,15] 2 [1183,13]
[1183,13] 2 [1184,10]
[1184,10] 2 [1185,6]
[1185,6] 1 [1186,8]
[1186,8] 1 [1187,11]
[1187,11] 1 [1188,13]
[1188,13] 2 [1189,10]
[1189,10] 1 [1190,10]
[1190,10] 1 [1191,14]
[1191,14] 1 [1192,17]
[1192,17] 1 [1193,20]
[1193,20] 1 [1194,24]
[1194,24] 1 [1195,28]
[1195,28] 1 [1196,32]
[1196,32] 1 [1197,35]
[1197,35] 1 [1198,39]
[1198,39] 1 [1199,43]
[1199,43] 1 [1200,47]
[1200,47] 1 [1201,50]
[1201,50] 1 [1202,53]
[1202,53] 1 [1203,56]
[1203,56] 1 [1204,58]
[1204,58] 1 [1205,60]
[1205,60] 1 [1206,64]
[1206,64] 1 [1207,67]
[1207,67] 1 [1208,69]
[1208,69] 1 [1209,73]
[1209,73] 1 [1210,75]
[1210,75] 1 [1211,79]
[1211,79] 1 [1212,81]
[1212,81] 1 [1213,84]
[1213,84] 1 [1214,86]
[1214,86] 1 [1215,89]
[1215,89] 1 [1216,92]
[1216,92] 1 [1217,94]
[1217,94] 1 [1218,97]
[1218,97] 1 [1219,101]
[1219,101] 1 [1220,104]
[1220,104] 1 [1221,108]
[1221,108] 1 [1222,111]
[1222,111] 1 [1223,113]
[1223,113] 2 [1224,110]
[1224,110] 1 [1225,112]
[1225,112] 2 [1226,110]
[1226,110] 1 [1227,112]
[1227,112] 2 [1228,110]
[1228,110] 1 [1229,109]
[1229,109] 1 [1230,111]
[1230,111] 1 [1231,115]
[1231,115] 1 [1232,117]
[1232,117] 1 [1233,119]
[1233,119] 1 [1234,122]
[1234,122] 1 [1235,126]
[1235,126] 1 [1236,129]
[1236,129] 1 [1237,133]
[1237,133] 1 [1238,135]
[1238,135] 1 [1239,138]
[1239,138] 1 [1240,142]
[1240,142] 1 [1241,146]
[1241,146] 1 [1242,149]
[1242,149] 1 [1243,151]
[1243,151] 1 [1244,154]
[1244,154] 1 [1245,158]
[1245,158] 1 [1246,160]
[1246,160] 1 [1247,164]
[1247,164] 1 [1248,166]
[1248,166] 1 [1249,170]
[1249,170] 1 [1250,173]
[1250,173] 1 [1251,177]
[1251,177] 1 [1252,6]
[1252,6] 1 [1253,6]
[1253,6] 1 [1254,6]
[1254,6] 1 [1255,6]
[1255,6] 1 [1256,6]
[1256,6] 1 [1257,6]
[1257,6] 1 [1258,6]
[1258,6] 1 [1259,6]
[1259,6] 1 [1260,6]
[1260,6] 1 [1261,6]
[1261,6] 1 [1262,10]
[1262,10] 1 [1263,13]
[1263,13] 1 [1264,15]
[1264,15] 1 [1265,17]
[1265,17] 1 [1266,21]
[1266,21] 1 [1267,24]
[1267,24] 1 [1268,26]
[1268,26] 1 [1269,30]
[1269,30] 1 [1270,34]
[1270,34] 1 [1271,37]
[1271,37] 1 [1272,39]
[1272,39] 1 [1273,43]
[1273,43] 1 [1274,46]
[1274,46] 1 [1275,50]
[1275,50] 1 [1276,52]
[1276,52] 1 [1277,56]
[1277,56] 1 [1278,58]
[1278,58] 1 [1279,61]
[1279,61] 1 [1280,65]
[1280,65] 1 [1281,67]
[1281,67] 1 [1282,71]
[1282,71] 1 [1283,74]
[1283,74] 1 [1284,77]
[1284,77] 1 [1285,79]
[1285,79] 1 [1286,82]
[1286,82] 1 [1287,84]
[1287,84] 1 [1288,87]
[1288,87] 1 [1289,91]
[1289,91] 1 [1290,95]
[1290,95] 1 [1291,99]
[1291,99] 1 [1292,101]
[1292,101] 1 [1293,105]
[1293,105] 1 [1294,107]
[1294,107] 1 [1295,111]
[1295,111] 1 [1296,113]
[1296,113] 1 [1297,117]
[1297,117] 1 [1298,120]
[1298,120] 1 [1299,123]
[1299,123] 1 [1300,125]
[1300,125] 1 [1301,127]
[1301,127] 1 [1302,129]
[1302,129] 1 [1303,133]
[1303,133] 1 [1304,135]
[1304,135] 1 [1305,137]
[1305,137] 1 [1306,141]
[1306,141] 1 [1307,143]
[1307,143] 1 [1308,147]
[1308,147] 1 [1309,149]
[1309,149] 1 [1310,153]
[1310,153] 1 [1311,155]
[1311,155] 1 [1312,159]
[1312,159] 1 [1313,162]
[1313,162] 1 [1314,164]
[1314,164] 1 [1315,168]
[1315,168] 1 [1316,170]
[1316,170] 1 [1317,173]
[1317,173] 1 [1318,176]
[1318,176] 1 [1319,6]
[1319,6] 1 [1320,6]
[1320,6] 1 [1321,6]
[1321,6] 1 [1322,6]
[1322,6] 1 [1323,6]
[1323,6] 1 [1324,6]
[1324,6] 1 [1325,6]
[1325,6] 1 [1326,6]
[1326,6] 1 [1327,6]
[1327,6] 1 [1328,9]
[1328,9] 2 [1329,6]
[1329,6] 1 [1330,9]
[1330,9] 1 [1331,11]
[1331,11] 2 [1332,8]
[1332,8] 1 [1333,11]
[1333,11] 1 [1334,15]
[1334,15] 2 [1335,12]
[1335,12] 1 [1336,15]
[1336,15] 1 [1337,17]
[1337,17] 1 [1338,20]
[1338,20] 1 [1339,24]
[1339,24] 1 [1340,27]
[1340,27] 1 [1341,31]
[1341,31] 1 [1342,35]
[1342,35] 1 [1343,38]
[1343,38] 1 [1344,41]
[1344,41] 1 [1345,44]
[1345,44] 1 [1346,48]
[1346,48] 1 [1347,52]
[1347,52] 1 [1348,54]
[1348,54] 1 [1349,57]
[1349,57] 0 [1350,58]
[1350,58] 2 [1351,56]
[1351,56] 2 [1352,53]
[1352,53] 1 [1353,55]
[1353,55] 1 [1354,58]
[1354,58] 1 [1355,61]
[1355,61] 1 [1356,64]
[1356,64] 1 [1357,66]
[1357,66] 2 [1358,62]
[1358,62] 1 [1359,64]
[1359,64] 1 [1360,66]
[1360,66] 1 [1361,68]
[1361,68] 1 [1362,72]
[1362,72] 1 [1363,76]
[1363,76] 1 [1364,78]
[1364,78] 1 [1365,81]
[1365,81] 1 [1366,85]
[1366,85] 1 [1367,88]
[1367,88] 1 [1368,92]
[1368,92] 1 [1369,94]
[1369,94] 1 [1370,96]
[1370,96] 1 [1371,98]
[1371,98] 1 [1372,101]
[1372,101] 1 [1373,104]
[1373,104] 1 [1374,106]
[1374,106] 1 [1375,108]
[1375,108] 1 [1376,111]
[1376,111] 1 [1377,113]
[1377,113] 1 [1378,116]
[1378,116] 1 [1379,118]
[1379,118] 1 [1380,121]
[1380,121] 1 [1381,124]
[1381,124] 1 [1382,128]
[1382,128] 1 [1383,131]
[1383,131] 1 [1384,133]
[1384,133] 1 [1385,137]
[1385,137] 1 [1386,139]
[1386,139] 1 [1387,143]
[1387,143] 1 [1388,145]
[1388,145] 1 [1389,148]
[1389,148] 1 [1390,150]
[1390,150] 1 [1391,154]
[1391,154] 1 [1392,158]
[1392,158] 1 [1393,161]
[1393,161] 1 [1394,165]
[1394,165] 1 [1395,168]
[1395,168] 1 [1396,170]
[1396,170] 1 [1397,172]
[1397,172] 1 [1398,174]
[1398,174] 1 [1399,176]
[1399,176] 1 [1400,6]
[1400,6] 1 [1401,6]
[1401,6] 1 [1402,6]
[1402,6] 1 [1403,6]
[1403,6] 1 [1404,6]
[1404,6] 1 [1405,6]
[1405,6] 1 [1406,6]
[1406,6] 1 [1407,6]
[1407,6] 1 [1408,6]
[1408,6] 1 [1409,6]
[1409,6] 1 [1410,9]
[1410,9] 1 [1411,11]
[1411,11] 1 [1412,13]
[1412,13] 1 [1413,16]
[1413,16] 2 [1414,12]
[1414,12] 2 [1415,8]
[1415,8] 1 [1416,11]
[1416,11] 2 [1417,9]
[1417,9] 1 [1418,11]
[1418,11] 1 [1419,13]
[1419,13] 1 [1420,15]
[1420,15] 2 [1421,11]
[1421,11] 2 [1422,7]
[1422,7] 1 [1423,11]
[1423,11] 2 [1424,7]
[1424,7] 0 [1425,7]
[1425,7] 1 [1426,10]
[1426,10] 1 [1427,13]
[1427,13] 2 [1428,9]
[1428,9] 1 [1429,11]
[1429,11] 2 [1430,9]
[1430,9] 2 [1431,6]
[1431,6] 1 [1432,8]
[1432,8] 1 [1433,11]
[1433,11] 1 [1434,14]
[1434,14] 2 [1435,10]
[1435,10] 1 [1436,12]
[1436,12] 1 [1437,15]
[1437,15] 1 [1438,18]
[1438,18] 1 [1439,20]
[1439,20] 1 [1440,23]
[1440,23] 1 [1441,26]
[1441,26] 1 [1442,28]
[1442,28] 1 [1443,30]
[1443,30] 1 [1444,34]
[1444,34] 1 [1445,38]
[1445,38] 1 [1446,41]
[1446,41] 1 [1447,45]
[1447,45] 1 [1448,48]
[1448,48] 1 [1449,50]
[1449,50] 1 [1450,53]
[1450,53] 1 [1451,57]
[1451,57] 1 [1452,60]
[1452,60] 1 [1453,62]
[1453,62] 1 [1454,66]
[1454,66] 1 [1455,70]
[1455,70] 1 [1456,74]
[1456,74] 1 [1457,78]
[1457,78] 1 [1458,80]
[1458,80] 1 [1459,84]
[1459,84] 1 [1460,88]
[1460,88] 1 [1461,91]
[1461,91] 1 [1462,95]
[1462,95] 1 [1463,98]
[1463,98] 1 [1464,100]
[1464,100] 1 [1465,104]
[1465,104] 1 [1466,106]
[1466,106] 1 [1467,108]
[1467,108] 1 [1468,112]
[1468,112] 1 [1469,114]
[1469,114] 1 [1470,116]
[1470,116] 1 [1471,119]
[1471,119] 1 [1472,123]
[1472,123] 1 [1473,125]
[1473,125] 1 [1474,128]
[1474,128] 1 [1475,131]
[1475,131] 1 [1476,133]
[1476,133] 1 [1477,137]
[1477,137] 1 [1478,139]
[1478,139] 1 [1479,142]
[1479,142] 1 [1480,144]
[1480,144] 1 [1481,146]
[1481,146] 1 [1482,150]
[1482,150] 1 [1483,152]
[1483,152] 1 [1484,154]
[1484,154] 1 [1485,157]
[1485,157] 1 [1486,159]
[1486,159] 1 [1487,161]
[1487,161] 1 [1488,165]
[1488,165] 1 [1489,169]
[1489,169] 1 [1490,171]
[1490,171] 1 [1491,175]
[1491,175] 1 [1492,6]
[1492,6] 1 [1493,6]
[1493,6] 1 [1494,6]
[1494,6] 1 [1495,6]
[1495,6] 1 [1496,6]
[1496,6] 1 [1497,6]
[1497,6] 1 [1498,6]
[1498,6] 1 [1499,6]
[1499,6] 1 [1500,6]
[1500,6] 1 [1501,6]
[1501,6] 1 [1502,9]
[1502,9] 1 [1503,11]
[1503,11] 1 [1504,14]
[1504,14] 1 [1505,17]
[1505,17] 1 [1506,20]
[1506,20] 1 [1507,22]
[1507,22] 1 [1508,24]
[1508,24] 2 [1509,22]
[1509,22] 1 [1510,26]
[1510,26] 1 [1511,29]
[1511,29] 1 [1512,33]
[1512,33] 1 [1513,37]
[1513,37] 1 [1514,40]
[1514,40] 1 [1515,42]
[1515,42] 1 [1516,46]
[1516,46] 1 [1517,48]
[1517,48] 1 [1518,52]
[1518,52] 1 [1519,56]
[1519,56] 1 [1520,58]
[1520,58] 1 [1521,61]
[1521,61] 1 [1522,65]
[1522,65] 1 [1523,67]
[1523,67] 1 [1524,70]
[1524,70] 1 [1525,72]
[1525,72] 1 [1526,76]
[1526,76] 1 [1527,79]
[1527,79] 1 [1528,81]
[1528,81] 1 [1529,85]
[1529,85] 1 [1530,88]
[1530,88] 1 [1531,91]
[1531,91] 1 [1532,94]
[1532,94] 1 [1533,98]
[1533,98] 1 [1534,100]
[1534,100] 1 [1535,102]
[1535,102] 1 [1536,105]
[1536,105] 1 [1537,108]
[1537,108] 1 [1538,111]
[1538,111] 1 [1539,115]
[1539,115] 1 [1540,119]
[1540,119] 1 [1541,121]
[1541,121] 1 [1542,125]
[1542,125] 1 [1543,129]
[1543,129] 1 [1544,133]
[1544,133] 1 [1545,135]
[1545,135] 1 [1546,138]
[1546,138] 1 [1547,142]
[1547,142] 1 [1548,146]
[1548,146] 1 [1549,150]
[1549,150] 1 [1550,154]
[1550,154] 1 [1551,157]
[1551,157] 1 [1552,159]
[1552,159] 1 [1553,161]
[1553,161] 1 [1554,163]
[1554,163] 1 [1555,167]
[1555,167] 1 [1556,169]
[1556,169] 1 [1557,173]
[1557,173] 1 [1558,177]
[1558,177] 1 [1559,6]
[1559,6] 1 [1560,6]
[1560,6] 1 [1561,6]
[1561,6] 1 [1562,6]
[1562,6] 1 [1563,6]
[1563,6] 1 [1564,6]
[1564,6] 1 [1565,6]
[1565,6] 1 [1566,6]
[1566,6] 1 [1567,6]
[1567,6] 1 [1568,6]
[1568,6] 1 [1569,6]
[1569,6] 1 [1570,9]
[1570,9] 0 [1571,9]
[1571,9] 1 [1572,13]
[1572,13] 1 [1573,15]
[1573,15] 1 [1574,17]
[1574,17] 2 [1575,13]
[1575,13] 1 [1576,16]
[1576,16] 1 [1577,18]
[1577,18] 1 [1578,21]
[1578,21] 1 [1579,25]
[1579,25] 1 [1580,27]
[1580,27] 1 [1581,30]
[1581,30] 1 [1582,34]
[1582,34] 1 [1583,38]
[1583,38] 1 [1584,41]
[1584,41] 1 [1585,44]
[1585,44] 1 [1586,46]
[1586,46] 1 [1587,48]
[1587,48] 1 [1588,51]
[1588,51] 1 [1589,55]
[1589,55] 1 [1590,58]
[1590,58] 1 [1591,61]
[1591,61] 1 [1592,63]
[1592,63] 1 [1593,66]
[1593,66] 1 [1594,70]
[1594,70] 1 [1595,74]
[1595,74] 1 [1596,77]
[1596,77] 1 [1597,79]
[1597,79] 1 [1598,81]
[1598,81] 1 [1599,83]
[1599,83] 1 [1600,87]
[1600,87] 1 [1601,91]
[1601,91] 1 [1602,95]
[1602,95] 1 [1603,98]
[1603,98] 1 [1604,100]
[1604,100] 1 [1605,103]
[1605,103] 1 [1606,105]
[1606,105] 1 [1607,108]
[1607,108] 1 [1608,111]
[1608,111] 1 [1609,115]
[1609,115] 1 [1610,119]
[1610,119] 1 [1611,121]
[1611,121] 1 [1612,124]
[1612,124] 1 [1613,128]
[1613,128] 1 [1614,130]
[1614,130] 1 [1615,134]
[1615,134] 1 [1616,137]
[1616,137] 1 [1617,139]
[1617,139] 1 [1618,141]
[1618,141] 1 [1619,143]
[1619,143] 1 [1620,146]
[1620,146] 1 [1621,148]
[1621,148] 1 [1622,150]
[1622,150] 1 [1623,152]
[1623,152] 1 [1624,155]
[1624,155] 1 [1625,157]
[1625,157] 1 [1626,160]
[1626,160] 1 [1627,164]
[1627,164] 1 [1628,166]
[1628,166] 1 [1629,170]
[1629,170] 1 [1630,173]
[1630,173] 1 [1631,175]
[1631,175] 1 [1632,177]
[1632,177] 1 [1633,6]
[1633,6] 1 [1634,6]
[1634,6] 1 [1635,6]
[1635,6] 1 [1636,6]
[1636,6] 1 [1637,6]
[1637,6] 1 [1638,6]
[1638,6] 1 [1639,6]
[1639,6] 1 [1640,6]
[1640,6] 1 [1641,6]
[1641,6] 1 [1642,9]
[1642,9] 1 [1643,12]
[1643,12] 1 [1644,14]
[1644,14] 1 [1645,17]
[1645,17] 0 [1646,17]
[1646,17] 1 [1647,19]
[1647,19] 1 [1648,23]
[1648,23] 2 [1649,21]
[1649,21] 1 [1650,19]
[1650,19] 2 [1651,15]
[1651,15] 2 [1652,11]
[1652,11] 1 [1653,13]
[1653,13] 1 [1654,15]
[1654,15] 2 [1655,12]
[1655,12] 2 [1656,9]
[1656,9] 2 [1657,6]
[1657,6] 1 [1658,8]
[1658,8] 1 [1659,10]
[1659,10] 1 [1660,12]
[1660,12] 2 [1661,10]
[1661,10] 2 [1662,6]
[1662,6] 1 [1663,8]
[1663,8] 1 [1664,11]
[1664,11] 2 [1665,8]
[1665,8] 1 [1666,10]
[1666,10] 1 [1667,13]
[1667,13] 1 [1668,16]
[1668,16] 1 [1669,20]
[1669,20] 1 [1670,24]
[1670,24] 1 [1671,28]
[1671,28] 1 [1672,31]
[1672,31] 1 [1673,35]
[1673,35] 1 [1674,37]
[1674,37] 1 [1675,40]
[1675,40] 1 [1676,43]
[1676,43] 1 [1677,47]
[1677,47] 1 [1678,50]
[1678,50] 1 [1679,52]
[1679,52] 1 [1680,55]
[1680,55] 1 [1681,59]
[1681,59] 1 [1682,61]
[1682,61] 1 [1683,63]
[1683,63] 1 [1684,67]
[1684,67] 1 [1685,70]
[1685,70] 1 [1686,72]
[1686,72] 1 [1687,76]
[1687,76] 1 [1688,80]
[1688,80] 1 [1689,84]
[1689,84] 1 [1690,86]
[1690,86] 1 [1691,88]
[1691,88] 1 [1692,91]
[1692,91] 1 [1693,95]
[1693,95] 1 [1694,98]
[1694,98] 1 [1695,102]
[1695,102] 1 [1696,104]
[1696,104] 1 [1697,107]
[1697,107] 1 [1698,110]
[1698,110] 1 [1699,114]
[1699,114] 1 [1700,117]
[1700,117] 1 [1701,119]
[1701,119] 1 [1702,122]
[1702,122] 1 [1703,126]
[1703,126] 1 [1704,129]
[1704,129] 1 [1705,131]
[1705,131] 1 [1706,133]
[1706,133] 1 [1707,135]
[1707,135] 1 [1708,138]
[1708,138] 1 [1709,141]
[1709,141] 1 [1710,144]
[1710,144] 1 [1711,147]
[1711,147] 1 [1712,151]
[1712,151] 1 [1713,154]
[1713,154] 1 [1714,158]
[1714,158] 1 [1715,161]
[1715,161] 1 [1716,165]
[1716,165] 1 [1717,169]
[1717,169] 1 [1718,171]
[1718,171] 1 [1719,173]
[1719,173] 1 [1720,175]
[1720,175] 1 [1721,6]
[1721,6] 1 [1722,6]
[1722,6] 1 [1723,6]
[1723,6] 1 [1724,6]
[1724,6] 1 [1725,6]
[1725,6] 1 [1726,6]
[1726,6] 1 [1727,6]
[1727,6] 1 [1728,6]
[1728,6] 1 [1729,6]
[1729,6] 1 [1730,6]
[1730,6] 0 [1731,6]
[1731,6] 1 [1732,8]
[1732,8] 0 [1733,8]
[1733,8] 1 [1734,12]
[1734,12] 2 [1735,9]
[1735,9] 1 [1736,9]
[1736,9] 1 [1737,12]
[1737,12] 1 [1738,16]
[1738,16] 1 [1739,20]
[1739,20] 2 [1740,16]
[1740,16] 2 [1741,13]
[1741,13] 1 [1742,15]
[1742,15] 1 [1743,18]
[1743,18] 1 [1744,21]
[1744,21] 1 [1745,24]
[1745,24] 1 [1746,26]
[1746,26] 1 [1747,29]
[1747,29] 1 [1748,33]
[1748,33] 1 [1749,35]
[1749,35] 1 [1750,39]
[1750,39] 1 [1751,42]
[1751,42] 1 [1752,45]
[1752,45] 1 [1753,49]
[1753,49] 1 [1754,53]
[1754,53] 1 [1755,56]
[1755,56] 1 [1756,59]
[1756,59] 1 [1757,62]
[1757,62] 1 [1758,65]
[1758,65] 1 [1759,69]
[1759,69] 1 [1760,73]
[1760,73] 1 [1761,77]
[1761,77] 1 [1762,79]
[1762,79] 1 [1763,82]
[1763,82] 1 [1764,85]
[1764,85] 1 [1765,89]
[1765,89] 1 [1766,92]
[1766,92] 1 [1767,96]
[1767,96] 1 [1768,98]
[1768,98] 1 [1769,102]
[1769,102] 1 [1770,105]
[1770,105] 1 [1771,108]
[1771,108] 1 [1772,112]
[1772,112] 1 [1773,116]
[1773,116] 1 [1774,118]
[1774,118] 1 [1775,122]
[1775,122] 1 [1776,125]
[1776,125] 1 [1777,127]
[1777,127] 1 [1778,130]
[1778,130] 1 [1779,134]
[1779,134] 1 [1780,136]
[1780,136] 1 [1781,139]
[1781,139] 1 [1782,141]
[1782,141] 1 [1783,144]
[1783,144] 1 [1784,146]
[1784,146] 1 [1785,150]
[1785,150] 1 [1786,154]
[1786,154] 1 [1787,157]
[1787,157] 1 [1788,161]
[1788,161] 1 [1789,165]
[1789,165] 1 [1790,167]
[1790,167] 1 [1791,171]
[1791,171] 1 [1792,173]
[1792,173] 1 [1793,177]
[1793,177] 1 [1794,6]
[1794,6] 1 [1795,6]
[1795,6] 1 [1796,6]
[1796,6] 1 [1797,6]
[1797,6] 1 [1798,6]
[1798,6] 1 [1799,6]
[1799,6] 1 [1800,6]
[1800,6] 1 [1801,6]
[1801,6] 1 [1802,6]
[1802,6] 1 [1803,6]
[1803,6] 0 [1804,8]
[1804,8] 1 [1805,10]
[1805,10] 2 [1806,7]
[1806,7] 1 [1807,8]
[1807,8] 1 [1808,10]
[1808,10] 1 [1809,14]
[1809,14] 2 [1810,10]
[1810,10] 1 [1811,11]
[1811,11] 2 [1812,9]
[1812,9] 1 [1813,11]
[1813,11] 1 [1814,15]
[1814,15] 2 [1815,12]
[1815,12] 2 [1816,8]
[1816,8] 1 [1817,11]
[1817,11] 2 [1818,7]
[1818,7] 1 [1819,8]
[1819,8] 1 [1820,11]
[1820,11] 2 [1821,9]
[1821,9] 1 [1822,10]
[1822,10] 1 [1823,13]
[1823,13] 2 [1824,9]
[1824,9] 1 [1825,10]
[1825,10] 2 [1826,6]
[1826,6] 1 [1827,8]
[1827,8] 1 [1828,11]
[1828,11] 2 [1829,9]
[1829,9] 1 [1830,11]
[1830,11] 1 [1831,14]
[1831,14] 1 [1832,17]
[1832,17] 1 [1833,21]
[1833,21] 1 [1834,25]
[1834,25] 1 [1835,28]
[1835,28] 1 [1836,31]
[1836,31] 1 [1837,34]
[1837,34] 1 [1838,37]
[1838,37] 1 [1839,39]
[1839,39] 1 [1840,42]
[1840,42] 1 [1841,44]
[1841,44] 1 [1842,46]
[1842,46] 1 [1843,50]
[1843,50] 1 [1844,53]
[1844,53] 1 [1845,55]
[1845,55] 1 [1846,58]
[1846,58] 1 [1847,61]
[1847,61] 1 [1848,65]
[1848,65] 1 [1849,67]
[1849,67] 1 [1850,71]
[1850,71] 1 [1851,73]
[1851,73] 1 [1852,75]
[1852,75] 1 [1853,78]
[1853,78] 1 [1854,80]
[1854,80] 1 [1855,82]
[1855,82] 1 [1856,85]
[1856,85] 1 [1857,88]
[1857,88] 1 [1858,92]
[1858,92] 1 [1859,95]
[1859,95] 1 [1860,98]
[1860,98] 1 [1861,100]
[1861,100] 1 [1862,103]
[1862,103] 1 [1863,106]
[1863,106] 1 [1864,108]
[1864,108] 1 [1865,110]
[1865,110] 1 [1866,113]
[1866,113] 1 [1867,115]
[1867,115] 2 [1868,111]
[1868,111] 1 [1869,114]
[1869,114] 1 [1870,117]
[1870,117] 1 [1871,119]
[1871,119] 1 [1872,123]
[1872,123] 1 [1873,127]
[1873,127] 1 [1874,130]
[1874,130] 1 [1875,134]
[1875,134] 1 [1876,137]
[1876,137] 2 [1877,133]
[1877,133] 1 [1878,135]
[1878,135] 1 [1879,138]
[1879,138] 1 [1880,141]
[1880,141] 1 [1881,144]
[1881,144] 1 [1882,147]
[1882,147] 1 [1883,149]
[1883,149] 1 [1884,153]
[1884,153] 1 [1885,156]
[1885,156] 1 [1886,158]
[1886,158] 1 [1887,161]
[1887,161] 1 [1888,164]
[1888,164] 1 [1889,167]
[1889,167] 1 [1890,171]
[1890,171] 1 [1891,173]
[1891,173] 1 [1892,177]
[1892,177] 1 [1893,6]
[1893,6] 1 [1894,6]
[1894,6] 1 [1895,6]
[1895,6] 1 [1896,6]
[1896,6] 1 [1897,6]
[1897,6] 1 [1898,6]
[1898,6] 1 [1899,6]
[1899,6] 1 [1900,6]
[1900,6] 1 [1901,6]
[1901,6] 1 [1902,6]
[1902,6] 1 [1903,9]
[1903,9] 1 [1904,13]
[1904,13] 1 [1905,17]
[1905,17] 1 [1906,20]
[1906,20] 1 [1907,24]
[1907,24] 1 [1908,28]
[1908,28] 1 [1909,31]
[1909,31] 1 [1910,33]
[1910,33] 1 [1911,37]
[1911,37] 1 [1912,41]
[1912,41] 1 [1913,43]
[1913,43] 1 [1914,46]
[1914,46] 1 [1915,50]
[1915,50] 1 [1916,52]
[1916,52] 1 [1917,54]
[1917,54] 1 [1918,58]
[1918,58] 1 [1919,62]
[1919,62] 1 [1920,64]
[1920,64] 1 [1921,67]
[1921,67] 1 [1922,69]
[1922,69] 1 [1923,71]
[1923,71] 1 [1924,75]
[1924,75] 1 [1925,77]
[1925,77] 1 [1926,79]
[1926,79] 1 [1927,81]
[1927,81] 1 [1928,84]
[1928,84] 1 [1929,87]
[1929,87] 1 [1930,89]
[1930,89] 1 [1931,91]
[1931,91] 1 [1932,93]
[1932,93] 1 [1933,95]
[1933,95] 1 [1934,99]
[1934,99] 1 [1935,102]
[1935,102] 1 [1936,105]
[1936,105] 1 [1937,109]
[1937,109] 1 [1938,112]
[1938,112] 1 [1939,114]
[1939,114] 1 [1940,116]
[1940,116] 1 [1941,120]
[1941,120] 1 [1942,123]
[1942,123] 1 [1943,127]
[1943,127] 1 [1944,131]
[1944,131] 1 [1945,135]
[1945,135] 1 [1946,137]
[1946,137] 1 [1947,139]
[1947,139] 1 [1948,141]
[1948,141] 1 [1949,144]
[1949,144] 1 [1950,147]
[1950,147] 1 [1951,150]
[1951,150] 1 [1952,152]
[1952,152] 1 [1953,154]
[1953,154] 1 [1954,158]
[1954,158] 1 [1955,160]
[1955,160] 1 [1956,163]
[1956,163] 1 [1957,167]
[1957,167] 1 [1958,170]
[1958,170] 1 [1959,172]
[1959,172] 1 [1960,175]
[1960,175] 1 [1961,6]
[1961,6] 1 [1962,6]
[1962,6] 1 [1963,6]
[1963,6] 1 [1964,6]
[1964,6] 1 [1965,6]
[1965,6] 1 [1966,6]
[1966,6] 1 [1967,6]
[1967,6] 1 [1968,6]
[1968,6] 1 [1969,6]
[1969,6] 1 [1970,6]
[1970,6] 1 [1971,6]
[1971,6] 1 [1972,8]
[1972,8] 1 [1973,12]
[1973,12] 1 [1974,16]
[1974,16] 0 [1975,16]
[1975,16] 0 [1976,16]
[1976,16] 2 [1977,12]
[1977,12] 1 [1978,13]
[1978,13] 1 [1979,15]
[1979,15] 1 [1980,17]
[1980,17] 1 [1981,20]
[1981,20] 1 [1982,24]
[1982,24] 1 [1983,28]
[1983,28] 1 [1984,32]
[1984,32] 1 [1985,35]
[1985,35] 1 [1986,39]
[1986,39] 1 [1987,41]
[1987,41] 1 [1988,44]
[1988,44] 1 [1989,48]
[1989,48] 1 [1990,51]
[1990,51] 0 [1991,52]
[1991,52] 0 [1992,52]
[1992,52] 2 [1993,48]
[1993,48] 1 [1994,48]
[1994,48] 1 [1995,51]
[1995,51] 1 [1996,53]
[1996,53] 2 [1997,51]
[1997,51] 2 [1998,49]
[1998,49] 1 [1999,51]
[1999,51] 1 [2000,53]
[2000,53] 1 [2001,55]
[2001,55] 1 [2002,59]
[2002,59] 1 [2003,61]
[2003,61] 1 [2004,64]
[2004,64] 1 [2005,66]
[2005,66] 1 [2006,70]
[2006,70] 1 [2007,72]
[2007,72] 1 [2008,75]
[2008,75] 1 [2009,78]
[2009,78] 1 [2010,81]
[2010,81] 1 [2011,85]
[2011,85] 1 [2012,88]
[2012,88] 1 [2013,91]
[2013,91] 1 [2014,94]
[2014,94] 1 [2015,98]
[2015,98] 1 [2016,102]
[2016,102] 1 [2017,105]
[2017,105] 1 [2018,107]
[2018,107] 1 [2019,109]
[2019,109] 1 [2020,111]
[2020,111] 1 [2021,113]
[2021,113] 1 [2022,115]
[2022,115] 1 [2023,118]
[2023,118] 1 [2024,120]
[2024,120] 1 [2025,122]
[2025,122] 1 [2026,125]
[2026,125] 1 [2027,127]
[2027,127] 1 [2028,129]
[2028,129] 1 [2029,133]
[2029,133] 1 [2030,135]
[2030,135] 1 [2031,137]
[2031,137] 1 [2032,140]
[2032,140] 1 [2033,144]
[2033,144] 1 [2034,147]
[2034,147] 1 [2035,149]
[2035,149] 1 [2036,153]
[2036,153] 1 [2037,157]
[2037,157] 1 [2038,159]
[2038,159] 1 [2039,161]
[2039,161] 1 [2040,163]
[2040,163] 1 [2041,166]
[2041,166] 1 [2042,169]
[2042,169] 1 [2043,171]
[2043,171] 1 [2044,175]
[2044,175] 1 [2045,6]
[2045,6] 1 [2046,6]
[2046,6] 1 [2047,6]
[2047,6] 1 [2048,6]
[2048,6] 1 [2049,6]
[2049,6] 1 [2050,6]
[2050,6] 1 [2051,6]
[2051,6] 1 [2052,6]
[2052,6] 1 [2053,6]
[2053,6] 1 [2054,7]
[2054,7] 1 [2055,11]
[2055,11] 0 [2056,11]
[2056,11] 0 [2057,11]
[2057,11] 2 [2058,8]
[2058,8] 2 [2059,6]
[2059,6] 1 [2060,8]
[2060,8] 1 [2061,10]
[2061,10] 1 [2062,13]
[2062,13] 1 [2063,16]
[2063,16] 1 [2064,19]
[2064,19] 2 [2065,15]
[2065,15] 1 [2066,16]
[2066,16] 1 [2067,19]
[2067,19] 1 [2068,22]
[2068,22] 1 [2069,25]
[2069,25] 1 [2070,27]
[2070,27] 1 [2071,29]
[2071,29] 1 [2072,33]
[2072,33] 1 [2073,36]
[2073,36] 1 [2074,38]
[2074,38] 1 [2075,40]
[2075,40] 1 [2076,44]
[2076,44] 1 [2077,48]
[2077,48] 1 [2078,52]
[2078,52] 1 [2079,55]
[2079,55] 1 [2080,59]
[2080,59] 1 [2081,61]
[2081,61] 1 [2082,63]
[2082,63] 1 [2083,65]
[2083,65] 1 [2084,67]
[2084,67] 1 [2085,70]
[2085,70] 1 [2086,72]
[2086,72] 1 [2087,74]
[2087,74] 1 [2088,77]
[2088,77] 1 [2089,81]
[2089,81] 1 [2090,83]
[2090,83] 1 [2091,87]
[2091,87] 1 [2092,90]
[2092,90] 1 [2093,92]
[2093,92] 1 [2094,96]
[2094,96] 1 [2095,98]
[2095,98] 1 [2096,101]
[2096,101] 1 [2097,104]
[2097,104] 1 [2098,108]
[2098,108] 1 [2099,111]
[2099,111] 1 [2100,115]
[2100,115] 1 [2101,118]
[2101,118] 1 [2102,120]
[2102,120] 1 [2103,123]
[2103,123] 1 [2104,125]
[2104,125] 1 [2105,127]
[2105,127] 1 [2106,129]
[2106,129] 1 [2107,132]
[2107,132] 1 [2108,134]
[2108,134] 1 [2109,138]
[2109,138] 1 [2110,141]
[2110,141] 1 [2111,143]
[2111,143] 1 [2112,147]
[2112,147] 1 [2113,150]
[2113,150] 1 [2114,152]
[2114,152] 1 [2115,155]
[2115,155] 1 [2116,157]
[2116,157] 1 [2117,160]
[2117,160] 1 [2118,163]
[2118,163] 1 [2119,167]
[2119,167] 1 [2120,170]
[2120,170] 1 [2121,173]
[2121,173] 1 [2122,176]
[2122,176] 1 [2123,6]
[2123,6] 1 [2124,6]
[2124,6] 1 [2125,6]
[2125,6] 1 [2126,6]
[2126,6] 1 [2127,6]
[2127,6] 1 [2128,6]
[2128,6] 1 [2129,6]
[2129,6] 1 [2130,6]
[2130,6] 1 [2131,6]
[2131,6] 1 [2132,8]
[2132,8] 0 [2133,8]
[2133,8] 1 [2134,12]
[2134,12] 1 [2135,16]
[2135,16] 1 [2136,19]
[2136,19] 1 [2137,23]
[2137,23] 1 [2138,26]
[2138,26] 1 [2139,29]
[2139,29] 1 [2140,32]
[2140,32] 2 [2141,30]
[2141,30] 2 [2142,28]
[2142,28] 0 [2143,27]
[2143,27] 2 [2144,23]
[2144,23] 2 [2145,19]
[2145,19] 2 [2146,15]
[2146,15] 2 [2147,11]
[2147,11] 1 [2148,13]
[2148,13] 1 [2149,15]
[2149,15] 1 [2150,19]
[2150,19] 1 [2151,21]
[2151,21] 1 [2152,24]
[2152,24] 1 [2153,28]
[2153,28] 1 [2154,30]
[2154,30] 1 [2155,34]
[2155,34] 1 [2156,36]
[2156,36] 1 [2157,39]
[2157,39] 1 [2158,43]
[2158,43] 1 [2159,45]
[2159,45] 1 [2160,48]
[2160,48] 1 [2161,50]
[2161,50] 1 [2162,54]
[2162,54] 1 [2163,58]
[2163,58] 1 [2164,61]
[2164,61] 1 [2165,63]
[2165,63] 1 [2166,67]
[2166,67] 1 [2167,70]
[2167,70] 1 [2168,74]
[2168,74] 1 [2169,76]
[2169,76] 1 [2170,78]
[2170,78] 1 [2171,82]
[2171,82] 1 [2172,84]
[2172,84] 1 [2173,88]
[2173,88] 1 [2174,91]
[2174,91] 1 [2175,93]
[2175,93] 1 [2176,97]
[2176,97] 1 [2177,100]
[2177,100] 1 [2178,104]
[2178,104] 1 [2179,108]
[2179,108] 1 [2180,111]
[2180,111] 1 [2181,113]
[2181,113] 1 [2182,117]
[2182,117] 1 [2183,120]
[2183,120] 1 [2184,122]
[2184,122] 1 [2185,126]
[2185,126] 1 [2186,128]
[2186,128] 1 [2187,130]
[2187,130] 1 [2188,134]
[2188,134] 1 [2189,137]
[2189,137] 1 [2190,139]
[2190,139] 1 [2191,141]
[2191,141] 1 [2192,143]
[2192,143] 1 [2193,146]
[2193,146] 1 [2194,148]
[2194,148] 1 [2195,152]
[2195,152] 1 [2196,154]
[2196,154] 1 [2197,157]
[2197,157] 1 [2198,161]
[2198,161] 1 [2199,164]
[2199,164] 1 [2200,168]
[2200,168] 1 [2201,171]
[2201,171] 1 [2202,175]
[2202,175] 1 [2203,6]
[2203,6] 1 [2204,6]
[2204,6] 1 [2205,6]
[2205,6] 1 [2206,6]
[2206,6] 1 [2207,6]
[2207,6] 1 [2208,6]
[2208,6] 1 [2209,6]
[2209,6] 1 [2210,6]
[2210,6] 1 [2211,6]
[2211,6] 1 [2212,6]
[2212,6] 1 [2213,6]
[2213,6] 1 [2214,10]
[2214,10] 1 [2215,13]
[2215,13] 0 [2216,13]
[2216,13] 1 [2217,17]
[2217,17] 0 [2218,17]
[2218,17] 2 [2219,13]
[2219,13] 1 [2220,13]
[2220,13] 2 [2221,9]
[2221,9] 1 [2222,11]
[2222,11] 2 [2223,8]
[2223,8] 1 [2224,9]
[2224,9] 1 [2225,11]
[2225,11] 2 [2226,8]
[2226,8] 1 [2227,11]
[2227,11] 2 [2228,9]
[2228,9] 2 [2229,6]
[2229,6] 1 [2230,8]
[2230,8] 2 [2231,6]
[2231,6] 1 [2232,8]
[2232,8] 1 [2233,11]
[2233,11] 0 [2234,11]
[2234,11] 0 [2235,11]
[2235,11] 2 [2236,9]
[2236,9] 1 [2237,11]
[2237,11] 1 [2238,13]
[2238,13] 2 [2239,9]
[2239,9] 1 [2240,9]
[2240,9] 1 [2241,12]
[2241,12] 1 [2242,16]
[2242,16] 1 [2243,20]
[2243,20] 1 [2244,22]
[2244,22] 1 [2245,26]
[2245,26] 1 [2246,29]
[2246,29] 1 [2247,32]
[2247,32] 1 [2248,36]
[2248,36] 1 [2249,40]
[2249,40] 1 [2250,42]
[2250,42] 1 [2251,45]
[2251,45] 1 [2252,49]
[2252,49] 1 [2253,53]
[2253,53] 1 [2254,55]
[2254,55] 1 [2255,58]
[2255,58] 1 [2256,61]
[2256,61] 1 [2257,65]
[2257,65] 1 [2258,68]
[2258,68] 1 [2259,72]
[2259,72] 1 [2260,74]
[2260,74] 1 [2261,78]
[2261,78] 1 [2262,80]
[2262,80] 1 [2263,82]
[2263,82] 1 [2264,84]
[2264,84] 1 [2265,86]
[2265,86] 1 [2266,90]
[2266,90] 1 [2267,92]
[2267,92] 1 [2268,94]
[2268,94] 1 [2269,98]
[2269,98] 1 [2270,100]
[2270,100] 1 [2271,103]
[2271,103] 1 [2272,106]
[2272,106] 1 [2273,109]
[2273,109] 1 [2274,111]
[2274,111] 1 [2275,114]
[2275,114] 1 [2276,118]
[2276,118] 1 [2277,120]
[2277,120] 1 [2278,123]
[2278,123] 1 [2279,127]
[2279,127] 1 [2280,129]
[2280,129] 1 [2281,131]
[2281,131] 1 [2282,135]
[2282,135] 1 [2283,138]
[2283,138] 1 [2284,142]
[2284,142] 1 [2285,145]
[2285,145] 1 [2286,148]
[2286,148] 1 [2287,150]
[2287,150] 1 [2288,152]
[2288,152] 1 [2289,156]
[2289,156] 1 [2290,160]
[2290,160] 1 [2291,162]
[2291,162] 1 [2292,164]
[2292,164] 1 [2293,166]
[2293,166] 1 [2294,169]
[2294,169] 1 [2295,171]
[2295,171] 1 [2296,174]
[2296,174] 1 [2297,176]
[2297,176] 1 [2298,6]
[2298,6] 1 [2299,6]
[2299,6] 1 [2300,6]
[2300,6] 1 [2301,6]
[2301,6] 1 [2302,6]
[2302,6] 1 [2303,6]
[2303,6] 1 [2304,6]
[2304,6] 1 [2305,6]
[2305,6] 1 [2306,6]
[2306,6] 1 [2307,6]
[2307,6] 1 [2308,6]
[2308,6] 1 [2309,7]
[2309,7] 0 [2310,7]
[2310,7] 1 [2311,11]
[2311,11] 1 [2312,13]
[2312,13] 1 [2313,15]
[2313,15] 1 [2314,18]
[2314,18] 1 [2315,20]
[2315,20] 1 [2316,24]
[2316,24] 1 [2317,26]
[2317,26] 1 [2318,29]
[2318,29] 1 [2319,31]
[2319,31] 1 [2320,34]
[2320,34] 1 [2321,38]
[2321,38] 1 [2322,41]
[2322,41] 1 [2323,43]
[2323,43] 1 [2324,45]
[2324,45] 1 [2325,48]
[2325,48] 1 [2326,50]
[2326,50] 1 [2327,53]
[2327,53] 1 [2328,57]
[2328,57] 1 [2329,59]
[2329,59] 1 [2330,62]
[2330,62] 1 [2331,65]
[2331,65] 1 [2332,67]
[2332,67] 1 [2333,69]
[2333,69] 1 [2334,72]
[2334,72] 1 [2335,76]
[2335,76] 1 [2336,79]
[2336,79] 1 [2337,82]
[2337,82] 1 [2338,84]
[2338,84] 1 [2339,86]
[2339,86] 1 [2340,90]
[2340,90] 1 [2341,93]
[2341,93] 1 [2342,97]
[2342,97] 1 [2343,100]
[2343,100] 1 [2344,104]
[2344,104] 1 [2345,107]
[2345,107] 1 [2346,111]
[2346,111] 1 [2347,114]
[2347,114] 1 [2348,117]
[2348,117] 1 [2349,121]
[2349,121] 1 [2350,124]
[2350,124] 1 [2351,127]
[2351,127] 1 [2352,129]
[2352,129] 1 [2353,133]
[2353,133] 1 [2354,137]
[2354,137] 1 [2355,141]
[2355,141] 1 [2356,145]
[2356,145] 1 [2357,149]
[2357,149] 1 [2358,151]
[2358,151] 1 [2359,154]
[2359,154] 1 [2360,157]
[2360,157] 1 [2361,161]
[2361,161] 1 [2362,164]
[2362,164] 1 [2363,166]
[2363,166] 1 [2364,170]
[2364,170] 1 [2365,173]
[2365,173] 1 [2366,175]
[2366,175] 1 [2367,177]
[2367,177] 1 [2368,6]
[2368,6] 1 [2369,6]
[2369,6] 1 [2370,6]
[2370,6] 1 [2371,6]
[2371,6] 1 [2372,6]
[2372,6] 1 [2373,6]
[2373,6] 1 [2374,6]
[2374,6] 1 [2375,6]
[2375,6] 1 [2376,6]
[2376,6] 1 [2377,6]
[2377,6] 1 [2378,6]
[2378,6] 1 [2379,7]
[2379,7] 1 [2380,11]
[2380,11] 0 [2381,11]
[2381,11] 2 [2382,8]
[2382,8] 1 [2383,10]
[2383,10] 1 [2384,12]
[2384,12] 1 [2385,15]
[2385,15] 2 [2386,11]
[2386,11] 1 [2387,13]
[2387,13] 1 [2388,16]
[2388,16] 2 [2389,13]
[2389,13] 2 [2390,10]
[2390,10] 1 [2391,10]
[2391,10] 1 [2392,14]
[2392,14] 1 [2393,17]
[2393,17] 1 [2394,20]
[2394,20] 1 [2395,22]
[2395,22] 1 [2396,26]
[2396,26] 1 [2397,29]
[2397,29] 1 [2398,33]
[2398,33] 1 [2399,37]
[2399,37] 1 [2400,39]
[2400,39] 1 [2401,42]
[2401,42] 1 [2402,46]
[2402,46] 1 [2403,50]
[2403,50] 1 [2404,54]
[2404,54] 1 [2405,56]
[2405,56] 1 [2406,58]
[2406,58] 1 [2407,60]
[2407,60] 1 [2408,62]
[2408,62] 1 [2409,66]
[2409,66] 1 [2410,70]
[2410,70] 1 [2411,73]
[2411,73] 1 [2412,77]
[2412,77] 1 [2413,81]
[2413,81] 1 [2414,83]
[2414,83] 1 [2415,87]
[2415,87] 1 [2416,91]
[2416,91] 1 [2417,95]
[2417,95] 1 [2418,97]
[2418,97] 1 [2419,99]
[2419,99] 1 [2420,101]
[2420,101] 1 [2421,103]
[2421,103] 1 [2422,106]
[2422,106] 1 [2423,109]
[2423,109] 1 [2424,112]
[2424,112] 1 [2425,116]
[2425,116] 1 [2426,119]
[2426,119] 1 [2427,123]
[2427,123] 1 [2428,125]
[2428,125] 1 [2429,128]
[2429,128] 1 [2430,131]
[2430,131] 1 [2431,134]
[2431,134] 1 [2432,138]
[2432,138] 1 [2433,141]
[2433,141] 1 [2434,144]
[2434,144] 1 [2435,147]
[2435,147] 1 [2436,151]
[2436,151] 1 [2437,153]
[2437,153] 1 [2438,156]
[2438,156] 1 [2439,160]
[2439,160] 1 [2440,163]
[2440,163] 1 [2441,165]
[2441,165] 1 [2442,168]
[2442,168] 1 [2443,172]
[2443,172] 1 [2444,176]
[2444,176] 1 [2445,6]
[2445,6] 1 [2446,6]
[2446,6] 1 [2447,6]
[2447,6] 1 [2448,6]
[2448,6] 1 [2449,6]
[2449,6] 1 [2450,6]
[2450,6] 1 [2451,6]
[2451,6] 1 [2452,6]
[2452,6] 1 [2453,6]
[2453,6] 1 [2454,6]
[2454,6] 1 [2455,6]
[2455,6] 0 [2456,6]
[2456,6] 1 [2457,9]
[2457,9] 1 [2458,13]
[2458,13] 1 [2459,17]
[2459,17] 1 [2460,21]
[2460,21] 1 [2461,24]
[2461,24] 1 [2462,27]
[2462,27] 2 [2463,27]
[2463,27] 2 [2464,23]
[2464,23] 2 [2465,19]
[2465,19] 2 [2466,15]
[2466,15] 2 [2467,11]
[2467,11] 2 [2468,8]
[2468,8] 2 [2469,6]
[2469,6] 1 [2470,8]
[2470,8] 1 [2471,11]
[2471,11] 1 [2472,13]
[2472,13] 2 [2473,9]
[2473,9] 1 [2474,9]
[2474,9] 1 [2475,12]
[2475,12] 1 [2476,14]
[2476,14] 2 [2477,12]
[2477,12] 1 [2478,10]
[2478,10] 1 [2479,14]
[2479,14] 2 [2480,10]
[2480,10] 1 [2481,10]
[2481,10] 1 [2482,13]
[2482,13] 1 [2483,16]
[2483,16] 1 [2484,18]
[2484,18] 1 [2485,21]
[2485,21] 1 [2486,25]
[2486,25] 1 [2487,27]
[2487,27] 1 [2488,31]
[2488,31] 1 [2489,34]
[2489,34] 1 [2490,37]
[2490,37] 1 [2491,40]
[2491,40] 1 [2492,43]
[2492,43] 1 [2493,47]
[2493,47] 1 [2494,51]
[2494,51] 1 [2495,53]
[2495,53] 1 [2496,56]
[2496,56] 1 [2497,60]
[2497,60] 1 [2498,63]
[2498,63] 1 [2499,67]
[2499,67] 1 [2500,71]
[2500,71] 1 [2501,74]
[2501,74] 1 [2502,76]
[2502,76] 1 [2503,80]
[2503,80] 1 [2504,82]
[2504,82] 1 [2505,86]
[2505,86] 1 [2506,88]
[2506,88] 1 [2507,90]
[2507,90] 1 [2508,94]
[2508,94] 1 [2509,98]
[2509,98] 1 [2510,101]
[2510,101] 1 [2511,104]
[2511,104] 1 [2512,108]
[2512,108] 1 [2513,112]
[2513,112] 1 [2514,115]
[2514,115] 2 [2515,113]
[2515,113] 2 [2516,110]
[2516,110] 1 [2517,110]
[2517,110] 1 [2518,114]
[2518,114] 1 [2519,118]
[2519,118] 1 [2520,121]
[2520,121] 1 [2521,125]
[2521,125] 1 [2522,128]
[2522,128] 1 [2523,132]
[2523,132] 1 [2524,134]
[2524,134] 1 [2525,136]
[2525,136] 1 [2526,140]
[2526,140] 1 [2527,142]
[2527,142] 1 [2528,146]
[2528,146] 1 [2529,149]
[2529,149] 1 [2530,152]
[2530,152] 1 [2531,154]
[2531,154] 1 [2532,158]
[2532,158] 1 [2533,162]
[2533,162] 1 [2534,164]
[2534,164] 1 [2535,166]
[2535,166] 1 [2536,169]
[2536,169] 1 [2537,172]
[2537,172] 1 [2538,176]
[2538,176] 1 [2539,6]
[2539,6] 1 [2540,6]
[2540,6] 1 [2541,6]
[2541,6] 1 [2542,6]
[2542,6] 1 [2543,6]
[2543,6] 1 [2544,6]
[2544,6] 1 [2545,6]
[2545,6] 1 [2546,6]
[2546,6] 1 [2547,6]
[2547,6] 1 [2548,6]
[2548,6] 1 [2549,8]
[2549,8] 2 [2550,7]
[2550,7] 1 [2551,9]
[2551,9] 0 [2552,9]
[2552,9] 2 [2553,6]
[2553,6] 1 [2554,8]
[2554,8] 1 [2555,10]
[2555,10] 1 [2556,12]
[2556,12] 1 [2557,16]
[2557,16] 1 [2558,20]
[2558,20] 2 [2559,17]
[2559,17] 1 [2560,19]
[2560,19] 2 [2561,16]
[2561,16] 2 [2562,14]
[2562,14] 1 [2563,16]
[2563,16] 2 [2564,12]
[2564,12] 2 [2565,8]
[2565,8] 1 [2566,11]
[2566,11] 1 [2567,14]
[2567,14] 1 [2568,17]
[2568,17] 1 [2569,20]
[2569,20] 1 [2570,23]
[2570,23] 1 [2571,27]
[2571,27] 1 [2572,31]
[2572,31] 1 [2573,33]
[2573,33] 1 [2574,37]
[2574,37] 1 [2575,40]
[2575,40] 1 [2576,43]
[2576,43] 1 [2577,45]
[2577,45] 1 [2578,47]
[2578,47] 1 [2579,49]
[2579,49] 1 [2580,52]
[2580,52] 1 [2581,56]
[2581,56] 1 [2582,58]
[2582,58] 1 [2583,62]
[2583,62] 1 [2584,64]
[2584,64] 1 [2585,68]
[2585,68] 1 [2586,71]
[2586,71] 1 [2587,75]
[2587,75] 1 [2588,78]
[2588,78] 1 [2589,82]
[2589,82] 1 [2590,86]
[2590,86] 1 [2591,90]
[2591,90] 1 [2592,92]
[2592,92] 1 [2593,94]
[2593,94] 1 [2594,97]
[2594,97] 2 [2595,94]
[2595,94] 1 [2596,96]
[2596,96] 2 [2597,93]
[2597,93] 1 [2598,95]
[2598,95] 1 [2599,97]
[2599,97] 1 [2600,99]
[2600,99] 1 [2601,102]
[2601,102] 1 [2602,104]
[2602,104] 1 [2603,106]
[2603,106] 1 [2604,108]
[2604,108] 1 [2605,110]
[2605,110] 1 [2606,113]
[2606,113] 1 [2607,117]
[2607,117] 1 [2608,121]
[2608,121] 1 [2609,123]
[2609,123] 1 [2610,125]
[2610,125] 1 [2611,127]
[2611,127] 1 [2612,129]
[2612,129] 1 [2613,132]
[2613,132] 1 [2614,136]
[2614,136] 1 [2615,139]
[2615,139] 1 [2616,141]
[2616,141] 1 [2617,144]
[2617,144] 1 [2618,147]
[2618,147] 1 [2619,150]
[2619,150] 1 [2620,152]
[2620,152] 1 [2621,156]
[2621,156] 1 [2622,158]
[2622,158] 1 [2623,160]
[2623,160] 1 [2624,163]
[2624,163] 1 [2625,166]
[2625,166] 1 [2626,170]
[2626,170] 1 [2627,172]
[2627,172] 1 [2628,175]
[2628,175] 1 [2629,6]
[2629,6] 1 [2630,6]
[2630,6] 1 [2631,6]
[2631,6] 1 [2632,6]
[2632,6] 1 [2633,6]
[2633,6] 1 [2634,6]
[2634,6] 1 [2635,6]
[2635,6] 1 [2636,6]
[2636,6] 1 [2637,6]
[2637,6] 1 [2638,6]
[2638,6] 1 [2639,6]
[2639,6] 1 [2640,7]
[2640,7] 1 [2641,11]
[2641,11] 1 [2642,13]
[2642,13] 0 [2643,14]
[2643,14] 1 [2644,17]
[2644,17] 2 [2645,13]
[2645,13] 1 [2646,15]
[2646,15] 1 [2647,17]
[2647,17] 1 [2648,21]
[2648,21] 2 [2649,17]
[2649,17] 1 [2650,18]
[2650,18] 1 [2651,20]
[2651,20] 1 [2652,22]
[2652,22] 1 [2653,24]
[2653,24] 1 [2654,28]
[2654,28] 1 [2655,32]
[2655,32] 2 [2656,32]
[2656,32] 1 [2657,36]
[2657,36] 1 [2658,38]
[2658,38] 1 [2659,41]
[2659,41] 1 [2660,43]
[2660,43] 1 [2661,46]
[2661,46] 1 [2662,49]
[2662,49] 1 [2663,53]
[2663,53] 1 [2664,55]
[2664,55] 1 [2665,57]
[2665,57] 1 [2666,61]
[2666,61] 1 [2667,64]
[2667,64] 1 [2668,68]
[2668,68] 1 [2669,71]
[2669,71] 1 [2670,74]
[2670,74] 1 [2671,78]
[2671,78] 1 [2672,81]
[2672,81] 1 [2673,83]
[2673,83] 1 [2674,86]
[2674,86] 1 [2675,89]
[2675,89] 1 [2676,92]
[2676,92] 1 [2677,96]
[2677,96] 1 [2678,100]
[2678,100] 1 [2679,104]
[2679,104] 1 [2680,107]
[2680,107] 1 [2681,110]
[2681,110] 1 [2682,114]
[2682,114] 1 [2683,117]
[2683,117] 1 [2684,121]
[2684,121] 1 [2685,124]
[2685,124] 1 [2686,127]
[2686,127] 1 [2687,130]
[2687,130] 1 [2688,133]
[2688,133] 1 [2689,135]
[2689,135] 1 [2690,138]
[2690,138] 1 [2691,141]
[2691,141] 1 [2692,143]
[2692,143] 1 [2693,145]
[2693,145] 1 [2694,148]
[2694,148] 1 [2695,150]
[2695,150] 1 [2696,153]
[2696,153] 1 [2697,155]
[2697,155] 1 [2698,158]
[2698,158] 1 [2699,161]
[2699,161] 1 [2700,165]
[2700,165] 1 [2701,169]
[2701,169] 1 [2702,171]
[2702,171] 1 [2703,173]
[2703,173] 1 [2704,176]
