[0,6] 1 [1,9]
[1,9] 1 [2,13]
[2,13] 1 [3,16]
[3,16] 1 [4,18]
[4,18] 1 [5,21]
[5,21] 1 [6,23]
[6,23] 1 [7,25]
[7,25] 1 [8,29]
[8,29] 1 [9,31]
[9,31] 1 [10,33]
[10,33] 1 [11,37]
[11,37] 1 [12,39]
[12,39] 1 [13,41]
[13,41] 1 [14,43]
[14,43] 1 [15,45]
[15,45] 1 [16,48]
[16,48] 1 [17,52]
[17,52] 1 [18,56]
[18,56] 1 [19,58]
[19,58] 1 [20,62]
[20,62] 1 [21,66]
[21,66] 1 [22,69]
[22,69] 1 [23,71]
[23,71] 1 [24,74]
[24,74] 1 [25,76]
[25,76] 1 [26,79]
[26,79] 1 [27,82]
[27,82] 1 [28,86]
[28,86] 1 [29,89]
[29,89] 1 [30,91]
[30,91] 1 [31,94]
[31,94] 1 [32,98]
[32,98] 1 [33,102]
[33,102] 1 [34,104]
[34,104] 1 [35,106]
[35,106] 1 [36,110]
[36,110] 1 [37,113]
[37,113] 1 [38,116]
[38,116] 1 [39,118]
[39,118] 1 [40,120]
[40,120] 1 [41,124]
[41,124] 1 [42,128]
[42,128] 1 [43,131]
[43,131] 1 [44,133]
[44,133] 1 [45,135]
[45,135] 1 [46,137]
[46,137] 1 [47,141]
[47,141] 1 [48,144]
[48,144] 1 [49,146]
[49,146] 1 [50,149]
[50,149] 1 [51,152]
[51,152] 1 [52,154]
[52,154] 1 [53,157]
[53,157] 1 [54,160]
[54,160] 1 [55,164]
[55,164] 1 [56,168]
[56,168] 1 [57,172]
[57,172] 1 [58,175]
[58,175] 1 [59,6]
[59,6] 1 [60,6]
[60,6] 1 [61,6]
[61,6] 1 [62,6]
[62,6] 1 [63,6]
[63,6] 1 [64,6]
[64,6] 1 [65,6]
[65,6] 1 [66,6]
[66,6] 1 [67,6]
[67,6] 1 [68,6]
[68,6] 1 [69,7]
[69,7] 0 [70,7]
[70,7] 2 [71,6]
[71,6] 1 [72,9]
[72,9] 1 [73,11]
[73,11] 2 [74,8]
[74,8] 1 [75,11]
[75,11] 2 [76,9]
[76,9] 2 [77,6]
[77,6] 1 [78,8]
[78,8] 1 [79,11]
[79,11] 2 [80,9]
[80,9] 2 [81,6]
[81,6] 1 [82,8]
[82,8] 1 [83,11]
[83,11] 2 [84,8]
[84,8] 1 [85,11]
[85,11] 2 [86,8]
[86,8] 1 [87,11]
[87,11] 0 [88,11]
[88,11] 2 [89,8]
[89,8] 2 [90,6]
[90,6] 1 [91,10]
[91,10] 1 [92,14]
[92,14] 1 [93,18]
[93,18] 1 [94,21]
[94,21] 0 [95,22]
[95,22] 1 [96,25]
[96,25] 1 [97,28]
[97,28] 1 [98,32]
[98,32] 1 [99,35]
[99,35] 1 [100,39]
[100,39] 1 [101,43]
[101,43] 1 [102,47]
[102,47] 1 [103,51]
[103,51] 1 [104,54]
[104,54] 1 [105,57]
[105,57] 1 [106,59]
[106,59] 1 [107,62]
[107,62] 1 [108,66]
[108,66] 1 [109,68]
[109,68] 1 [110,71]
[110,71] 1 [111,75]
[111,75] 1 [112,77]
[112,77] 1 [113,80]
[113,80] 1 [114,82]
[114,82] 1 [115,84]
[115,84] 1 [116,88]
[116,88] 1 [117,91]
[117,91] 1 [118,95]
[118,95] 1 [119,98]
[119,98] 1 [120,101]
[120,101] 1 [121,104]
[121,104] 1 [122,108]
[122,108] 1 [123,111]
[123,111] 1 [124,115]
[124,115] 1 [125,118]
[125,118] 1 [126,121]
[126,121] 1 [127,125]
[127,125] 1 [128,129]
[128,129] 1 [129,133]
[129,133] 1 [130,135]
[130,135] 1 [131,138]
[131,138] 1 [132,140]
[132,140] 1 [133,142]
[133,142] 1 [134,146]
[134,146] 1 [135,150]
[135,150] 1 [136,152]
[136,152] 1 [137,154]
[137,154] 1 [138,158]
[138,158] 1 [139,161]
[139,161] 1 [140,163]
[140,163] 1 [141,167]
[141,167] 1 [142,171]
[142,171] 1 [143,173]
[143,173] 1 [144,177]
[144,177] 1 [145,6]
[145,6] 1 [146,6]
[146,6] 1 [147,6]
[147,6] 1 [148,6]
[148,6] 1 [149,6]
[149,6] 1 [150,6]
[150,6] 1 [151,6]
[151,6] 1 [152,6]
[152,6] 1 [153,6]
[153,6] 1 [154,6]
[154,6] 1 [155,10]
[155,10] 1 [156,14]
[156,14] 0 [157,14]
[157,14] 1 [158,18]
[158,18] 1 [159,21]
[159,21] 1 [160,25]
[160,25] 1 [161,29]
[161,29] 1 [162,32]
[162,32] 1 [163,36]
[163,36] 1 [164,38]
[164,38] 1 [165,41]
[165,41] 1 [166,45]
[166,45] 1 [167,49]
[167,49] 1 [168,51]
[168,51] 1 [169,55]
[169,55] 1 [170,59]
[170,59] 1 [171,61]
[171,61] 1 [172,65]
[172,65] 1 [173,69]
[173,69] 1 [174,71]
[174,71] 1 [175,75]
[175,75] 1 [176,78]
[176,78] 1 [177,80]
[177,80] 1 [178,83]
[178,83] 1 [179,85]
[179,85] 1 [180,89]
[180,89] 1 [181,92]
[181,92] 1 [182,94]
[182,94] 1 [183,97]
[183,97] 1 [184,100]
[184,100] 1 [185,103]
[185,103] 1 [186,105]
[186,105] 1 [187,109]
[187,109] 1 [188,111]
[188,111] 1 [189,115]
[189,115] 1 [190,117]
[190,117] 1 [191,119]
[191,119] 1 [192,121]
[192,121] 1 [193,124]
[193,124] 1 [194,126]
[194,126] 1 [195,130]
[195,130] 1 [196,133]
[196,133] 1 [197,135]
[197,135] 1 [198,138]
[198,138] 1 [199,142]
[199,142] 1 [200,146]
[200,146] 1 [201,148]
[201,148] 1 [202,150]
[202,150] 1 [203,153]
[203,153] 1 [204,157]
[204,157] 1 [205,161]
[205,161] 1 [206,165]
[206,165] 1 [207,169]
[207,169] 1 [208,172]
[208,172] 1 [209,174]
[209,174] 1 [210,177]
[210,177] 1 [211,6]
[211,6] 1 [212,6]
[212,6] 1 [213,6]
[213,6] 1 [214,6]
[214,6] 1 [215,6]
[215,6] 1 [216,6]
[216,6] 1 [217,6]
[217,6] 1 [218,6]
[218,6] 1 [219,6]
[219,6] 1 [220,6]
[220,6] 1 [221,10]
[221,10] 2 [222,6]
[222,6] 1 [223,7]
[223,7] 1 [224,11]
[224,11] 1 [225,13]
[225,13] 2 [226,9]
[226,9] 1 [227,9]
[227,9] 2 [228,7]
[228,7] 1 [229,6]
[229,6] 1 [230,7]
[230,7] 1 [231,11]
[231,11] 2 [232,7]
[232,7] 1 [233,7]
[233,7] 1 [234,9]
[234,9] 1 [235,11]
[235,11] 2 [236,9]
[236,9] 1 [237,11]
[237,11] 2 [238,9]
[238,9] 1 [239,7]
[239,7] 1 [240,9]
[240,9] 1 [241,13]
[241,13] 1 [242,16]
[242,16] 2 [243,12]
[243,12] 1 [244,15]
[244,15] 1 [245,17]
[245,17] 1 [246,20]
[246,20] 1 [247,24]
[247,24] 1 [248,27]
[248,27] 1 [249,29]
[249,29] 1 [250,33]
[250,33] 1 [251,36]
[251,36] 1 [252,39]
[252,39] 1 [253,43]
[253,43] 1 [254,47]
[254,47] 1 [255,50]
[255,50] 1 [256,53]
[256,53] 1 [257,56]
[257,56] 1 [258,59]
[258,59] 1 [259,62]
[259,62] 1 [260,64]
[260,64] 1 [261,67]
[261,67] 1 [262,69]
[262,69] 1 [263,72]
[263,72] 1 [264,75]
[264,75] 1 [265,77]
[265,77] 1 [266,80]
[266,80] 1 [267,84]
[267,84] 1 [268,86]
[268,86] 1 [269,89]
[269,89] 1 [270,93]
[270,93] 1 [271,95]
[271,95] 1 [272,99]
[272,99] 1 [273,101]
[273,101] 1 [274,104]
[274,104] 1 [275,107]
[275,107] 1 [276,109]
[276,109] 1 [277,113]
[277,113] 1 [278,116]
[278,116] 1 [279,119]
[279,119] 1 [280,122]
[280,122] 1 [281,124]
[281,124] 1 [282,128]
[282,128] 1 [283,132]
[283,132] 1 [284,136]
[284,136] 1 [285,138]
[285,138] 1 [286,141]
[286,141] 1 [287,143]
[287,143] 1 [288,145]
[288,145] 1 [289,149]
[289,149] 1 [290,152]
[290,152] 1 [291,155]
[291,155] 1 [292,159]
[292,159] 1 [293,161]
[293,161] 1 [294,165]
[294,165] 1 [295,169]
[295,169] 1 [296,173]
[296,173] 1 [297,177]
[297,177] 1 [298,6]
[298,6] 1 [299,6]
[299,6] 1 [300,6]
[300,6] 1 [301,6]
[301,6] 1 [302,6]
[302,6] 1 [303,6]
[303,6] 1 [304,6]
[304,6] 1 [305,6]
[305,6] 1 [306,6]
[306,6] 1 [307,6]
[307,6] 1 [308,7]
[308,7] 0 [309,8]
[309,8] 1 [310,11]
[310,11] 2 [311,7]
[311,7] 1 [312,9]
[312,9] 1 [313,11]
[313,11] 0 [314,11]
[314,11] 2 [315,9]
[315,9] 1 [316,11]
[316,11] 2 [317,9]
[317,9] 1 [318,9]
[318,9] 1 [319,11]
[319,11] 2 [320,9]
[320,9] 1 [321,7]
[321,7] 1 [322,10]
[322,10] 1 [323,12]
[323,12] 2 [324,8]
[324,8] 1 [325,11]
[325,11] 1 [326,13]
[326,13] 1 [327,16]
[327,16] 1 [328,18]
[328,18] 1 [329,20]
[329,20] 1 [330,22]
[330,22] 1 [331,24]
[331,24] 1 [332,26]
[332,26] 1 [333,30]
[333,30] 1 [334,33]
[334,33] 1 [335,35]
[335,35] 1 [336,38]
[336,38] 1 [337,40]
[337,40] 1 [338,43]
[338,43] 1 [339,45]
[339,45] 1 [340,48]
[340,48] 1 [341,50]
[341,50] 1 [342,54]
[342,54] 1 [343,58]
[343,58] 1 [344,62]
[344,62] 1 [345,66]
[345,66] 1 [346,69]
[346,69] 1 [347,73]
[347,73] 1 [348,75]
[348,75] 1 [349,78]
[349,78] 1 [350,82]
[350,82] 1 [351,86]
[351,86] 1 [352,88]
[352,88] 1 [353,90]
[353,90] 1 [354,92]
[354,92] 1 [355,94]
[355,94] 1 [356,98]
[356,98] 1 [357,102]
[357,102] 1 [358,105]
[358,105] 1 [359,109]
[359,109] 1 [360,113]
[360,113] 1 [361,115]
[361,115] 2 [362,112]
[362,112] 1 [363,109]
[363,109] 1 [364,111]
[364,111] 2 [365,107]
[365,107] 1 [366,110]
[366,110] 1 [367,114]
[367,114] 1 [368,116]
[368,116] 1 [369,118]
[369,118] 1 [370,120]
[370,120] 1 [371,122]
[371,122] 1 [372,126]
[372,126] 1 [373,130]
[373,130] 1 [374,133]
[374,133] 1 [375,136]
[375,136] 1 [376,140]
[376,140] 1 [377,142]
[377,142] 1 [378,145]
[378,145] 1 [379,148]
[379,148] 1 [380,151]
[380,151] 1 [381,153]
[381,153] 1 [382,156]
[382,156] 1 [383,159]
[383,159] 1 [384,163]
[384,163] 1 [385,166]
[385,166] 1 [386,168]
[386,168] 1 [387,172]
[387,172] 1 [388,175]
[388,175] 1 [389,6]
[389,6] 1 [390,6]
[390,6] 1 [391,6]
[391,6] 1 [392,6]
[392,6] 1 [393,6]
[393,6] 1 [394,6]
[394,6] 1 [395,6]
[395,6] 1 [396,6]
[396,6] 1 [397,6]
[397,6] 1 [398,9]
[398,9] 1 [399,13]
[399,13] 2 [400,9]
[400,9] 2 [401,6]
[401,6] 1 [402,8]
[402,8] 1 [403,12]
[403,12] 1 [404,14]
[404,14] 1 [405,17]
[405,17] 2 [406,15]
[406,15] 2 [407,11]
[407,11] 2 [408,7]
[408,7] 1 [409,9]
[409,9] 1 [410,12]
[410,12] 1 [411,14]
[411,14] 1 [412,16]
[412,16] 1 [413,20]
[413,20] 2 [414,16]
[414,16] 2 [415,12]
[415,12] 1 [416,14]
[416,14] 1 [417,16]
[417,16] 1 [418,18]
[418,18] 1 [419,20]
[419,20] 1 [420,24]
[420,24] 1 [421,26]
[421,26] 1 [422,29]
[422,29] 1 [423,32]
[423,32] 1 [424,35]
[424,35] 1 [425,38]
[425,38] 1 [426,41]
[426,41] 1 [427,45]
[427,45] 1 [428,47]
[428,47] 1 [429,50]
[429,50] 1 [430,52]
[430,52] 1 [431,54]
[431,54] 1 [432,58]
[432,58] 1 [433,62]
[433,62] 1 [434,65]
[434,65] 1 [435,67]
[435,67] 1 [436,70]
[436,70] 1 [437,72]
[437,72] 1 [438,74]
[438,74] 1 [439,76]
[439,76] 1 [440,78]
[440,78] 1 [441,80]
[441,80] 1 [442,83]
[442,83] 1 [443,87]
[443,87] 1 [444,90]
[444,90] 1 [445,92]
[445,92] 1 [446,96]
[446,96] 1 [447,98]
[447,98] 1 [448,102]
[448,102] 2 [449,98]
[449,98] 1 [450,100]
[450,100] 1 [451,102]
[451,102] 1 [452,105]
[452,105] 2 [453,101]
[453,101] 1 [454,103]
[454,103] 1 [455,105]
[455,105] 1 [456,109]
[456,109] 1 [457,112]
[457,112] 1 [458,114]
[458,114] 1 [459,118]
[459,118] 1 [460,121]
[460,121] 1 [461,123]
[461,123] 1 [462,127]
[462,127] 1 [463,130]
[463,130] 1 [464,134]
[464,134] 1 [465,136]
[465,136] 1 [466,138]
[466,138] 1 [467,141]
[467,141] 1 [468,145]
[468,145] 1 [469,147]
[469,147] 1 [470,149]
[470,149] 1 [471,152]
[471,152] 1 [472,155]
[472,155] 1 [473,157]
[473,157] 1 [474,159]
[474,159] 1 [475,162]
[475,162] 1 [476,164]
[476,164] 1 [477,166]
[477,166] 1 [478,169]
[478,169] 1 [479,171]
[479,171] 1 [480,175]
[480,175] 1 [481,6]
[481,6] 1 [482,6]
[482,6] 1 [483,6]
[483,6] 1 [484,6]
[484,6] 1 [485,6]
[485,6] 1 [486,6]
[486,6] 1 [487,6]
[487,6] 1 [488,6]
[488,6] 1 [489,6]
[489,6] 1 [490,7]
[490,7] 2 [491,6]
[491,6] 1 [492,7]
[492,7] 1 [493,9]
[493,9] 1 [494,11]
[494,11] 2 [495,9]
[495,9] 1 [496,9]
[496,9] 1 [497,11]
[497,11] 1 [498,14]
[498,14] 1 [499,16]
[499,16] 1 [500,18]
[500,18] 1 [501,20]
[501,20] 1 [502,23]
[502,23] 1 [503,25]
[503,25] 1 [504,28]
[504,28] 2 [505,27]
[505,27] 1 [506,26]
[506,26] 1 [507,30]
[507,30] 1 [508,32]
[508,32] 1 [509,35]
[509,35] 1 [510,38]
[510,38] 1 [511,40]
[511,40] 1 [512,42]
[512,42] 1 [513,46]
[513,46] 1 [514,49]
[514,49] 1 [515,53]
[515,53] 1 [516,55]
[516,55] 1 [517,57]
[517,57] 1 [518,59]
[518,59] 1 [519,62]
[519,62] 1 [520,65]
[520,65] 1 [521,67]
[521,67] 1 [522,69]
[522,69] 1 [523,71]
[523,71] 1 [524,75]
[524,75] 1 [525,78]
[525,78] 1 [526,81]
[526,81] 1 [527,84]
[527,84] 1 [528,87]
[528,87] 1 [529,89]
[529,89] 1 [530,93]
[530,93] 1 [531,95]
[531,95] 1 [532,98]
[532,98] 1 [533,100]
[533,100] 1 [534,103]
[534,103] 1 [535,107]
[535,107] 1 [536,109]
[536,109] 1 [537,111]
[537,111] 1 [538,113]
[538,113] 1 [539,115]
[539,115] 1 [540,118]
[540,118] 1 [541,120]
[541,120] 1 [542,123]
[542,123] 1 [543,127]
[543,127] 1 [544,131]
[544,131] 1 [545,133]
[545,133] 1 [546,135]
[546,135] 1 [547,138]
[547,138] 1 [548,142]
[548,142] 1 [549,145]
[549,145] 1 [550,148]
[550,148] 1 [551,150]
[551,150] 1 [552,152]
[552,152] 1 [553,156]
[553,156] 1 [554,159]
[554,159] 1 [555,162]
[555,162] 1 [556,165]
[556,165] 1 [557,167]
[557,167] 1 [558,171]
[558,171] 1 [559,175]
[559,175] 1 [560,6]
[560,6] 1 [561,6]
[561,6] 1 [562,6]
[562,6] 1 [563,6]
[563,6] 1 [564,6]
[564,6] 1 [565,6]
[565,6] 1 [566,6]
[566,6] 1 [567,6]
[567,6] 1 [568,6]
[568,6] 1 [569,7]
[569,7] 1 [570,9]
[570,9] 2 [571,7]
[571,7] 1 [572,7]
[572,7] 1 [573,9]
[573,9] 1 [574,13]
[574,13] 1 [575,17]
[575,17] 1 [576,19]
[576,19] 1 [577,21]
[577,21] 1 [578,23]
[578,23] 1 [579,25]
[579,25] 1 [580,27]
[580,27] 1 [581,31]
[581,31] 1 [582,34]
[582,34] 1 [583,36]
[583,36] 1 [584,39]
[584,39] 1 [585,41]
[585,41] 1 [586,44]
[586,44] 1 [587,47]
[587,47] 1 [588,49]
[588,49] 1 [589,52]
[589,52] 1 [590,54]
[590,54] 1 [591,58]
[591,58] 1 [592,62]
[592,62] 1 [593,65]
[593,65] 1 [594,68]
[594,68] 1 [595,70]
[595,70] 1 [596,73]
[596,73] 1 [597,75]
[597,75] 1 [598,79]
[598,79] 1 [599,81]
[599,81] 1 [600,85]
[600,85] 1 [601,87]
[601,87] 1 [602,90]
[602,90] 1 [603,92]
[603,92] 1 [604,95]
[604,95] 1 [605,97]
[605,97] 1 [606,101]
[606,101] 1 [607,105]
[607,105] 1 [608,109]
[608,109] 1 [609,112]
[609,112] 1 [610,114]
[610,114] 1 [611,117]
[611,117] 1 [612,121]
[612,121] 1 [613,124]
[613,124] 1 [614,128]
[614,128] 1 [615,131]
[615,131] 1 [616,135]
[616,135] 1 [617,138]
[617,138] 1 [618,141]
[618,141] 1 [619,145]
[619,145] 1 [620,148]
[620,148] 1 [621,152]
[621,152] 1 [622,156]
[622,156] 1 [623,160]
[623,160] 1 [624,162]
[624,162] 1 [625,165]
[625,165] 1 [626,169]
[626,169] 1 [627,171]
[627,171] 1 [628,174]
[628,174] 1 [629,176]
[629,176] 1 [630,6]
[630,6] 1 [631,6]
[631,6] 1 [632,6]
[632,6] 1 [633,6]
[633,6] 1 [634,6]
[634,6] 1 [635,6]
[635,6] 1 [636,6]
[636,6] 1 [637,6]
[637,6] 1 [638,6]
[638,6] 1 [639,6]
[639,6] 1 [640,7]
[640,7] 0 [641,7]
[641,7] 1 [642,11]
[642,11] 0 [643,12]
[643,12] 1 [644,15]
[644,15] 2 [645,11]
[645,11] 2 [646,8]
[646,8] 1 [647,10]
[647,10] 1 [648,14]
[648,14] 1 [649,17]
[649,17] 1 [650,20]
[650,20] 1 [651,23]
[651,23] 1 [652,27]
[652,27] 1 [653,30]
[653,30] 1 [654,32]
[654,32] 1 [655,35]
[655,35] 1 [656,39]
[656,39] 1 [657,43]
[657,43] 1 [658,45]
[658,45] 1 [659,49]
[659,49] 1 [660,52]
[660,52] 1 [661,55]
[661,55] 1 [662,58]
[662,58] 1 [663,61]
[663,61] 1 [664,63]
[664,63] 1 [665,66]
[665,66] 1 [666,68]
[666,68] 1 [667,71]
[667,71] 1 [668,74]
[668,74] 1 [669,76]
[669,76] 1 [670,78]
[670,78] 1 [671,81]
[671,81] 1 [672,84]
[672,84] 1 [673,87]
[673,87] 1 [674,89]
[674,89] 1 [675,93]
[675,93] 1 [676,97]
[676,97] 1 [677,101]
[677,101] 1 [678,105]
[678,105] 1 [679,107]
[679,107] 1 [680,110]
[680,110] 1 [681,113]
[681,113] 1 [682,117]
[682,117] 1 [683,121]
[683,121] 1 [684,125]
[684,125] 1 [685,129]
[685,129] 1 [686,131]
[686,131] 1 [687,133]
[687,133] 1 [688,137]
[688,137] 1 [689,141]
[689,141] 1 [690,145]
[690,145] 1 [691,148]
[691,148] 1 [692,150]
[692,150] 1 [693,152]
[693,152] 1 [694,155]
[694,155] 1 [695,159]
[695,159] 1 [696,162]
[696,162] 1 [697,165]
[697,165] 1 [698,168]
[698,168] 1 [699,172]
[699,172] 1 [700,176]
[700,176] 1 [701,6]
[701,6] 1 [702,6]
[702,6] 1 [703,6]
[703,6] 1 [704,6]
[704,6] 1 [705,6]
[705,6] 1 [706,6]
[706,6] 1 [707,6]
[707,6] 1 [708,6]
[708,6] 1 [709,6]
[709,6] 1 [710,7]
[710,7] 1 [711,11]
[711,11] 1 [712,15]
[712,15] 0 [713,17]
[713,17] 1 [714,20]
[714,20] 1 [715,23]
[715,23] 2 [716,19]
[716,19] 1 [717,21]
[717,21] 1 [718,24]
[718,24] 1 [719,28]
[719,28] 1 [720,32]
[720,32] 1 [721,36]
[721,36] 1 [722,38]
[722,38] 1 [723,42]
[723,42] 1 [724,45]
[724,45] 1 [725,47]
[725,47] 1 [726,50]
[726,50] 1 [727,52]
[727,52] 1 [728,54]
[728,54] 1 [729,58]
[729,58] 1 [730,60]
[730,60] 1 [731,64]
[731,64] 1 [732,68]
[732,68] 1 [733,72]
[733,72] 1 [734,76]
[734,76] 1 [735,80]
[735,80] 1 [736,82]
[736,82] 1 [737,84]
[737,84] 1 [738,88]
[738,88] 1 [739,90]
[739,90] 1 [740,92]
[740,92] 1 [741,96]
[741,96] 1 [742,99]
[742,99] 1 [743,101]
[743,101] 1 [744,105]
[744,105] 1 [745,108]
[745,108] 1 [746,111]
[746,111] 1 [747,113]
[747,113] 1 [748,117]
[748,117] 1 [749,119]
[749,119] 1 [750,122]
[750,122] 1 [751,125]
[751,125] 1 [752,129]
[752,129] 1 [753,133]
[753,133] 1 [754,136]
[754,136] 1 [755,138]
[755,138] 1 [756,142]
[756,142] 1 [757,144]
[757,144] 1 [758,148]
[758,148] 1 [759,152]
[759,152] 1 [760,156]
[760,156] 1 [761,160]
[761,160] 1 [762,164]
[762,164] 1 [763,166]
[763,166] 1 [764,168]
[764,168] 1 [765,172]
[765,172] 1 [766,174]
[766,174] 1 [767,176]
[767,176] 1 [768,6]
[768,6] 1 [769,6]
[769,6] 1 [770,6]
[770,6] 1 [771,6]
[771,6] 1 [772,6]
[772,6] 1 [773,6]
[773,6] 1 [774,6]
[774,6] 1 [775,6]
[775,6] 1 [776,6]
[776,6] 1 [777,6]
[777,6] 1 [778,8]
[778,8] 1 [779,11]
[779,11] 1 [780,14]
[780,14] 1 [781,18]
[781,18] 1 [782,22]
[782,22] 1 [783,26]
[783,26] 1 [784,28]
[784,28] 1 [785,30]
[785,30] 1 [786,33]
[786,33] 1 [787,35]
[787,35] 1 [788,38]
[788,38] 1 [789,42]
[789,42] 1 [790,45]
[790,45] 1 [791,48]
[791,48] 1 [792,52]
[792,52] 1 [793,55]
[793,55] 1 [794,57]
[794,57] 1 [795,61]
[795,61] 1 [796,65]
[796,65] 1 [797,67]
[797,67] 1 [798,70]
[798,70] 1 [799,74]
[799,74] 1 [800,78]
[800,78] 1 [801,81]
[801,81] 1 [802,84]
[802,84] 1 [803,87]
[803,87] 1 [804,91]
[804,91] 1 [805,95]
[805,95] 1 [806,98]
[806,98] 1 [807,101]
[807,101] 1 [808,104]
[808,104] 1 [809,106]
[809,106] 1 [810,108]
[810,108] 1 [811,110]
[811,110] 1 [812,112]
[812,112] 1 [813,114]
[813,114] 1 [814,117]
[814,117] 1 [815,119]
[815,119] 1 [816,121]
[816,121] 1 [817,124]
[817,124] 1 [818,128]
[818,128] 1 [819,132]
[819,132] 1 [820,136]
[820,136] 1 [821,139]
[821,139] 1 [822,142]
[822,142] 1 [823,146]
[823,146] 1 [824,149]
[824,149] 1 [825,151]
[825,151] 1 [826,154]
[826,154] 1 [827,156]
[827,156] 1 [828,160]
[828,160] 1 [829,162]
[829,162] 1 [830,164]
[830,164] 1 [831,168]
[831,168] 1 [832,172]
[832,172] 1 [833,174]
[833,174] 1 [834,177]
[834,177] 1 [835,6]
[835,6] 1 [836,6]
[836,6] 1 [837,6]
[837,6] 1 [838,6]
[838,6] 1 [839,6]
[839,6] 1 [840,6]
[840,6] 1 [841,6]
[841,6] 1 [842,6]
[842,6] 1 [843,9]
[843,9] 0 [844,9]
[844,9] 2 [845,7]
[845,7] 1 [846,9]
[846,9] 1 [847,12]
[847,12] 2 [848,13]
[848,13] 2 [849,9]
[849,9] 1 [850,9]
[850,9] 1 [851,13]
[851,13] 1 [852,16]
[852,16] 1 [853,19]
[853,19] 1 [854,21]
[854,21] 2 [855,17]
[855,17] 1 [856,17]
[856,17] 1 [857,19]
[857,19] 1 [858,21]
[858,21] 1 [859,23]
[859,23] 1 [860,27]
[860,27] 1 [861,31]
[861,31] 1 [862,34]
[862,34] 1 [863,36]
[863,36] 1 [864,39]
[864,39] 1 [865,42]
[865,42] 1 [866,46]
[866,46] 1 [867,48]
[867,48] 1 [868,51]
[868,51] 1 [869,53]
[869,53] 1 [870,57]
[870,57] 1 [871,59]
[871,59] 1 [872,62]
[872,62] 1 [873,66]
[873,66] 1 [874,70]
[874,70] 1 [875,74]
[875,74] 1 [876,78]
[876,78] 1 [877,80]
[877,80] 1 [878,83]
[878,83] 1 [879,85]
[879,85] 1 [880,87]
[880,87] 1 [881,91]
[881,91] 1 [882,94]
[882,94] 1 [883,97]
[883,97] 1 [884,99]
[884,99] 1 [885,103]
[885,103] 1 [886,107]
[886,107] 1 [887,109]
[887,109] 1 [888,112]
[888,112] 1 [889,116]
[889,116] 1 [890,120]
[890,120] 1 [891,124]
[891,124] 1 [892,128]
[892,128] 1 [893,130]
[893,130] 1 [894,133]
[894,133] 1 [895,136]
[895,136] 1 [896,139]
[896,139] 1 [897,142]
[897,142] 1 [898,144]
[898,144] 1 [899,147]
[899,147] 1 [900,149]
[900,149] 1 [901,153]
[901,153] 1 [902,157]
[902,157] 1 [903,161]
[903,161] 1 [904,164]
[904,164] 1 [905,168]
[905,168] 1 [906,171]
[906,171] 1 [907,174]
[907,174] 1 [908,177]
[908,177] 1 [909,6]
[909,6] 1 [910,6]
[910,6] 1 [911,6]
[911,6] 1 [912,6]
[912,6] 1 [913,6]
[913,6] 1 [914,6]
[914,6] 1 [915,6]
[915,6] 1 [916,6]
[916,6] 1 [917,6]
[917,6] 1 [918,6]
[918,6] 1 [919,7]
[919,7] 1 [920,11]
[920,11] 0 [921,11]
[921,11] 2 [922,8]
[922,8] 1 [923,11]
[923,11] 1 [924,15]
[924,15] 1 [925,18]
[925,18] 1 [926,20]
[926,20] 1 [927,22]
[927,22] 1 [928,25]
[928,25] 1 [929,29]
[929,29] 1 [930,32]
[930,32] 1 [931,36]
[931,36] 1 [932,40]
[932,40] 1 [933,42]
[933,42] 1 [934,44]
[934,44] 1 [935,48]
[935,48] 1 [936,50]
[936,50] 1 [937,53]
[937,53] 1 [938,57]
[938,57] 1 [939,60]
[939,60] 1 [940,63]
[940,63] 1 [941,66]
[941,66] 1 [942,69]
[942,69] 1 [943,72]
[943,72] 1 [944,74]
[944,74] 1 [945,78]
[945,78] 1 [946,82]
[946,82] 1 [947,84]
[947,84] 1 [948,87]
[948,87] 1 [949,91]
[949,91] 1 [950,94]
[950,94] 1 [951,98]
[951,98] 1 [952,102]
[952,102] 1 [953,105]
[953,105] 1 [954,107]
[954,107] 1 [955,109]
[955,109] 1 [956,111]
[956,111] 1 [957,114]
[957,114] 1 [958,118]
[958,118] 1 [959,120]
[959,120] 1 [960,123]
[960,123] 1 [961,126]
[961,126] 1 [962,129]
[962,129] 1 [963,133]
[963,133] 1 [964,137]
[964,137] 1 [965,141]
[965,141] 1 [966,144]
[966,144] 1 [967,148]
[967,148] 1 [968,150]
[968,150] 1 [969,152]
[969,152] 1 [970,154]
[970,154] 1 [971,158]
[971,158] 1 [972,161]
[972,161] 1 [973,164]
[973,164] 1 [974,167]
[974,167] 1 [975,171]
[975,171] 1 [976,174]
[976,174] 1 [977,176]
[977,176] 1 [978,6]
[978,6] 1 [979,6]
[979,6] 1 [980,6]
[980,6] 1 [981,6]
[981,6] 1 [982,6]
[982,6] 1 [983,6]
[983,6] 1 [984,6]
[984,6] 1 [985,6]
[985,6] 1 [986,6]
[986,6] 1 [987,7]
[987,7] 1 [988,11]
[988,11] 0 [989,12]
[989,12] 2 [990,10]
[990,10] 1 [991,11]
[991,11] 1 [992,15]
[992,15] 2 [993,11]
[993,11] 2 [994,8]
[994,8] 1 [995,11]
[995,11] 2 [996,9]
[996,9] 1 [997,9]
[997,9] 1 [998,12]
[998,12] 1 [999,16]
[999,16] 2 [1000,12]
[1000,12] 2 [1001,9]
[1001,9] 2 [1002,6]
[1002,6] 1 [1003,8]
[1003,8] 1 [1004,11]
[1004,11] 2 [1005,9]
[1005,9] 2 [1006,6]
[1006,6] 1 [1007,8]
[1007,8] 1 [1008,11]
[1008,11] 2 [1009,9]
[1009,9] 1 [1010,11]
[1010,11] 2 [1011,8]
[1011,8] 1 [1012,11]
[1012,11] 1 [1013,14]
[1013,14] 1 [1014,17]
[1014,17] 1 [1015,21]
[1015,21] 1 [1016,24]
[1016,24] 1 [1017,27]
[1017,27] 1 [1018,30]
[1018,30] 1 [1019,34]
[1019,34] 1 [1020,37]
[1020,37] 1 [1021,40]
[1021,40] 1 [1022,44]
[1022,44] 1 [1023,46]
[1023,46] 1 [1024,49]
[1024,49] 1 [1025,53]
[1025,53] 1 [1026,55]
[1026,55] 1 [1027,58]
[1027,58] 1 [1028,62]
[1028,62] 1 [1029,64]
[1029,64] 1 [1030,67]
[1030,67] 1 [1031,71]
[1031,71] 1 [1032,74]
[1032,74] 1 [1033,76]
[1033,76] 1 [1034,79]
[1034,79] 1 [1035,81]
[1035,81] 1 [1036,85]
[1036,85] 1 [1037,88]
[1037,88] 1 [1038,92]
[1038,92] 1 [1039,95]
[1039,95] 1 [1040,97]
[1040,97] 1 [1041,101]
[1041,101] 1 [1042,104]
[1042,104] 1 [1043,107]
[1043,107] 1 [1044,109]
[1044,109] 1 [1045,111]
[1045,111] 1 [1046,114]
[1046,114] 1 [1047,118]
[1047,118] 1 [1048,120]
[1048,120] 1 [1049,122]
[1049,122] 1 [1050,124]
[1050,124] 1 [1051,127]
[1051,127] 1 [1052,130]
[1052,130] 1 [1053,132]
[1053,132] 1 [1054,135]
[1054,135] 1 [1055,137]
[1055,137] 1 [1056,141]
[1056,141] 1 [1057,144]
[1057,144] 1 [1058,148]
[1058,148] 1 [1059,150]
[1059,150] 1 [1060,152]
[1060,152] 1 [1061,155]
[1061,155] 1 [1062,159]
[1062,159] 1 [1063,161]
[1063,161] 1 [1064,163]
[1064,163] 1 [1065,165]
[1065,165] 1 [1066,168]
[1066,168] 1 [1067,171]
[1067,171] 1 [1068,175]
[1068,175] 1 [1069,6]
[1069,6] 1 [1070,6]
[1070,6] 1 [1071,6]
[1071,6] 1 [1072,6]
[1072,6] 1 [1073,6]
[1073,6] 1 [1074,6]
[1074,6] 1 [1075,6]
[1075,6] 1 [1076,6]
[1076,6] 1 [1077,6]
[1077,6] 1 [1078,9]
[1078,9] 0 [1079,9]
[1079,9] 1 [1080,11]
[1080,11] 1 [1081,13]
[1081,13] 2 [1082,12]
[1082,12] 2 [1083,9]
[1083,9] 1 [1084,11]
[1084,11] 2 [1085,7]
[1085,7] 1 [1086,9]
[1086,9] 1 [1087,11]
[1087,11] 1 [1088,15]
[1088,15] 2 [1089,11]
[1089,11] 1 [1090,12]
[1090,12] 1 [1091,16]
[1091,16] 1 [1092,20]
[1092,20] 1 [1093,23]
[1093,23] 1 [1094,25]
[1094,25] 1 [1095,29]
[1095,29] 1 [1096,31]
[1096,31] 1 [1097,34]
[1097,34] 1 [1098,36]
[1098,36] 1 [1099,38]
[1099,38] 1 [1100,40]
[1100,40] 1 [1101,43]
[1101,43] 1 [1102,47]
[1102,47] 1 [1103,51]
[1103,51] 1 [1104,53]
[1104,53] 1 [1105,55]
[1105,55] 1 [1106,58]
[1106,58] 1 [1107,61]
[1107,61] 1 [1108,63]
[1108,63] 1 [1109,67]
[1109,67] 1 [1110,71]
[1110,71] 1 [1111,73]
[1111,73] 1 [1112,76]
[1112,76] 1 [1113,78]
[1113,78] 1 [1114,81]
[1114,81] 1 [1115,83]
[1115,83] 1 [1116,86]
[1116,86] 1 [1117,89]
[1117,89] 1 [1118,93]
[1118,93] 1 [1119,95]
[1119,95] 1 [1120,97]
[1120,97] 1 [1121,99]
[1121,99] 1 [1122,102]
[1122,102] 1 [1123,104]
[1123,104] 1 [1124,108]
[1124,108] 1 [1125,111]
[1125,111] 1 [1126,113]
[1126,113] 1 [1127,117]
[1127,117] 1 [1128,119]
[1128,119] 1 [1129,123]
[1129,123] 1 [1130,126]
[1130,126] 1 [1131,128]
[1131,128] 1 [1132,130]
[1132,130] 1 [1133,132]
[1133,132] 1 [1134,135]
[1134,135] 1 [1135,137]
[1135,137] 1 [1136,141]
[1136,141] 1 [1137,145]
[1137,145] 1 [1138,148]
[1138,148] 1 [1139,151]
[1139,151] 1 [1140,155]
[1140,155] 1 [1141,159]
[1141,159] 1 [1142,163]
[1142,163] 1 [1143,165]
[1143,165] 1 [1144,169]
[1144,169] 1 [1145,171]
[1145,171] 1 [1146,175]
[1146,175] 1 [1147,6]
[1147,6] 1 [1148,6]
[1148,6] 1 [1149,6]
[1149,6] 1 [1150,6]
[1150,6] 1 [1151,6]
[1151,6] 1 [1152,6]
[1152,6] 1 [1153,6]
[1153,6] 1 [1154,6]
[1154,6] 1 [1155,6]
[1155,6] 1 [1156,6]
[1156,6] 1 [1157,10]
[1157,10] 0 [1158,10]
[1158,10] 2 [1159,6]
[1159,6] 1 [1160,10]
[1160,10] 1 [1161,12]
[1161,12] 2 [1162,10]
[1162,10] 1 [1163,10]
[1163,10] 1 [1164,12]
[1164,12] 1 [1165,16]
[1165,16] 1 [1166,20]
[1166,20] 2 [1167,16]
[1167,16] 2 [1168,12]
[1168,12] 2 [1169,9]
[1169,9] 1 [1170,11]
[1170,11] 2 [1171,9]
[1171,9] 1 [1172,11]
[1172,11] 1 [1173,13]
[1173,13] 1 [1174,15]
[1174,15] 2 [1175,11]
[1175,11] 1 [1176,13]
[1176,13] 1 [1177,17]
[1177,17] 2 [1178,13]
[1178,13] 1 [1179,13]
[1179,13] 1 [1180,15]
[1180,15] 1 [1181,19]
[1181,19] 1 [1182,23]
[1182,23] 2 [1183,20]
[1183,20] 1 [1184,22]
[1184,22] 1 [1185,24]
[1185,24] 1 [1186,28]
[1186,28] 1 [1187,30]
[1187,30] 1 [1188,34]
[1188,34] 1 [1189,36]
[1189,36] 1 [1190,40]
[1190,40] 1 [1191,42]
[1191,42] 1 [1192,44]
[1192,44] 1 [1193,48]
[1193,48] 1 [1194,50]
[1194,50] 1 [1195,52]
[1195,52] 1 [1196,55]
[1196,55] 1 [1197,57]
[1197,57] 1 [1198,61]
[1198,61] 1 [1199,65]
[1199,65] 1 [1200,67]
[1200,67] 1 [1201,69]
[1201,69] 1 [1202,72]
[1202,72] 1 [1203,74]
[1203,74] 1 [1204,77]
[1204,77] 1 [1205,79]
[1205,79] 1 [1206,82]
[1206,82] 1 [1207,84]
[1207,84] 1 [1208,87]
[1208,87] 1 [1209,90]
[1209,90] 1 [1210,92]
[1210,92] 1 [1211,96]
[1211,96] 1 [1212,100]
[1212,100] 1 [1213,102]
[1213,102] 1 [1214,106]
[1214,106] 1 [1215,108]
[1215,108] 1 [1216,112]
[1216,112] 1 [1217,116]
[1217,116] 2 [1218,113]
[1218,113] 1 [1219,115]
[1219,115] 2 [1220,111]
[1220,111] 2 [1221,108]
[1221,108] 1 [1222,110]
[1222,110] 1 [1223,112]
[1223,112] 1 [1224,115]
[1224,115] 1 [1225,117]
[1225,117] 1 [1226,120]
[1226,120] 1 [1227,123]
[1227,123] 1 [1228,127]
[1228,127] 1 [1229,130]
[1229,130] 1 [1230,134]
[1230,134] 1 [1231,138]
[1231,138] 1 [1232,141]
[1232,141] 1 [1233,143]
[1233,143] 1 [1234,145]
[1234,145] 1 [1235,147]
[1235,147] 1 [1236,151]
[1236,151] 1 [1237,154]
[1237,154] 1 [1238,158]
[1238,158] 1 [1239,160]
[1239,160] 1 [1240,163]
[1240,163] 1 [1241,167]
[1241,167] 1 [1242,171]
[1242,171] 1 [1243,173]
[1243,173] 1 [1244,177]
[1244,177] 1 [1245,6]
[1245,6] 1 [1246,6]
[1246,6] 1 [1247,6]
[1247,6] 1 [1248,6]
[1248,6] 1 [1249,6]
[1249,6] 1 [1250,6]
[1250,6] 1 [1251,6]
[1251,6] 1 [1252,6]
[1252,6] 1 [1253,6]
[1253,6] 1 [1254,6]
[1254,6] 1 [1255,8]
[1255,8] 1 [1256,11]
[1256,11] 1 [1257,15]
[1257,15] 1 [1258,17]
[1258,17] 1 [1259,19]
[1259,19] 1 [1260,21]
[1260,21] 1 [1261,23]
[1261,23] 1 [1262,27]
[1262,27] 1 [1263,30]
[1263,30] 1 [1264,34]
[1264,34] 1 [1265,37]
[1265,37] 1 [1266,41]
[1266,41] 1 [1267,43]
[1267,43] 1 [1268,45]
[1268,45] 1 [1269,48]
[1269,48] 1 [1270,52]
[1270,52] 1 [1271,54]
[1271,54] 1 [1272,57]
[1272,57] 1 [1273,61]
[1273,61] 1 [1274,65]
[1274,65] 1 [1275,67]
[1275,67] 1 [1276,69]
[1276,69] 1 [1277,72]
[1277,72] 1 [1278,76]
[1278,76] 1 [1279,80]
[1279,80] 1 [1280,84]
[1280,84] 1 [1281,87]
[1281,87] 1 [1282,89]
[1282,89] 1 [1283,91]
[1283,91] 1 [1284,94]
[1284,94] 1 [1285,98]
[1285,98] 1 [1286,101]
[1286,101] 1 [1287,104]
[1287,104] 1 [1288,107]
[1288,107] 1 [1289,111]
[1289,111] 1 [1290,114]
[1290,114] 1 [1291,118]
[1291,118] 1 [1292,122]
[1292,122] 1 [1293,124]
[1293,124] 1 [1294,126]
[1294,126] 1 [1295,128]
[1295,128] 1 [1296,132]
[1296,132] 1 [1297,135]
[1297,135] 1 [1298,138]
[1298,138] 1 [1299,141]
[1299,141] 1 [1300,145]
[1300,145] 1 [1301,147]
[1301,147] 1 [1302,150]
[1302,150] 1 [1303,152]
[1303,152] 1 [1304,156]
[1304,156] 1 [1305,160]
[1305,160] 1 [1306,163]
[1306,163] 1 [1307,166]
[1307,166] 1 [1308,169]
[1308,169] 1 [1309,173]
[1309,173] 1 [1310,177]
[1310,177] 1 [1311,6]
[1311,6] 1 [1312,6]
[1312,6] 1 [1313,6]
[1313,6] 1 [1314,6]
[1314,6] 1 [1315,6]
[1315,6] 1 [1316,6]
[1316,6] 1 [1317,6]
[1317,6] 1 [1318,6]
[1318,6] 1 [1319,7]
[1319,7] 0 [1320,7]
[1320,7] 0 [1321,7]
[1321,7] 1 [1322,9]
[1322,9] 1 [1323,13]
[1323,13] 2 [1324,9]
[1324,9] 1 [1325,11]
[1325,11] 2 [1326,9]
[1326,9] 1 [1327,10]
[1327,10] 1 [1328,12]
[1328,12] 1 [1329,16]
[1329,16] 1 [1330,19]
[1330,19] 1 [1331,23]
[1331,23] 1 [1332,25]
[1332,25] 1 [1333,29]
[1333,29] 1 [1334,33]
[1334,33] 1 [1335,36]
[1335,36] 1 [1336,39]
[1336,39] 1 [1337,41]
[1337,41] 1 [1338,43]
[1338,43] 1 [1339,45]
[1339,45] 1 [1340,47]
[1340,47] 1 [1341,49]
[1341,49] 2 [1342,46]
[1342,46] 1 [1343,48]
[1343,48] 1 [1344,51]
[1344,51] 2 [1345,49]
[1345,49] 2 [1346,47]
[1346,47] 1 [1347,47]
[1347,47] 1 [1348,49]
[1348,49] 1 [1349,52]
[1349,52] 1 [1350,55]
[1350,55] 1 [1351,58]
[1351,58] 1 [1352,62]
[1352,62] 1 [1353,65]
[1353,65] 1 [1354,68]
[1354,68] 1 [1355,72]
[1355,72] 1 [1356,74]
[1356,74] 1 [1357,76]
[1357,76] 1 [1358,80]
[1358,80] 1 [1359,83]
[1359,83] 1 [1360,85]
[1360,85] 1 [1361,89]
[1361,89] 1 [1362,92]
[1362,92] 1 [1363,94]
[1363,94] 1 [1364,97]
[1364,97] 1 [1365,99]
[1365,99] 1 [1366,101]
[1366,101] 1 [1367,104]
[1367,104] 1 [1368,108]
[1368,108] 1 [1369,112]
[1369,112] 1 [1370,116]
[1370,116] 1 [1371,119]
[1371,119] 1 [1372,123]
[1372,123] 1 [1373,125]
[1373,125] 1 [1374,128]
[1374,128] 1 [1375,132]
[1375,132] 1 [1376,136]
[1376,136] 1 [1377,138]
[1377,138] 1 [1378,141]
[1378,141] 1 [1379,145]
[1379,145] 1 [1380,149]
[1380,149] 1 [1381,153]
[1381,153] 1 [1382,156]
[1382,156] 1 [1383,158]
[1383,158] 1 [1384,161]
[1384,161] 1 [1385,165]
[1385,165] 1 [1386,167]
[1386,167] 1 [1387,169]
[1387,169] 1 [1388,172]
[1388,172] 1 [1389,175]
[1389,175] 1 [1390,177]
[1390,177] 1 [1391,6]
[1391,6] 1 [1392,6]
[1392,6] 1 [1393,6]
[1393,6] 1 [1394,6]
[1394,6] 1 [1395,6]
[1395,6] 1 [1396,6]
[1396,6] 1 [1397,6]
[1397,6] 1 [1398,6]
[1398,6] 1 [1399,6]
[1399,6] 1 [1400,6]
[1400,6] 1 [1401,8]
[1401,8] 2 [1402,7]
[1402,7] 1 [1403,9]
[1403,9] 2 [1404,6]
[1404,6] 1 [1405,10]
[1405,10] 1 [1406,12]
[1406,12] 1 [1407,14]
[1407,14] 2 [1408,10]
[1408,10] 1 [1409,13]
[1409,13] 1 [1410,15]
[1410,15] 2 [1411,11]
[1411,11] 1 [1412,13]
[1412,13] 2 [1413,10]
[1413,10] 1 [1414,11]
[1414,11] 0 [1415,11]
[1415,11] 2 [1416,9]
[1416,9] 1 [1417,11]
[1417,11] 2 [1418,11]
[1418,11] 1 [1419,11]
[1419,11] 2 [1420,7]
[1420,7] 1 [1421,9]
[1421,9] 2 [1422,6]
[1422,6] 1 [1423,8]
[1423,8] 1 [1424,10]
[1424,10] 1 [1425,12]
[1425,12] 0 [1426,13]
[1426,13] 0 [1427,13]
[1427,13] 1 [1428,17]
[1428,17] 1 [1429,19]
[1429,19] 1 [1430,22]
[1430,22] 1 [1431,24]
[1431,24] 1 [1432,27]
[1432,27] 1 [1433,31]
[1433,31] 1 [1434,33]
[1434,33] 1 [1435,36]
[1435,36] 1 [1436,38]
[1436,38] 1 [1437,40]
[1437,40] 1 [1438,43]
[1438,43] 1 [1439,45]
[1439,45] 1 [1440,48]
[1440,48] 1 [1441,52]
[1441,52] 1 [1442,54]
[1442,54] 1 [1443,57]
[1443,57] 1 [1444,59]
[1444,59] 1 [1445,61]
[1445,61] 1 [1446,65]
[1446,65] 1 [1447,69]
[1447,69] 1 [1448,71]
[1448,71] 1 [1449,73]
[1449,73] 1 [1450,76]
[1450,76] 1 [1451,79]
[1451,79] 1 [1452,81]
[1452,81] 1 [1453,84]
[1453,84] 1 [1454,86]
[1454,86] 1 [1455,88]
[1455,88] 1 [1456,90]
[1456,90] 1 [1457,94]
[1457,94] 1 [1458,96]
[1458,96] 1 [1459,100]
[1459,100] 1 [1460,102]
[1460,102] 1 [1461,106]
[1461,106] 1 [1462,108]
[1462,108] 1 [1463,111]
[1463,111] 1 [1464,114]
[1464,114] 1 [1465,118]
[1465,118] 1 [1466,120]
[1466,120] 1 [1467,122]
[1467,122] 1 [1468,124]
[1468,124] 1 [1469,128]
[1469,128] 1 [1470,131]
[1470,131] 1 [1471,134]
[1471,134] 1 [1472,136]
[1472,136] 1 [1473,140]
[1473,140] 1 [1474,143]
[1474,143] 1 [1475,147]
[1475,147] 1 [1476,149]
[1476,149] 1 [1477,152]
[1477,152] 1 [1478,156]
[1478,156] 1 [1479,160]
[1479,160] 1 [1480,163]
[1480,163] 1 [1481,165]
[1481,165] 1 [1482,169]
[1482,169] 1 [1483,172]
[1483,172] 1 [1484,174]
[1484,174] 1 [1485,177]
[1485,177] 1 [1486,6]
[1486,6] 1 [1487,6]
[1487,6] 1 [1488,6]
[1488,6] 1 [1489,6]
[1489,6] 1 [1490,6]
[1490,6] 1 [1491,6]
[1491,6] 1 [1492,6]
[1492,6] 1 [1493,6]
[1493,6] 1 [1494,6]
[1494,6] 1 [1495,8]
[1495,8] 0 [1496,9]
[1496,9] 0 [1497,9]
[1497,9] 1 [1498,11]
[1498,11] 1 [1499,15]
[1499,15] 1 [1500,17]
[1500,17] 1 [1501,19]
[1501,19] 1 [1502,22]
[1502,22] 1 [1503,25]
[1503,25] 1 [1504,28]
[1504,28] 1 [1505,30]
[1505,30] 1 [1506,34]
[1506,34] 1 [1507,38]
[1507,38] 1 [1508,42]
[1508,42] 1 [1509,45]
[1509,45] 1 [1510,47]
[1510,47] 1 [1511,51]
[1511,51] 1 [1512,54]
[1512,54] 1 [1513,57]
[1513,57] 1 [1514,61]
[1514,61] 1 [1515,65]
[1515,65] 1 [1516,68]
[1516,68] 1 [1517,71]
[1517,71] 1 [1518,75]
[1518,75] 1 [1519,77]
[1519,77] 1 [1520,81]
[1520,81] 1 [1521,84]
[1521,84] 1 [1522,86]
[1522,86] 1 [1523,89]
[1523,89] 1 [1524,91]
[1524,91] 1 [1525,94]
[1525,94] 1 [1526,97]
[1526,97] 1 [1527,100]
[1527,100] 1 [1528,102]
[1528,102] 1 [1529,105]
[1529,105] 1 [1530,107]
[1530,107] 1 [1531,109]
[1531,109] 1 [1532,111]
[1532,111] 1 [1533,115]
[1533,115] 1 [1534,119]
[1534,119] 1 [1535,123]
[1535,123] 1 [1536,126]
[1536,126] 1 [1537,128]
[1537,128] 1 [1538,130]
[1538,130] 1 [1539,134]
[1539,134] 1 [1540,138]
[1540,138] 1 [1541,140]
[1541,140] 1 [1542,143]
[1542,143] 1 [1543,146]
[1543,146] 1 [1544,150]
[1544,150] 1 [1545,152]
[1545,152] 1 [1546,154]
[1546,154] 1 [1547,157]
[1547,157] 1 [1548,159]
[1548,159] 1 [1549,162]
[1549,162] 1 [1550,165]
[1550,165] 1 [1551,169]
[1551,169] 1 [1552,172]
[1552,172] 1 [1553,176]
[1553,176] 1 [1554,6]
[1554,6] 1 [1555,6]
[1555,6] 1 [1556,6]
[1556,6] 1 [1557,6]
[1557,6] 1 [1558,6]
[1558,6] 1 [1559,6]
[1559,6] 1 [1560,6]
[1560,6] 1 [1561,6]
[1561,6] 1 [1562,6]
[1562,6] 1 [1563,7]
[1563,7] 1 [1564,11]
[1564,11] 1 [1565,15]
[1565,15] 0 [1566,16]
[1566,16] 0 [1567,16]
[1567,16] 1 [1568,20]
[1568,20] 1 [1569,22]
[1569,22] 1 [1570,24]
[1570,24] 1 [1571,26]
[1571,26] 1 [1572,28]
[1572,28] 1 [1573,30]
[1573,30] 1 [1574,34]
[1574,34] 1 [1575,36]
[1575,36] 1 [1576,40]
[1576,40] 1 [1577,44]
[1577,44] 1 [1578,48]
[1578,48] 1 [1579,52]
[1579,52] 1 [1580,56]
[1580,56] 1 [1581,59]
[1581,59] 1 [1582,63]
[1582,63] 1 [1583,67]
[1583,67] 1 [1584,71]
[1584,71] 1 [1585,73]
[1585,73] 1 [1586,76]
[1586,76] 1 [1587,79]
[1587,79] 1 [1588,82]
[1588,82] 1 [1589,86]
[1589,86] 1 [1590,89]
[1590,89] 1 [1591,92]
[1591,92] 1 [1592,96]
[1592,96] 1 [1593,98]
[1593,98] 1 [1594,100]
[1594,100] 1 [1595,102]
[1595,102] 1 [1596,105]
[1596,105] 1 [1597,109]
[1597,109] 1 [1598,113]
[1598,113] 1 [1599,117]
[1599,117] 1 [1600,121]
[1600,121] 1 [1601,123]
[1601,123] 1 [1602,125]
[1602,125] 1 [1603,127]
[1603,127] 1 [1604,131]
[1604,131] 1 [1605,133]
[1605,133] 1 [1606,137]
[1606,137] 1 [1607,140]
[1607,140] 1 [1608,143]
[1608,143] 1 [1609,147]
[1609,147] 1 [1610,149]
[1610,149] 1 [1611,152]
[1611,152] 1 [1612,155]
[1612,155] 1 [1613,158]
[1613,158] 1 [1614,161]
[1614,161] 1 [1615,165]
[1615,165] 1 [1616,167]
[1616,167] 1 [1617,170]
[1617,170] 1 [1618,172]
[1618,172] 1 [1619,176]
[1619,176] 1 [1620,6]
[1620,6] 1 [1621,6]
[1621,6] 1 [1622,6]
[1622,6] 1 [1623,6]
[1623,6] 1 [1624,6]
[1624,6] 1 [1625,6]
[1625,6] 1 [1626,6]
[1626,6] 1 [1627,6]
[1627,6] 1 [1628,6]
[1628,6] 1 [1629,6]
[1629,6] 1 [1630,6]
[1630,6] 1 [1631,10]
[1631,10] 2 [1632,7]
[1632,7] 1 [1633,9]
[1633,9] 1 [1634,12]
[1634,12] 2 [1635,8]
[1635,8] 1 [1636,10]
[1636,10] 1 [1637,12]
[1637,12] 1 [1638,16]
[1638,16] 1 [1639,19]
[1639,19] 1 [1640,22]
[1640,22] 1 [1641,25]
[1641,25] 2 [1642,24]
[1642,24] 2 [1643,20]
[1643,20] 2 [1644,16]
[1644,16] 2 [1645,12]
[1645,12] 2 [1646,8]
[1646,8] 1 [1647,9]
[1647,9] 1 [1648,13]
[1648,13] 1 [1649,15]
[1649,15] 1 [1650,17]
[1650,17] 2 [1651,13]
[1651,13] 2 [1652,9]
[1652,9] 1 [1653,8]
[1653,8] 1 [1654,11]
[1654,11] 1 [1655,13]
[1655,13] 1 [1656,17]
[1656,17] 1 [1657,21]
[1657,21] 1 [1658,24]
[1658,24] 1 [1659,28]
[1659,28] 1 [1660,30]
[1660,30] 1 [1661,33]
[1661,33] 1 [1662,37]
[1662,37] 1 [1663,39]
[1663,39] 1 [1664,42]
[1664,42] 1 [1665,45]
[1665,45] 1 [1666,47]
[1666,47] 1 [1667,50]
[1667,50] 1 [1668,53]
[1668,53] 1 [1669,56]
[1669,56] 1 [1670,60]
[1670,60] 1 [1671,63]
[1671,63] 1 [1672,65]
[1672,65] 1 [1673,69]
[1673,69] 1 [1674,73]
[1674,73] 1 [1675,77]
[1675,77] 1 [1676,81]
[1676,81] 1 [1677,85]
[1677,85] 1 [1678,89]
[1678,89] 1 [1679,92]
[1679,92] 1 [1680,95]
[1680,95] 1 [1681,98]
[1681,98] 1 [1682,100]
[1682,100] 1 [1683,104]
[1683,104] 1 [1684,108]
[1684,108] 1 [1685,111]
[1685,111] 1 [1686,114]
[1686,114] 1 [1687,118]
[1687,118] 1 [1688,121]
[1688,121] 1 [1689,123]
[1689,123] 1 [1690,126]
[1690,126] 1 [1691,130]
[1691,130] 1 [1692,134]
[1692,134] 1 [1693,136]
[1693,136] 1 [1694,139]
[1694,139] 1 [1695,141]
[1695,141] 1 [1696,144]
[1696,144] 1 [1697,148]
[1697,148] 1 [1698,152]
[1698,152] 1 [1699,156]
[1699,156] 1 [1700,159]
[1700,159] 1 [1701,162]
[1701,162] 1 [1702,164]
[1702,164] 1 [1703,166]
[1703,166] 1 [1704,168]
[1704,168] 1 [1705,171]
[1705,171] 1 [1706,175]
[1706,175] 1 [1707,6]
[1707,6] 1 [1708,6]
[1708,6] 1 [1709,6]
[1709,6] 1 [1710,6]
[1710,6] 1 [1711,6]
[1711,6] 1 [1712,6]
[1712,6] 1 [1713,6]
[1713,6] 1 [1714,6]
[1714,6] 1 [1715,6]
[1715,6] 1 [1716,6]
[1716,6] 0 [1717,6]
[1717,6] 1 [1718,8]
[1718,8] 1 [1719,11]
[1719,11] 1 [1720,14]
[1720,14] 2 [1721,12]
[1721,12] 1 [1722,12]
[1722,12] 1 [1723,14]
[1723,14] 2 [1724,11]
[1724,11] 2 [1725,8]
[1725,8] 1 [1726,8]
[1726,8] 1 [1727,11]
[1727,11] 1 [1728,13]
[1728,13] 1 [1729,15]
[1729,15] 1 [1730,19]
[1730,19] 1 [1731,22]
[1731,22] 1 [1732,25]
[1732,25] 1 [1733,28]
[1733,28] 1 [1734,32]
[1734,32] 1 [1735,35]
[1735,35] 1 [1736,38]
[1736,38] 1 [1737,42]
[1737,42] 1 [1738,44]
[1738,44] 1 [1739,46]
[1739,46] 1 [1740,48]
[1740,48] 1 [1741,51]
[1741,51] 1 [1742,55]
[1742,55] 1 [1743,59]
[1743,59] 1 [1744,61]
[1744,61] 1 [1745,65]
[1745,65] 1 [1746,68]
[1746,68] 1 [1747,72]
[1747,72] 1 [1748,76]
[1748,76] 1 [1749,79]
[1749,79] 1 [1750,82]
[1750,82] 1 [1751,86]
[1751,86] 1 [1752,89]
[1752,89] 1 [1753,93]
[1753,93] 1 [1754,95]
[1754,95] 1 [1755,98]
[1755,98] 1 [1756,100]
[1756,100] 1 [1757,102]
[1757,102] 1 [1758,104]
[1758,104] 1 [1759,107]
[1759,107] 1 [1760,109]
[1760,109] 1 [1761,112]
[1761,112] 1 [1762,114]
[1762,114] 1 [1763,118]
[1763,118] 1 [1764,120]
[1764,120] 1 [1765,124]
[1765,124] 1 [1766,128]
[1766,128] 1 [1767,131]
[1767,131] 1 [1768,135]
[1768,135] 1 [1769,137]
[1769,137] 1 [1770,140]
[1770,140] 1 [1771,144]
[1771,144] 1 [1772,147]
[1772,147] 1 [1773,149]
[1773,149] 1 [1774,153]
[1774,153] 1 [1775,156]
[1775,156] 1 [1776,160]
[1776,160] 1 [1777,164]
[1777,164] 1 [1778,168]
[1778,168] 1 [1779,172]
[1779,172] 1 [1780,174]
[1780,174] 1 [1781,177]
[1781,177] 1 [1782,6]
[1782,6] 1 [1783,6]
[1783,6] 1 [1784,6]
[1784,6] 1 [1785,6]
[1785,6] 1 [1786,6]
[1786,6] 1 [1787,6]
[1787,6] 1 [1788,6]
[1788,6] 1 [1789,6]
[1789,6] 1 [1790,6]
[1790,6] 1 [1791,7]
[1791,7] 1 [1792,11]
[1792,11] 1 [1793,14]
[1793,14] 2 [1794,10]
[1794,10] 1 [1795,12]
[1795,12] 1 [1796,14]
[1796,14] 1 [1797,16]
[1797,16] 1 [1798,20]
[1798,20] 1 [1799,22]
[1799,22] 1 [1800,24]
[1800,24] 2 [1801,20]
[1801,20] 1 [1802,23]
[1802,23] 2 [1803,19]
[1803,19] 2 [1804,16]
[1804,16] 2 [1805,12]
[1805,12] 1 [1806,15]
[1806,15] 2 [1807,12]
[1807,12] 2 [1808,9]
[1808,9] 1 [1809,11]
[1809,11] 2 [1810,8]
[1810,8] 1 [1811,11]
[1811,11] 1 [1812,13]
[1812,13] 2 [1813,10]
[1813,10] 1 [1814,12]
[1814,12] 1 [1815,15]
[1815,15] 1 [1816,17]
[1816,17] 2 [1817,13]
[1817,13] 1 [1818,13]
[1818,13] 1 [1819,15]
[1819,15] 1 [1820,17]
[1820,17] 1 [1821,21]
[1821,21] 1 [1822,24]
[1822,24] 1 [1823,26]
[1823,26] 1 [1824,30]
[1824,30] 1 [1825,34]
[1825,34] 1 [1826,37]
[1826,37] 1 [1827,40]
[1827,40] 1 [1828,42]
[1828,42] 1 [1829,44]
[1829,44] 1 [1830,46]
[1830,46] 1 [1831,49]
[1831,49] 1 [1832,53]
[1832,53] 1 [1833,56]
[1833,56] 1 [1834,59]
[1834,59] 1 [1835,62]
[1835,62] 1 [1836,65]
[1836,65] 1 [1837,69]
[1837,69] 1 [1838,73]
[1838,73] 1 [1839,77]
[1839,77] 1 [1840,81]
[1840,81] 1 [1841,84]
[1841,84] 1 [1842,87]
[1842,87] 1 [1843,90]
[1843,90] 1 [1844,94]
[1844,94] 1 [1845,98]
[1845,98] 1 [1846,100]
[1846,100] 1 [1847,102]
[1847,102] 1 [1848,104]
[1848,104] 1 [1849,106]
[1849,106] 1 [1850,110]
[1850,110] 1 [1851,112]
[1851,112] 1 [1852,116]
[1852,116] 1 [1853,118]
[1853,118] 1 [1854,122]
[1854,122] 1 [1855,125]
[1855,125] 1 [1856,127]
[1856,127] 2 [1857,123]
[1857,123] 1 [1858,126]
[1858,126] 2 [1859,124]
[1859,124] 2 [1860,120]
[1860,120] 1 [1861,123]
[1861,123] 1 [1862,126]
[1862,126] 1 [1863,128]
[1863,128] 1 [1864,132]
[1864,132] 1 [1865,134]
[1865,134] 1 [1866,137]
[1866,137] 1 [1867,141]
[1867,141] 1 [1868,145]
[1868,145] 1 [1869,149]
[1869,149] 1 [1870,152]
[1870,152] 1 [1871,156]
[1871,156] 1 [1872,158]
[1872,158] 1 [1873,160]
[1873,160] 1 [1874,162]
[1874,162] 1 [1875,164]
[1875,164] 1 [1876,167]
[1876,167] 1 [1877,170]
[1877,170] 1 [1878,173]
[1878,173] 1 [1879,177]
[1879,177] 1 [1880,6]
[1880,6] 1 [1881,6]
[1881,6] 1 [1882,6]
[1882,6] 1 [1883,6]
[1883,6] 1 [1884,6]
[1884,6] 1 [1885,6]
[1885,6] 1 [1886,6]
[1886,6] 1 [1887,6]
[1887,6] 1 [1888,6]
[1888,6] 0 [1889,6]
[1889,6] 1 [1890,9]
[1890,9] 1 [1891,12]
[1891,12] 1 [1892,14]
[1892,14] 1 [1893,16]
[1893,16] 1 [1894,18]
[1894,18] 1 [1895,21]
[1895,21] 1 [1896,25]
[1896,25] 1 [1897,29]
[1897,29] 1 [1898,32]
[1898,32] 1 [1899,36]
[1899,36] 1 [1900,38]
[1900,38] 1 [1901,40]
[1901,40] 1 [1902,44]
[1902,44] 1 [1903,48]
[1903,48] 1 [1904,52]
[1904,52] 1 [1905,56]
[1905,56] 1 [1906,60]
[1906,60] 1 [1907,62]
[1907,62] 1 [1908,64]
[1908,64] 1 [1909,68]
[1909,68] 1 [1910,72]
[1910,72] 1 [1911,76]
[1911,76] 1 [1912,79]
[1912,79] 1 [1913,83]
[1913,83] 1 [1914,86]
[1914,86] 1 [1915,90]
[1915,90] 1 [1916,92]
[1916,92] 1 [1917,95]
[1917,95] 1 [1918,99]
[1918,99] 1 [1919,101]
[1919,101] 1 [1920,104]
[1920,104] 1 [1921,106]
[1921,106] 1 [1922,109]
[1922,109] 1 [1923,113]
[1923,113] 1 [1924,115]
[1924,115] 1 [1925,119]
[1925,119] 1 [1926,123]
[1926,123] 1 [1927,127]
[1927,127] 1 [1928,129]
[1928,129] 1 [1929,132]
[1929,132] 1 [1930,134]
[1930,134] 1 [1931,136]
[1931,136] 1 [1932,140]
[1932,140] 1 [1933,142]
[1933,142] 1 [1934,144]
[1934,144] 1 [1935,146]
[1935,146] 1 [1936,148]
[1936,148] 1 [1937,151]
[1937,151] 1 [1938,155]
[1938,155] 1 [1939,159]
[1939,159] 1 [1940,161]
[1940,161] 1 [1941,165]
[1941,165] 1 [1942,169]
[1942,169] 1 [1943,171]
[1943,171] 1 [1944,175]
[1944,175] 1 [1945,177]
[1945,177] 1 [1946,6]
[1946,6] 1 [1947,6]
[1947,6] 1 [1948,6]
[1948,6] 1 [1949,6]
[1949,6] 1 [1950,6]
[1950,6] 1 [1951,6]
[1951,6] 1 [1952,6]
[1952,6] 1 [1953,6]
[1953,6] 1 [1954,6]
[1954,6] 1 [1955,6]
[1955,6] 1 [1956,8]
[1956,8] 1 [1957,11]
[1957,11] 1 [1958,13]
[1958,13] 1 [1959,16]
[1959,16] 2 [1960,14]
[1960,14] 1 [1961,17]
[1961,17] 1 [1962,21]
[1962,21] 2 [1963,17]
[1963,17] 1 [1964,19]
[1964,19] 1 [1965,23]
[1965,23] 1 [1966,25]
[1966,25] 1 [1967,29]
[1967,29] 1 [1968,31]
[1968,31] 1 [1969,34]
[1969,34] 1 [1970,36]
[1970,36] 1 [1971,38]
[1971,38] 1 [1972,41]
[1972,41] 1 [1973,43]
[1973,43] 1 [1974,46]
[1974,46] 1 [1975,48]
[1975,48] 2 [1976,46]
[1976,46] 1 [1977,48]
[1977,48] 1 [1978,51]
[1978,51] 1 [1979,54]
[1979,54] 1 [1980,57]
[1980,57] 1 [1981,60]
[1981,60] 1 [1982,63]
[1982,63] 1 [1983,67]
[1983,67] 1 [1984,71]
[1984,71] 1 [1985,73]
[1985,73] 2 [1986,69]
[1986,69] 1 [1987,71]
[1987,71] 2 [1988,67]
[1988,67] 1 [1989,69]
[1989,69] 1 [1990,72]
[1990,72] 1 [1991,75]
[1991,75] 1 [1992,78]
[1992,78] 1 [1993,80]
[1993,80] 1 [1994,83]
[1994,83] 1 [1995,86]
[1995,86] 1 [1996,90]
[1996,90] 1 [1997,93]
[1997,93] 1 [1998,96]
[1998,96] 1 [1999,98]
[1999,98] 1 [2000,101]
[2000,101] 1 [2001,103]
[2001,103] 1 [2002,105]
[2002,105] 1 [2003,107]
[2003,107] 1 [2004,110]
[2004,110] 1 [2005,112]
[2005,112] 1 [2006,116]
[2006,116] 1 [2007,120]
[2007,120] 1 [2008,124]
[2008,124] 1 [2009,126]
[2009,126] 1 [2010,128]
[2010,128] 1 [2011,130]
[2011,130] 1 [2012,133]
[2012,133] 1 [2013,135]
[2013,135] 1 [2014,138]
[2014,138] 1 [2015,141]
[2015,141] 1 [2016,145]
[2016,145] 1 [2017,149]
[2017,149] 1 [2018,153]
[2018,153] 1 [2019,157]
[2019,157] 1 [2020,160]
[2020,160] 1 [2021,162]
[2021,162] 1 [2022,164]
[2022,164] 1 [2023,168]
[2023,168] 1 [2024,171]
[2024,171] 1 [2025,173]
[2025,173] 1 [2026,177]
[2026,177] 1 [2027,6]
[2027,6] 1 [2028,6]
[2028,6] 1 [2029,6]
[2029,6] 1 [2030,6]
[2030,6] 1 [2031,6]
[2031,6] 1 [2032,6]
[2032,6] 1 [2033,6]
[2033,6] 1 [2034,6]
[2034,6] 1 [2035,6]
[2035,6] 1 [2036,9]
[2036,9] 1 [2037,12]
[2037,12] 1 [2038,15]
[2038,15] 2 [2039,16]
[2039,16] 2 [2040,13]
[2040,13] 1 [2041,11]
[2041,11] 1 [2042,13]
[2042,13] 1 [2043,15]
[2043,15] 1 [2044,19]
[2044,19] 1 [2045,23]
[2045,23] 1 [2046,27]
[2046,27] 1 [2047,31]
[2047,31] 2 [2048,28]
[2048,28] 2 [2049,24]
[2049,24] 1 [2050,26]
[2050,26] 1 [2051,28]
[2051,28] 1 [2052,32]
[2052,32] 1 [2053,35]
[2053,35] 1 [2054,37]
[2054,37] 1 [2055,41]
[2055,41] 1 [2056,45]
[2056,45] 1 [2057,48]
[2057,48] 1 [2058,51]
[2058,51] 1 [2059,54]
[2059,54] 1 [2060,57]
[2060,57] 1 [2061,60]
[2061,60] 1 [2062,64]
[2062,64] 1 [2063,66]
[2063,66] 1 [2064,68]
[2064,68] 1 [2065,72]
[2065,72] 1 [2066,76]
[2066,76] 1 [2067,80]
[2067,80] 1 [2068,84]
[2068,84] 1 [2069,88]
[2069,88] 1 [2070,92]
[2070,92] 1 [2071,94]
[2071,94] 1 [2072,98]
[2072,98] 1 [2073,102]
[2073,102] 1 [2074,106]
[2074,106] 1 [2075,108]
[2075,108] 1 [2076,111]
[2076,111] 1 [2077,115]
[2077,115] 1 [2078,119]
[2078,119] 1 [2079,121]
[2079,121] 1 [2080,124]
[2080,124] 1 [2081,127]
[2081,127] 1 [2082,131]
[2082,131] 1 [2083,135]
[2083,135] 1 [2084,139]
[2084,139] 1 [2085,143]
[2085,143] 1 [2086,146]
[2086,146] 1 [2087,150]
[2087,150] 1 [2088,152]
[2088,152] 1 [2089,156]
[2089,156] 1 [2090,158]
[2090,158] 1 [2091,160]
[2091,160] 1 [2092,163]
[2092,163] 1 [2093,165]
[2093,165] 1 [2094,167]
[2094,167] 1 [2095,171]
[2095,171] 1 [2096,174]
[2096,174] 1 [2097,177]
[2097,177] 1 [2098,6]
[2098,6] 1 [2099,6]
[2099,6] 1 [2100,6]
[2100,6] 1 [2101,6]
[2101,6] 1 [2102,6]
[2102,6] 1 [2103,6]
[2103,6] 1 [2104,6]
[2104,6] 1 [2105,6]
[2105,6] 1 [2106,6]
[2106,6] 1 [2107,10]
[2107,10] 2 [2108,7]
[2108,7] 1 [2109,10]
[2109,10] 1 [2110,13]
[2110,13] 1 [2111,15]
[2111,15] 2 [2112,13]
[2112,13] 0 [2113,11]
[2113,11] 1 [2114,12]
[2114,12] 1 [2115,14]
[2115,14] 1 [2116,17]
[2116,17] 2 [2117,13]
[2117,13] 1 [2118,11]
[2118,11] 2 [2119,8]
[2119,8] 2 [2120,6]
[2120,6] 1 [2121,8]
[2121,8] 1 [2122,11]
[2122,11] 1 [2123,13]
[2123,13] 1 [2124,16]
[2124,16] 2 [2125,12]
[2125,12] 1 [2126,15]
[2126,15] 2 [2127,12]
[2127,12] 1 [2128,14]
[2128,14] 1 [2129,16]
[2129,16] 1 [2130,18]
[2130,18] 1 [2131,22]
[2131,22] 1 [2132,26]
[2132,26] 1 [2133,29]
[2133,29] 1 [2134,32]
[2134,32] 1 [2135,34]
[2135,34] 1 [2136,36]
[2136,36] 1 [2137,38]
[2137,38] 1 [2138,41]
[2138,41] 1 [2139,43]
[2139,43] 1 [2140,45]
[2140,45] 1 [2141,49]
[2141,49] 1 [2142,53]
[2142,53] 1 [2143,55]
[2143,55] 1 [2144,57]
[2144,57] 1 [2145,61]
[2145,61] 1 [2146,65]
[2146,65] 1 [2147,67]
[2147,67] 1 [2148,71]
[2148,71] 1 [2149,73]
[2149,73] 1 [2150,77]
[2150,77] 1 [2151,79]
[2151,79] 1 [2152,83]
[2152,83] 1 [2153,86]
[2153,86] 1 [2154,89]
[2154,89] 1 [2155,91]
[2155,91] 1 [2156,94]
[2156,94] 1 [2157,97]
[2157,97] 1 [2158,101]
[2158,101] 1 [2159,103]
[2159,103] 1 [2160,105]
[2160,105] 1 [2161,108]
[2161,108] 1 [2162,112]
[2162,112] 1 [2163,114]
[2163,114] 1 [2164,118]
[2164,118] 1 [2165,122]
[2165,122] 1 [2166,126]
[2166,126] 1 [2167,128]
[2167,128] 1 [2168,132]
[2168,132] 1 [2169,135]
[2169,135] 1 [2170,137]
[2170,137] 1 [2171,141]
[2171,141] 1 [2172,144]
[2172,144] 1 [2173,146]
[2173,146] 1 [2174,150]
[2174,150] 1 [2175,153]
[2175,153] 1 [2176,157]
[2176,157] 1 [2177,161]
[2177,161] 1 [2178,163]
[2178,163] 1 [2179,165]
[2179,165] 1 [2180,167]
[2180,167] 1 [2181,169]
[2181,169] 1 [2182,171]
[2182,171] 1 [2183,175]
[2183,175] 1 [2184,177]
[2184,177] 1 [2185,6]
[2185,6] 1 [2186,6]
[2186,6] 1 [2187,6]
[2187,6] 1 [2188,6]
[2188,6] 1 [2189,6]
[2189,6] 1 [2190,6]
[2190,6] 1 [2191,6]
[2191,6] 1 [2192,6]
[2192,6] 1 [2193,6]
[2193,6] 0 [2194,6]
[2194,6] 1 [2195,7]
[2195,7] 1 [2196,10]
[2196,10] 1 [2197,12]
[2197,12] 0 [2198,12]
[2198,12] 2 [2199,11]
[2199,11] 1 [2200,14]
[2200,14] 2 [2201,10]
[2201,10] 1 [2202,13]
[2202,13] 2 [2203,10]
[2203,10] 1 [2204,13]
[2204,13] 2 [2205,12]
[2205,12] 1 [2206,10]
[2206,10] 1 [2207,12]
[2207,12] 2 [2208,8]
[2208,8] 0 [2209,8]
[2209,8] 1 [2210,12]
[2210,12] 2 [2211,9]
[2211,9] 1 [2212,12]
[2212,12] 2 [2213,8]
[2213,8] 0 [2214,6]
[2214,6] 1 [2215,8]
[2215,8] 1 [2216,10]
[2216,10] 1 [2217,12]
[2217,12] 2 [2218,8]
[2218,8] 1 [2219,12]
[2219,12] 1 [2220,15]
[2220,15] 1 [2221,18]
[2221,18] 1 [2222,20]
[2222,20] 1 [2223,23]
[2223,23] 1 [2224,27]
[2224,27] 1 [2225,31]
[2225,31] 1 [2226,33]
[2226,33] 1 [2227,37]
[2227,37] 1 [2228,41]
[2228,41] 1 [2229,44]
[2229,44] 1 [2230,47]
[2230,47] 1 [2231,49]
[2231,49] 1 [2232,53]
[2232,53] 1 [2233,56]
[2233,56] 1 [2234,59]
[2234,59] 1 [2235,63]
[2235,63] 1 [2236,67]
[2236,67] 1 [2237,70]
[2237,70] 1 [2238,74]
[2238,74] 1 [2239,76]
[2239,76] 1 [2240,79]
[2240,79] 1 [2241,82]
[2241,82] 1 [2242,85]
[2242,85] 1 [2243,87]
[2243,87] 1 [2244,89]
[2244,89] 1 [2245,93]
[2245,93] 1 [2246,96]
[2246,96] 1 [2247,99]
[2247,99] 1 [2248,102]
[2248,102] 1 [2249,104]
[2249,104] 1 [2250,108]
[2250,108] 1 [2251,111]
[2251,111] 1 [2252,115]
[2252,115] 1 [2253,118]
[2253,118] 1 [2254,120]
[2254,120] 1 [2255,124]
[2255,124] 1 [2256,128]
[2256,128] 1 [2257,131]
[2257,131] 1 [2258,135]
[2258,135] 1 [2259,138]
[2259,138] 1 [2260,140]
[2260,140] 1 [2261,142]
[2261,142] 1 [2262,144]
[2262,144] 1 [2263,147]
[2263,147] 1 [2264,150]
[2264,150] 1 [2265,154]
[2265,154] 1 [2266,158]
[2266,158] 1 [2267,161]
[2267,161] 1 [2268,165]
[2268,165] 1 [2269,167]
[2269,167] 1 [2270,169]
[2270,169] 1 [2271,173]
[2271,173] 1 [2272,175]
[2272,175] 1 [2273,6]
[2273,6] 1 [2274,6]
[2274,6] 1 [2275,6]
[2275,6] 1 [2276,6]
[2276,6] 1 [2277,6]
[2277,6] 1 [2278,6]
[2278,6] 1 [2279,6]
[2279,6] 1 [2280,6]
[2280,6] 1 [2281,6]
[2281,6] 1 [2282,6]
[2282,6] 1 [2283,7]
[2283,7] 1 [2284,9]
[2284,9] 1 [2285,11]
[2285,11] 1 [2286,14]
[2286,14] 1 [2287,18]
[2287,18] 1 [2288,20]
[2288,20] 1 [2289,23]
[2289,23] 2 [2290,22]
[2290,22] 1 [2291,26]
[2291,26] 1 [2292,28]
[2292,28] 1 [2293,31]
[2293,31] 1 [2294,34]
[2294,34] 1 [2295,37]
[2295,37] 1 [2296,39]
[2296,39] 1 [2297,43]
[2297,43] 1 [2298,45]
[2298,45] 1 [2299,49]
[2299,49] 1 [2300,52]
[2300,52] 1 [2301,54]
[2301,54] 1 [2302,57]
[2302,57] 1 [2303,61]
[2303,61] 1 [2304,65]
[2304,65] 1 [2305,67]
[2305,67] 1 [2306,70]
[2306,70] 1 [2307,74]
[2307,74] 1 [2308,76]
[2308,76] 1 [2309,80]
[2309,80] 1 [2310,84]
[2310,84] 1 [2311,86]
[2311,86] 1 [2312,88]
[2312,88] 1 [2313,91]
[2313,91] 1 [2314,94]
[2314,94] 1 [2315,96]
[2315,96] 1 [2316,100]
[2316,100] 1 [2317,104]
[2317,104] 1 [2318,107]
[2318,107] 1 [2319,109]
[2319,109] 1 [2320,112]
[2320,112] 1 [2321,116]
[2321,116] 1 [2322,119]
[2322,119] 1 [2323,123]
[2323,123] 1 [2324,127]
[2324,127] 1 [2325,131]
[2325,131] 1 [2326,135]
[2326,135] 1 [2327,139]
[2327,139] 1 [2328,141]
[2328,141] 1 [2329,144]
[2329,144] 1 [2330,146]
[2330,146] 1 [2331,148]
[2331,148] 1 [2332,152]
[2332,152] 1 [2333,156]
[2333,156] 1 [2334,159]
[2334,159] 1 [2335,162]
[2335,162] 1 [2336,165]
[2336,165] 1 [2337,168]
[2337,168] 1 [2338,172]
[2338,172] 1 [2339,175]
[2339,175] 1 [2340,6]
[2340,6] 1 [2341,6]
[2341,6] 1 [2342,6]
[2342,6] 1 [2343,6]
[2343,6] 1 [2344,6]
[2344,6] 1 [2345,6]
[2345,6] 1 [2346,6]
[2346,6] 1 [2347,6]
[2347,6] 1 [2348,6]
[2348,6] 1 [2349,8]
[2349,8] 1 [2350,11]
[2350,11] 1 [2351,15]
[2351,15] 2 [2352,12]
[2352,12] 2 [2353,8]
[2353,8] 1 [2354,10]
[2354,10] 1 [2355,13]
[2355,13] 2 [2356,12]
[2356,12] 2 [2357,9]
[2357,9] 1 [2358,8]
[2358,8] 1 [2359,10]
[2359,10] 1 [2360,14]
[2360,14] 1 [2361,18]
[2361,18] 1 [2362,22]
[2362,22] 1 [2363,24]
[2363,24] 1 [2364,28]
[2364,28] 1 [2365,31]
[2365,31] 1 [2366,34]
[2366,34] 1 [2367,37]
[2367,37] 1 [2368,39]
[2368,39] 1 [2369,43]
[2369,43] 1 [2370,45]
[2370,45] 1 [2371,48]
[2371,48] 1 [2372,50]
[2372,50] 1 [2373,53]
[2373,53] 1 [2374,56]
[2374,56] 1 [2375,58]
[2375,58] 1 [2376,61]
[2376,61] 1 [2377,63]
[2377,63] 1 [2378,67]
[2378,67] 1 [2379,70]
[2379,70] 1 [2380,74]
[2380,74] 1 [2381,77]
[2381,77] 1 [2382,80]
[2382,80] 1 [2383,83]
[2383,83] 1 [2384,87]
[2384,87] 1 [2385,89]
[2385,89] 1 [2386,93]
[2386,93] 1 [2387,96]
[2387,96] 1 [2388,100]
[2388,100] 1 [2389,103]
[2389,103] 1 [2390,105]
[2390,105] 1 [2391,107]
[2391,107] 1 [2392,109]
[2392,109] 1 [2393,113]
[2393,113] 1 [2394,116]
[2394,116] 1 [2395,118]
[2395,118] 1 [2396,122]
[2396,122] 1 [2397,125]
[2397,125] 1 [2398,127]
[2398,127] 1 [2399,129]
[2399,129] 1 [2400,133]
[2400,133] 1 [2401,135]
[2401,135] 1 [2402,138]
[2402,138] 1 [2403,142]
[2403,142] 1 [2404,144]
[2404,144] 1 [2405,146]
[2405,146] 1 [2406,148]
[2406,148] 1 [2407,151]
[2407,151] 1 [2408,153]
[2408,153] 1 [2409,155]
[2409,155] 1 [2410,158]
[2410,158] 1 [2411,161]
[2411,161] 1 [2412,164]
[2412,164] 1 [2413,167]
[2413,167] 1 [2414,170]
[2414,170] 1 [2415,174]
[2415,174] 1 [2416,177]
[2416,177] 1 [2417,6]
[2417,6] 1 [2418,6]
[2418,6] 1 [2419,6]
[2419,6] 1 [2420,6]
[2420,6] 1 [2421,6]
[2421,6] 1 [2422,6]
[2422,6] 1 [2423,6]
[2423,6] 1 [2424,6]
[2424,6] 1 [2425,6]
[2425,6] 1 [2426,8]
[2426,8] 1 [2427,10]
[2427,10] 0 [2428,10]
[2428,10] 2 [2429,6]
[2429,6] 1 [2430,9]
[2430,9] 1 [2431,11]
[2431,11] 1 [2432,14]
[2432,14] 1 [2433,16]
[2433,16] 1 [2434,19]
[2434,19] 2 [2435,15]
[2435,15] 1 [2436,13]
[2436,13] 1 [2437,15]
[2437,15] 2 [2438,11]
[2438,11] 1 [2439,13]
[2439,13] 1 [2440,15]
[2440,15] 1 [2441,17]
[2441,17] 1 [2442,19]
[2442,19] 2 [2443,15]
[2443,15] 2 [2444,11]
[2444,11] 2 [2445,7]
[2445,7] 1 [2446,9]
[2446,9] 1 [2447,12]
[2447,12] 2 [2448,8]
[2448,8] 1 [2449,10]
[2449,10] 1 [2450,12]
[2450,12] 1 [2451,15]
[2451,15] 1 [2452,19]
[2452,19] 1 [2453,21]
[2453,21] 1 [2454,25]
[2454,25] 1 [2455,28]
[2455,28] 1 [2456,32]
[2456,32] 1 [2457,36]
[2457,36] 1 [2458,38]
[2458,38] 1 [2459,41]
[2459,41] 1 [2460,43]
[2460,43] 1 [2461,46]
[2461,46] 1 [2462,50]
[2462,50] 1 [2463,54]
[2463,54] 1 [2464,58]
[2464,58] 1 [2465,62]
[2465,62] 1 [2466,65]
[2466,65] 1 [2467,67]
[2467,67] 2 [2468,65]
[2468,65] 1 [2469,67]
[2469,67] 1 [2470,70]
[2470,70] 1 [2471,74]
[2471,74] 1 [2472,76]
[2472,76] 1 [2473,79]
[2473,79] 1 [2474,81]
[2474,81] 1 [2475,84]
[2475,84] 1 [2476,86]
[2476,86] 1 [2477,90]
[2477,90] 1 [2478,93]
[2478,93] 1 [2479,97]
[2479,97] 1 [2480,100]
[2480,100] 1 [2481,104]
[2481,104] 1 [2482,108]
[2482,108] 1 [2483,112]
[2483,112] 1 [2484,115]
[2484,115] 2 [2485,111]
[2485,111] 1 [2486,114]
[2486,114] 1 [2487,117]
[2487,117] 1 [2488,120]
[2488,120] 1 [2489,122]
[2489,122] 1 [2490,125]
[2490,125] 1 [2491,129]
[2491,129] 1 [2492,133]
[2492,133] 2 [2493,131]
[2493,131] 2 [2494,127]
[2494,127] 1 [2495,129]
[2495,129] 1 [2496,132]
[2496,132] 1 [2497,134]
[2497,134] 1 [2498,137]
[2498,137] 1 [2499,141]
[2499,141] 1 [2500,143]
[2500,143] 1 [2501,146]
[2501,146] 1 [2502,150]
[2502,150] 1 [2503,153]
[2503,153] 1 [2504,157]
[2504,157] 1 [2505,161]
[2505,161] 1 [2506,165]
[2506,165] 1 [2507,167]
[2507,167] 1 [2508,171]
[2508,171] 1 [2509,175]
[2509,175] 1 [2510,6]
[2510,6] 1 [2511,6]
[2511,6] 1 [2512,6]
[2512,6] 1 [2513,6]
[2513,6] 1 [2514,6]
[2514,6] 1 [2515,6]
[2515,6] 1 [2516,6]
[2516,6] 1 [2517,6]
[2517,6] 1 [2518,6]
[2518,6] 1 [2519,6]
[2519,6] 1 [2520,9]
[2520,9] 0 [2521,9]
[2521,9] 2 [2522,6]
[2522,6] 1 [2523,9]
[2523,9] 1 [2524,11]
[2524,11] 2 [2525,9]
[2525,9] 1 [2526,10]
[2526,10] 1 [2527,13]
[2527,13] 1 [2528,16]
[2528,16] 1 [2529,19]
[2529,19] 1 [2530,23]
[2530,23] 2 [2531,19]
[2531,19] 2 [2532,16]
[2532,16] 2 [2533,12]
[2533,12] 2 [2534,9]
[2534,9] 1 [2535,11]
[2535,11] 1 [2536,13]
[2536,13] 1 [2537,15]
[2537,15] 2 [2538,13]
[2538,13] 1 [2539,15]
[2539,15] 1 [2540,18]
[2540,18] 1 [2541,21]
[2541,21] 1 [2542,25]
[2542,25] 1 [2543,29]
[2543,29] 1 [2544,33]
[2544,33] 1 [2545,35]
[2545,35] 1 [2546,38]
[2546,38] 1 [2547,42]
[2547,42] 1 [2548,44]
[2548,44] 1 [2549,48]
[2549,48] 1 [2550,52]
[2550,52] 1 [2551,56]
[2551,56] 1 [2552,60]
[2552,60] 1 [2553,62]
[2553,62] 1 [2554,66]
[2554,66] 1 [2555,68]
[2555,68] 1 [2556,70]
[2556,70] 1 [2557,74]
[2557,74] 1 [2558,77]
[2558,77] 1 [2559,81]
[2559,81] 1 [2560,83]
[2560,83] 1 [2561,87]
[2561,87] 1 [2562,91]
[2562,91] 1 [2563,94]
[2563,94] 1 [2564,97]
[2564,97] 1 [2565,100]
[2565,100] 1 [2566,103]
[2566,103] 1 [2567,106]
[2567,106] 1 [2568,109]
[2568,109] 1 [2569,111]
[2569,111] 1 [2570,114]
[2570,114] 1 [2571,117]
[2571,117] 1 [2572,121]
[2572,121] 2 [2573,117]
[2573,117] 1 [2574,115]
[2574,115] 1 [2575,119]
[2575,119] 1 [2576,123]
[2576,123] 1 [2577,125]
[2577,125] 1 [2578,127]
[2578,127] 1 [2579,129]
[2579,129] 1 [2580,131]
[2580,131] 1 [2581,134]
[2581,134] 1 [2582,137]
[2582,137] 1 [2583,140]
[2583,140] 1 [2584,142]
[2584,142] 1 [2585,146]
[2585,146] 1 [2586,149]
[2586,149] 1 [2587,152]
[2587,152] 1 [2588,155]
[2588,155] 1 [2589,158]
[2589,158] 1 [2590,162]
[2590,162] 1 [2591,166]
[2591,166] 1 [2592,169]
[2592,169] 1 [2593,171]
[2593,171] 1 [2594,173]
[2594,173] 1 [2595,176]
[2595,176] 1 [2596,6]
[2596,6] 1 [2597,6]
[2597,6] 1 [2598,6]
[2598,6] 1 [2599,6]
[2599,6] 1 [2600,6]
[2600,6] 1 [2601,6]
[2601,6] 1 [2602,6]
[2602,6] 1 [2603,6]
[2603,6] 1 [2604,6]
[2604,6] 1 [2605,6]
[2605,6] 1 [2606,6]
[2606,6] 1 [2607,8]
[2607,8] 1 [2608,11]
[2608,11] 1 [2609,13]
[2609,13] 1 [2610,15]
[2610,15] 0 [2611,16]
[2611,16] 2 [2612,12]
[2612,12] 1 [2613,11]
[2613,11] 1 [2614,13]
[2614,13] 2 [2615,9]
[2615,9] 1 [2616,9]
[2616,9] 1 [2617,13]
[2617,13] 1 [2618,17]
[2618,17] 1 [2619,19]
[2619,19] 1 [2620,23]
[2620,23] 1 [2621,25]
[2621,25] 1 [2622,28]
[2622,28] 1 [2623,32]
[2623,32] 1 [2624,34]
[2624,34] 1 [2625,38]
[2625,38] 1 [2626,42]
[2626,42] 1 [2627,45]
[2627,45] 1 [2628,48]
[2628,48] 1 [2629,51]
[2629,51] 1 [2630,53]
[2630,53] 1 [2631,55]
[2631,55] 1 [2632,59]
[2632,59] 1 [2633,61]
[2633,61] 1 [2634,65]
[2634,65] 1 [2635,68]
[2635,68] 1 [2636,70]
[2636,70] 1 [2637,72]
[2637,72] 1 [2638,76]
[2638,76] 1 [2639,79]
[2639,79] 1 [2640,81]
[2640,81] 1 [2641,83]
[2641,83] 1 [2642,87]
[2642,87] 1 [2643,91]
[2643,91] 1 [2644,95]
[2644,95] 1 [2645,97]
[2645,97] 1 [2646,101]
[2646,101] 1 [2647,103]
[2647,103] 1 [2648,105]
[2648,105] 1 [2649,109]
[2649,109] 1 [2650,112]
[2650,112] 1 [2651,115]
[2651,115] 1 [2652,117]
[2652,117] 1 [2653,119]
[2653,119] 1 [2654,123]
[2654,123] 1 [2655,125]
[2655,125] 1 [2656,127]
[2656,127] 1 [2657,130]
[2657,130] 1 [2658,132]
[2658,132] 1 [2659,136]
[2659,136] 1 [2660,139]
[2660,139] 1 [2661,142]
[2661,142] 1 [2662,144]
[2662,144] 1 [2663,146]
[2663,146] 1 [2664,148]
[2664,148] 1 [2665,150]
[2665,150] 1 [2666,152]
[2666,152] 1 [2667,154]
[2667,154] 1 [2668,158]
[2668,158] 1 [2669,161]
[2669,161] 1 [2670,164]
[2670,164] 1 [2671,167]
[2671,167] 1 [2672,170]
[2672,170] 1 [2673,172]
[2673,172] 1 [2674,175]
