[0,6] 1 [1,10]
[1,10] 1 [2,14]
[2,14] 1 [3,16]
[3,16] 1 [4,19]
[4,19] 1 [5,23]
[5,23] 1 [6,26]
[6,26] 1 [7,28]
[7,28] 1 [8,32]
[8,32] 1 [9,34]
[9,34] 1 [10,38]
[10,38] 1 [11,40]
[11,40] 1 [12,44]
[12,44] 1 [13,47]
[13,47] 1 [14,50]
[14,50] 1 [15,54]
[15,54] 1 [16,57]
[16,57] 1 [17,59]
[17,59] 1 [18,63]
[18,63] 1 [19,65]
[19,65] 1 [20,67]
[20,67] 1 [21,69]
[21,69] 1 [22,71]
[22,71] 1 [23,75]
[23,75] 1 [24,77]
[24,77] 1 [25,80]
[25,80] 1 [26,84]
[26,84] 1 [27,87]
[27,87] 1 [28,89]
[28,89] 1 [29,93]
[29,93] 1 [30,95]
[30,95] 1 [31,98]
[31,98] 1 [32,102]
[32,102] 1 [33,104]
[33,104] 1 [34,106]
[34,106] 1 [35,110]
[35,110] 1 [36,113]
[36,113] 1 [37,115]
[37,115] 1 [38,119]
[38,119] 1 [39,123]
[39,123] 1 [40,126]
[40,126] 1 [41,129]
[41,129] 1 [42,131]
[42,131] 1 [43,135]
[43,135] 1 [44,137]
[44,137] 1 [45,141]
[45,141] 1 [46,143]
[46,143] 1 [47,146]
[47,146] 1 [48,148]
[48,148] 1 [49,150]
[49,150] 1 [50,154]
[50,154] 1 [51,158]
[51,158] 1 [52,161]
[52,161] 1 [53,164]
[53,164] 1 [54,168]
[54,168] 1 [55,172]
[55,172] 1 [56,175]
[56,175] 1 [57,6]
[57,6] 1 [58,6]
[58,6] 1 [59,6]
[59,6] 1 [60,6]
[60,6] 1 [61,6]
[61,6] 1 [62,6]
[62,6] 1 [63,6]
[63,6] 1 [64,6]
[64,6] 1 [65,6]
[65,6] 0 [66,6]
[66,6] 1 [67,8]
[67,8] 0 [68,8]
[68,8] 1 [69,10]
[69,10] 2 [70,6]
[70,6] 1 [71,8]
[71,8] 1 [72,11]
[72,11] 2 [73,9]
[73,9] 2 [74,6]
[74,6] 1 [75,9]
[75,9] 1 [76,12]
[76,12] 0 [77,13]
[77,13] 2 [78,9]
[78,9] 1 [79,11]
[79,11] 2 [80,10]
[80,10] 2 [81,6]
[81,6] 1 [82,8]
[82,8] 2 [83,6]
[83,6] 1 [84,9]
[84,9] 1 [85,13]
[85,13] 0 [86,14]
[86,14] 0 [87,14]
[87,14] 1 [88,17]
[88,17] 1 [89,21]
[89,21] 1 [90,23]
[90,23] 1 [91,25]
[91,25] 1 [92,29]
[92,29] 1 [93,33]
[93,33] 1 [94,37]
[94,37] 1 [95,41]
[95,41] 1 [96,45]
[96,45] 1 [97,47]
[97,47] 1 [98,49]
[98,49] 1 [99,53]
[99,53] 1 [100,56]
[100,56] 1 [101,58]
[101,58] 1 [102,61]
[102,61] 1 [103,64]
[103,64] 1 [104,68]
[104,68] 1 [105,71]
[105,71] 1 [106,75]
[106,75] 1 [107,77]
[107,77] 1 [108,79]
[108,79] 1 [109,81]
[109,81] 1 [110,84]
[110,84] 1 [111,86]
[111,86] 1 [112,90]
[112,90] 1 [113,93]
[113,93] 1 [114,96]
[114,96] 1 [115,100]
[115,100] 1 [116,104]
[116,104] 1 [117,108]
[117,108] 1 [118,110]
[118,110] 1 [119,114]
[119,114] 1 [120,117]
[120,117] 1 [121,119]
[121,119] 1 [122,122]
[122,122] 1 [123,125]
[123,125] 1 [124,127]
[124,127] 1 [125,130]
[125,130] 1 [126,134]
[126,134] 1 [127,138]
[127,138] 1 [128,140]
[128,140] 1 [129,144]
[129,144] 1 [130,148]
[130,148] 1 [131,150]
[131,150] 1 [132,153]
[132,153] 1 [133,155]
[133,155] 1 [134,158]
[134,158] 1 [135,162]
[135,162] 1 [136,166]
[136,166] 1 [137,170]
[137,170] 1 [138,173]
[138,173] 1 [139,176]
[139,176] 1 [140,6]
[140,6] 1 [141,6]
[141,6] 1 [142,6]
[142,6] 1 [143,6]
[143,6] 1 [144,6]
[144,6] 1 [145,6]
[145,6] 1 [146,6]
[146,6] 1 [147,6]
[147,6] 1 [148,6]
[148,6] 1 [149,8]
[149,8] 1 [150,12]
[150,12] 1 [151,14]
[151,14] 1 [152,17]
[152,17] 2 [153,15]
[153,15] 1 [154,18]
[154,18] 1 [155,20]
[155,20] 1 [156,23]
[156,23] 1 [157,25]
[157,25] 1 [158,28]
[158,28] 1 [159,32]
[159,32] 1 [160,36]
[160,36] 1 [161,40]
[161,40] 1 [162,42]
[162,42] 1 [163,46]
[163,46] 1 [164,49]
[164,49] 1 [165,53]
[165,53] 1 [166,55]
[166,55] 1 [167,57]
[167,57] 1 [168,60]
[168,60] 1 [169,63]
[169,63] 1 [170,66]
[170,66] 1 [171,68]
[171,68] 1 [172,71]
[172,71] 1 [173,74]
[173,74] 1 [174,76]
[174,76] 1 [175,80]
[175,80] 1 [176,82]
[176,82] 1 [177,85]
[177,85] 1 [178,89]
[178,89] 1 [179,93]
[179,93] 1 [180,97]
[180,97] 1 [181,101]
[181,101] 1 [182,104]
[182,104] 1 [183,106]
[183,106] 1 [184,110]
[184,110] 1 [185,112]
[185,112] 1 [186,115]
[186,115] 1 [187,117]
[187,117] 1 [188,120]
[188,120] 1 [189,124]
[189,124] 1 [190,127]
[190,127] 1 [191,130]
[191,130] 1 [192,133]
[192,133] 1 [193,137]
[193,137] 1 [194,141]
[194,141] 1 [195,144]
[195,144] 1 [196,147]
[196,147] 1 [197,150]
[197,150] 1 [198,152]
[198,152] 1 [199,156]
[199,156] 1 [200,159]
[200,159] 1 [201,162]
[201,162] 1 [202,165]
[202,165] 1 [203,168]
[203,168] 1 [204,170]
[204,170] 1 [205,174]
[205,174] 1 [206,177]
[206,177] 1 [207,6]
[207,6] 1 [208,6]
[208,6] 1 [209,6]
[209,6] 1 [210,6]
[210,6] 1 [211,6]
[211,6] 1 [212,6]
[212,6] 1 [213,6]
[213,6] 1 [214,6]
[214,6] 1 [215,6]
[215,6] 1 [216,8]
[216,8] 0 [217,8]
[217,8] 1 [218,11]
[218,11] 2 [219,7]
[219,7] 1 [220,10]
[220,10] 1 [221,12]
[221,12] 1 [222,14]
[222,14] 2 [223,10]
[223,10] 1 [224,12]
[224,12] 1 [225,15]
[225,15] 2 [226,12]
[226,12] 2 [227,8]
[227,8] 1 [228,11]
[228,11] 1 [229,13]
[229,13] 2 [230,9]
[230,9] 1 [231,11]
[231,11] 2 [232,11]
[232,11] 2 [233,9]
[233,9] 2 [234,6]
[234,6] 1 [235,8]
[235,8] 1 [236,11]
[236,11] 1 [237,13]
[237,13] 1 [238,16]
[238,16] 1 [239,18]
[239,18] 1 [240,22]
[240,22] 1 [241,25]
[241,25] 1 [242,27]
[242,27] 1 [243,29]
[243,29] 1 [244,32]
[244,32] 1 [245,34]
[245,34] 1 [246,36]
[246,36] 1 [247,40]
[247,40] 1 [248,42]
[248,42] 1 [249,46]
[249,46] 1 [250,48]
[250,48] 1 [251,51]
[251,51] 1 [252,55]
[252,55] 1 [253,57]
[253,57] 1 [254,60]
[254,60] 1 [255,64]
[255,64] 1 [256,66]
[256,66] 1 [257,69]
[257,69] 1 [258,72]
[258,72] 1 [259,75]
[259,75] 1 [260,77]
[260,77] 1 [261,80]
[261,80] 1 [262,83]
[262,83] 1 [263,86]
[263,86] 1 [264,90]
[264,90] 1 [265,94]
[265,94] 1 [266,96]
[266,96] 1 [267,99]
[267,99] 1 [268,102]
[268,102] 1 [269,106]
[269,106] 1 [270,108]
[270,108] 1 [271,111]
[271,111] 1 [272,115]
[272,115] 1 [273,118]
[273,118] 1 [274,122]
[274,122] 1 [275,124]
[275,124] 1 [276,128]
[276,128] 1 [277,132]
[277,132] 1 [278,134]
[278,134] 1 [279,136]
[279,136] 1 [280,139]
[280,139] 1 [281,141]
[281,141] 1 [282,143]
[282,143] 1 [283,147]
[283,147] 1 [284,150]
[284,150] 1 [285,153]
[285,153] 1 [286,157]
[286,157] 1 [287,161]
[287,161] 1 [288,163]
[288,163] 1 [289,165]
[289,165] 1 [290,167]
[290,167] 1 [291,169]
[291,169] 1 [292,172]
[292,172] 1 [293,174]
[293,174] 1 [294,176]
[294,176] 1 [295,6]
[295,6] 1 [296,6]
[296,6] 1 [297,6]
[297,6] 1 [298,6]
[298,6] 1 [299,6]
[299,6] 1 [300,6]
[300,6] 1 [301,6]
[301,6] 1 [302,7]
[302,7] 0 [303,7]
[303,7] 1 [304,9]
[304,9] 2 [305,7]
[305,7] 1 [306,7]
[306,7] 1 [307,11]
[307,11] 1 [308,13]
[308,13] 1 [309,15]
[309,15] 2 [310,13]
[310,13] 1 [311,15]
[311,15] 1 [312,17]
[312,17] 2 [313,13]
[313,13] 2 [314,9]
[314,9] 1 [315,9]
[315,9] 1 [316,11]
[316,11] 1 [317,13]
[317,13] 2 [318,10]
[318,10] 1 [319,12]
[319,12] 1 [320,15]
[320,15] 2 [321,12]
[321,12] 1 [322,13]
[322,13] 1 [323,17]
[323,17] 1 [324,21]
[324,21] 1 [325,24]
[325,24] 1 [326,28]
[326,28] 1 [327,30]
[327,30] 1 [328,32]
[328,32] 1 [329,34]
[329,34] 1 [330,38]
[330,38] 1 [331,40]
[331,40] 1 [332,42]
[332,42] 1 [333,44]
[333,44] 1 [334,46]
[334,46] 1 [335,48]
[335,48] 1 [336,51]
[336,51] 1 [337,54]
[337,54] 1 [338,56]
[338,56] 1 [339,60]
[339,60] 1 [340,63]
[340,63] 1 [341,66]
[341,66] 1 [342,69]
[342,69] 1 [343,72]
[343,72] 1 [344,75]
[344,75] 1 [345,78]
[345,78] 1 [346,82]
[346,82] 1 [347,84]
[347,84] 1 [348,87]
[348,87] 1 [349,89]
[349,89] 1 [350,91]
[350,91] 1 [351,94]
[351,94] 1 [352,96]
[352,96] 1 [353,99]
[353,99] 1 [354,102]
[354,102] 1 [355,106]
[355,106] 1 [356,109]
[356,109] 1 [357,113]
[357,113] 2 [358,113]
[358,113] 2 [359,111]
[359,111] 2 [360,107]
[360,107] 1 [361,108]
[361,108] 1 [362,111]
[362,111] 1 [363,114]
[363,114] 1 [364,118]
[364,118] 1 [365,120]
[365,120] 1 [366,124]
[366,124] 1 [367,127]
[367,127] 1 [368,130]
[368,130] 1 [369,134]
[369,134] 1 [370,136]
[370,136] 1 [371,140]
[371,140] 1 [372,144]
[372,144] 1 [373,146]
[373,146] 1 [374,148]
[374,148] 1 [375,151]
[375,151] 1 [376,155]
[376,155] 1 [377,157]
[377,157] 1 [378,160]
[378,160] 1 [379,163]
[379,163] 1 [380,165]
[380,165] 1 [381,168]
[381,168] 1 [382,170]
[382,170] 1 [383,172]
[383,172] 1 [384,175]
[384,175] 1 [385,6]
[385,6] 1 [386,6]
[386,6] 1 [387,6]
[387,6] 1 [388,6]
[388,6] 1 [389,6]
[389,6] 1 [390,6]
[390,6] 1 [391,6]
[391,6] 1 [392,6]
[392,6] 1 [393,6]
[393,6] 1 [394,6]
[394,6] 1 [395,7]
[395,7] 1 [396,9]
[396,9] 0 [397,10]
[397,10] 1 [398,14]
[398,14] 1 [399,16]
[399,16] 1 [400,20]
[400,20] 1 [401,23]
[401,23] 2 [402,19]
[402,19] 2 [403,15]
[403,15] 2 [404,11]
[404,11] 1 [405,13]
[405,13] 1 [406,15]
[406,15] 2 [407,11]
[407,11] 1 [408,13]
[408,13] 1 [409,17]
[409,17] 2 [410,13]
[410,13] 1 [411,15]
[411,15] 2 [412,11]
[412,11] 1 [413,14]
[413,14] 1 [414,17]
[414,17] 1 [415,19]
[415,19] 1 [416,21]
[416,21] 1 [417,23]
[417,23] 1 [418,25]
[418,25] 1 [419,29]
[419,29] 1 [420,33]
[420,33] 1 [421,36]
[421,36] 1 [422,38]
[422,38] 1 [423,40]
[423,40] 1 [424,44]
[424,44] 1 [425,47]
[425,47] 1 [426,49]
[426,49] 1 [427,51]
[427,51] 1 [428,54]
[428,54] 1 [429,57]
[429,57] 1 [430,60]
[430,60] 1 [431,63]
[431,63] 1 [432,66]
[432,66] 1 [433,70]
[433,70] 1 [434,73]
[434,73] 1 [435,77]
[435,77] 1 [436,80]
[436,80] 1 [437,82]
[437,82] 1 [438,85]
[438,85] 1 [439,87]
[439,87] 1 [440,89]
[440,89] 1 [441,91]
[441,91] 1 [442,93]
[442,93] 1 [443,97]
[443,97] 1 [444,100]
[444,100] 1 [445,102]
[445,102] 1 [446,104]
[446,104] 1 [447,108]
[447,108] 1 [448,110]
[448,110] 1 [449,113]
[449,113] 1 [450,116]
[450,116] 1 [451,119]
[451,119] 1 [452,123]
[452,123] 2 [453,119]
[453,119] 1 [454,117]
[454,117] 1 [455,121]
[455,121] 1 [456,123]
[456,123] 1 [457,126]
[457,126] 1 [458,128]
[458,128] 1 [459,132]
[459,132] 1 [460,135]
[460,135] 1 [461,138]
[461,138] 1 [462,142]
[462,142] 1 [463,145]
[463,145] 1 [464,147]
[464,147] 1 [465,151]
[465,151] 1 [466,153]
[466,153] 1 [467,155]
[467,155] 1 [468,159]
[468,159] 1 [469,162]
[469,162] 1 [470,164]
[470,164] 1 [471,166]
[471,166] 1 [472,168]
[472,168] 1 [473,170]
[473,170] 1 [474,173]
[474,173] 1 [475,175]
[475,175] 1 [476,6]
[476,6] 1 [477,6]
[477,6] 1 [478,6]
[478,6] 1 [479,6]
[479,6] 1 [480,6]
[480,6] 1 [481,6]
[481,6] 1 [482,6]
[482,6] 1 [483,6]
[483,6] 1 [484,6]
[484,6] 1 [485,8]
[485,8] 1 [486,11]
[486,11] 0 [487,11]
[487,11] 2 [488,7]
[488,7] 1 [489,7]
[489,7] 1 [490,11]
[490,11] 2 [491,8]
[491,8] 1 [492,8]
[492,8] 1 [493,12]
[493,12] 1 [494,16]
[494,16] 1 [495,18]
[495,18] 1 [496,22]
[496,22] 1 [497,25]
[497,25] 1 [498,27]
[498,27] 1 [499,29]
[499,29] 1 [500,32]
[500,32] 1 [501,36]
[501,36] 1 [502,38]
[502,38] 1 [503,42]
[503,42] 1 [504,46]
[504,46] 1 [505,48]
[505,48] 1 [506,50]
[506,50] 1 [507,53]
[507,53] 1 [508,56]
[508,56] 1 [509,59]
[509,59] 1 [510,63]
[510,63] 1 [511,66]
[511,66] 1 [512,68]
[512,68] 1 [513,72]
[513,72] 1 [514,74]
[514,74] 1 [515,78]
[515,78] 1 [516,81]
[516,81] 1 [517,83]
[517,83] 1 [518,85]
[518,85] 1 [519,87]
[519,87] 1 [520,91]
[520,91] 1 [521,94]
[521,94] 1 [522,97]
[522,97] 1 [523,101]
[523,101] 1 [524,103]
[524,103] 1 [525,107]
[525,107] 1 [526,109]
[526,109] 1 [527,113]
[527,113] 1 [528,116]
[528,116] 1 [529,119]
[529,119] 1 [530,121]
[530,121] 1 [531,125]
[531,125] 1 [532,128]
[532,128] 1 [533,131]
[533,131] 1 [534,134]
[534,134] 1 [535,138]
[535,138] 1 [536,141]
[536,141] 1 [537,143]
[537,143] 1 [538,146]
[538,146] 1 [539,148]
[539,148] 1 [540,152]
[540,152] 1 [541,156]
[541,156] 1 [542,160]
[542,160] 1 [543,162]
[543,162] 1 [544,165]
[544,165] 1 [545,168]
[545,168] 1 [546,172]
[546,172] 1 [547,176]
[547,176] 1 [548,6]
[548,6] 1 [549,6]
[549,6] 1 [550,6]
[550,6] 1 [551,6]
[551,6] 1 [552,6]
[552,6] 1 [553,6]
[553,6] 1 [554,6]
[554,6] 1 [555,6]
[555,6] 1 [556,6]
[556,6] 1 [557,6]
[557,6] 1 [558,8]
[558,8] 1 [559,12]
[559,12] 0 [560,12]
[560,12] 1 [561,15]
[561,15] 1 [562,17]
[562,17] 1 [563,20]
[563,20] 1 [564,23]
[564,23] 0 [565,23]
[565,23] 1 [566,25]
[566,25] 1 [567,27]
[567,27] 1 [568,31]
[568,31] 1 [569,35]
[569,35] 1 [570,38]
[570,38] 1 [571,42]
[571,42] 1 [572,44]
[572,44] 1 [573,47]
[573,47] 1 [574,51]
[574,51] 1 [575,53]
[575,53] 1 [576,56]
[576,56] 1 [577,59]
[577,59] 1 [578,61]
[578,61] 1 [579,64]
[579,64] 1 [580,67]
[580,67] 1 [581,71]
[581,71] 1 [582,74]
[582,74] 1 [583,76]
[583,76] 1 [584,80]
[584,80] 1 [585,82]
[585,82] 1 [586,86]
[586,86] 1 [587,89]
[587,89] 1 [588,93]
[588,93] 1 [589,97]
[589,97] 1 [590,99]
[590,99] 1 [591,102]
[591,102] 1 [592,105]
[592,105] 1 [593,108]
[593,108] 1 [594,111]
[594,111] 1 [595,115]
[595,115] 1 [596,117]
[596,117] 1 [597,120]
[597,120] 1 [598,124]
[598,124] 1 [599,128]
[599,128] 1 [600,132]
[600,132] 1 [601,134]
[601,134] 1 [602,136]
[602,136] 1 [603,140]
[603,140] 1 [604,143]
[604,143] 1 [605,145]
[605,145] 1 [606,149]
[606,149] 1 [607,152]
[607,152] 1 [608,154]
[608,154] 1 [609,157]
[609,157] 1 [610,161]
[610,161] 1 [611,163]
[611,163] 1 [612,165]
[612,165] 1 [613,167]
[613,167] 1 [614,169]
[614,169] 1 [615,173]
[615,173] 1 [616,176]
[616,176] 1 [617,6]
[617,6] 1 [618,6]
[618,6] 1 [619,6]
[619,6] 1 [620,6]
[620,6] 1 [621,6]
[621,6] 1 [622,6]
[622,6] 1 [623,6]
[623,6] 1 [624,6]
[624,6] 1 [625,6]
[625,6] 1 [626,6]
[626,6] 1 [627,8]
[627,8] 0 [628,8]
[628,8] 1 [629,10]
[629,10] 2 [630,6]
[630,6] 1 [631,8]
[631,8] 1 [632,10]
[632,10] 1 [633,13]
[633,13] 1 [634,16]
[634,16] 1 [635,20]
[635,20] 1 [636,24]
[636,24] 1 [637,27]
[637,27] 2 [638,23]
[638,23] 1 [639,24]
[639,24] 1 [640,27]
[640,27] 1 [641,30]
[641,30] 1 [642,34]
[642,34] 1 [643,38]
[643,38] 1 [644,41]
[644,41] 1 [645,44]
[645,44] 1 [646,46]
[646,46] 1 [647,49]
[647,49] 1 [648,51]
[648,51] 1 [649,53]
[649,53] 1 [650,57]
[650,57] 1 [651,59]
[651,59] 1 [652,62]
[652,62] 1 [653,64]
[653,64] 1 [654,67]
[654,67] 1 [655,69]
[655,69] 1 [656,72]
[656,72] 1 [657,76]
[657,76] 1 [658,78]
[658,78] 1 [659,81]
[659,81] 1 [660,83]
[660,83] 1 [661,86]
[661,86] 1 [662,89]
[662,89] 1 [663,91]
[663,91] 1 [664,93]
[664,93] 1 [665,97]
[665,97] 1 [666,99]
[666,99] 1 [667,103]
[667,103] 1 [668,106]
[668,106] 1 [669,108]
[669,108] 1 [670,110]
[670,110] 1 [671,113]
[671,113] 1 [672,115]
[672,115] 1 [673,117]
[673,117] 1 [674,120]
[674,120] 1 [675,122]
[675,122] 1 [676,126]
[676,126] 1 [677,129]
[677,129] 1 [678,133]
[678,133] 1 [679,136]
[679,136] 1 [680,138]
[680,138] 1 [681,140]
[681,140] 1 [682,144]
[682,144] 1 [683,147]
[683,147] 1 [684,151]
[684,151] 1 [685,153]
[685,153] 1 [686,157]
[686,157] 1 [687,159]
[687,159] 1 [688,163]
[688,163] 1 [689,166]
[689,166] 1 [690,168]
[690,168] 1 [691,171]
[691,171] 1 [692,173]
[692,173] 1 [693,175]
[693,175] 1 [694,6]
[694,6] 1 [695,6]
[695,6] 1 [696,6]
[696,6] 1 [697,6]
[697,6] 1 [698,6]
[698,6] 1 [699,6]
[699,6] 1 [700,6]
[700,6] 1 [701,6]
[701,6] 1 [702,6]
[702,6] 1 [703,6]
[703,6] 1 [704,9]
[704,9] 1 [705,12]
[705,12] 0 [706,12]
[706,12] 2 [707,8]
[707,8] 1 [708,12]
[708,12] 1 [709,14]
[709,14] 1 [710,18]
[710,18] 1 [711,20]
[711,20] 1 [712,22]
[712,22] 1 [713,24]
[713,24] 1 [714,27]
[714,27] 1 [715,31]
[715,31] 1 [716,35]
[716,35] 1 [717,38]
[717,38] 1 [718,41]
[718,41] 1 [719,44]
[719,44] 1 [720,47]
[720,47] 1 [721,51]
[721,51] 1 [722,54]
[722,54] 1 [723,58]
[723,58] 1 [724,60]
[724,60] 1 [725,64]
[725,64] 1 [726,66]
[726,66] 1 [727,68]
[727,68] 1 [728,70]
[728,70] 1 [729,72]
[729,72] 1 [730,76]
[730,76] 1 [731,79]
[731,79] 1 [732,81]
[732,81] 1 [733,83]
[733,83] 1 [734,87]
[734,87] 1 [735,91]
[735,91] 1 [736,95]
[736,95] 1 [737,97]
[737,97] 1 [738,100]
[738,100] 1 [739,103]
[739,103] 1 [740,106]
[740,106] 1 [741,108]
[741,108] 1 [742,110]
[742,110] 1 [743,114]
[743,114] 1 [744,117]
[744,117] 1 [745,120]
[745,120] 1 [746,124]
[746,124] 1 [747,127]
[747,127] 1 [748,130]
[748,130] 1 [749,133]
[749,133] 1 [750,136]
[750,136] 1 [751,139]
[751,139] 1 [752,143]
[752,143] 1 [753,146]
[753,146] 1 [754,149]
[754,149] 1 [755,151]
[755,151] 1 [756,154]
[756,154] 1 [757,157]
[757,157] 1 [758,160]
[758,160] 1 [759,163]
[759,163] 1 [760,165]
[760,165] 1 [761,169]
[761,169] 1 [762,173]
[762,173] 1 [763,177]
[763,177] 1 [764,6]
[764,6] 1 [765,6]
[765,6] 1 [766,6]
[766,6] 1 [767,6]
[767,6] 1 [768,6]
[768,6] 1 [769,6]
[769,6] 1 [770,6]
[770,6] 1 [771,6]
[771,6] 1 [772,6]
[772,6] 1 [773,8]
[773,8] 1 [774,11]
[774,11] 1 [775,14]
[775,14] 1 [776,18]
[776,18] 1 [777,20]
[777,20] 1 [778,22]
[778,22] 1 [779,24]
[779,24] 1 [780,27]
[780,27] 1 [781,31]
[781,31] 1 [782,34]
[782,34] 1 [783,38]
[783,38] 1 [784,41]
[784,41] 1 [785,45]
[785,45] 1 [786,47]
[786,47] 1 [787,51]
[787,51] 1 [788,53]
[788,53] 1 [789,57]
[789,57] 1 [790,61]
[790,61] 1 [791,64]
[791,64] 1 [792,68]
[792,68] 1 [793,72]
[793,72] 1 [794,74]
[794,74] 1 [795,76]
[795,76] 1 [796,80]
[796,80] 1 [797,84]
[797,84] 1 [798,87]
[798,87] 1 [799,89]
[799,89] 1 [800,91]
[800,91] 1 [801,95]
[801,95] 1 [802,97]
[802,97] 1 [803,99]
[803,99] 1 [804,103]
[804,103] 1 [805,105]
[805,105] 1 [806,107]
[806,107] 1 [807,109]
[807,109] 1 [808,113]
[808,113] 1 [809,117]
[809,117] 1 [810,119]
[810,119] 1 [811,122]
[811,122] 1 [812,124]
[812,124] 1 [813,128]
[813,128] 1 [814,132]
[814,132] 1 [815,134]
[815,134] 1 [816,138]
[816,138] 1 [817,141]
[817,141] 1 [818,144]
[818,144] 1 [819,147]
[819,147] 1 [820,149]
[820,149] 1 [821,151]
[821,151] 1 [822,154]
[822,154] 1 [823,157]
[823,157] 1 [824,160]
[824,160] 1 [825,162]
[825,162] 1 [826,165]
[826,165] 1 [827,168]
[827,168] 1 [828,170]
[828,170] 1 [829,173]
[829,173] 1 [830,175]
[830,175] 1 [831,177]
[831,177] 1 [832,6]
[832,6] 1 [833,6]
[833,6] 1 [834,6]
[834,6] 1 [835,6]
[835,6] 1 [836,6]
[836,6] 1 [837,6]
[837,6] 1 [838,6]
[838,6] 1 [839,6]
[839,6] 1 [840,6]
[840,6] 0 [841,6]
[841,6] 1 [842,7]
[842,7] 1 [843,9]
[843,9] 1 [844,11]
[844,11] 2 [845,7]
[845,7] 1 [846,9]
[846,9] 1 [847,11]
[847,11] 2 [848,9]
[848,9] 1 [849,9]
[849,9] 1 [850,11]
[850,11] 2 [851,8]
[851,8] 1 [852,10]
[852,10] 1 [853,12]
[853,12] 2 [854,11]
[854,11] 2 [855,8]
[855,8] 1 [856,10]
[856,10] 1 [857,13]
[857,13] 1 [858,16]
[858,16] 1 [859,20]
[859,20] 1 [860,24]
[860,24] 1 [861,27]
[861,27] 1 [862,29]
[862,29] 1 [863,33]
[863,33] 1 [864,35]
[864,35] 1 [865,37]
[865,37] 1 [866,41]
[866,41] 1 [867,44]
[867,44] 1 [868,48]
[868,48] 1 [869,50]
[869,50] 1 [870,52]
[870,52] 1 [871,54]
[871,54] 1 [872,58]
[872,58] 1 [873,61]
[873,61] 1 [874,63]
[874,63] 1 [875,66]
[875,66] 1 [876,68]
[876,68] 1 [877,70]
[877,70] 1 [878,73]
[878,73] 1 [879,76]
[879,76] 1 [880,78]
[880,78] 1 [881,82]
[881,82] 1 [882,85]
[882,85] 1 [883,89]
[883,89] 1 [884,91]
[884,91] 1 [885,93]
[885,93] 1 [886,95]
[886,95] 1 [887,99]
[887,99] 1 [888,102]
[888,102] 1 [889,105]
[889,105] 1 [890,109]
[890,109] 1 [891,113]
[891,113] 1 [892,116]
[892,116] 1 [893,119]
[893,119] 1 [894,121]
[894,121] 1 [895,123]
[895,123] 1 [896,127]
[896,127] 1 [897,131]
[897,131] 1 [898,134]
[898,134] 1 [899,137]
[899,137] 1 [900,139]
[900,139] 1 [901,141]
[901,141] 1 [902,144]
[902,144] 1 [903,148]
[903,148] 1 [904,150]
[904,150] 1 [905,153]
[905,153] 1 [906,156]
[906,156] 1 [907,160]
[907,160] 1 [908,162]
[908,162] 1 [909,164]
[909,164] 1 [910,167]
[910,167] 1 [911,171]
[911,171] 1 [912,175]
[912,175] 1 [913,177]
[913,177] 1 [914,6]
[914,6] 1 [915,6]
[915,6] 1 [916,6]
[916,6] 1 [917,6]
[917,6] 1 [918,6]
[918,6] 1 [919,6]
[919,6] 1 [920,6]
[920,6] 1 [921,6]
[921,6] 1 [922,6]
[922,6] 1 [923,6]
[923,6] 1 [924,9]
[924,9] 2 [925,6]
[925,6] 1 [926,8]
[926,8] 1 [927,11]
[927,11] 1 [928,15]
[928,15] 1 [929,17]
[929,17] 1 [930,20]
[930,20] 1 [931,23]
[931,23] 1 [932,26]
[932,26] 1 [933,28]
[933,28] 1 [934,32]
[934,32] 1 [935,34]
[935,34] 1 [936,38]
[936,38] 1 [937,41]
[937,41] 1 [938,43]
[938,43] 1 [939,47]
[939,47] 1 [940,51]
[940,51] 1 [941,55]
[941,55] 1 [942,58]
[942,58] 1 [943,62]
[943,62] 1 [944,64]
[944,64] 1 [945,68]
[945,68] 1 [946,71]
[946,71] 1 [947,74]
[947,74] 1 [948,77]
[948,77] 1 [949,79]
[949,79] 1 [950,82]
[950,82] 1 [951,84]
[951,84] 1 [952,87]
[952,87] 1 [953,89]
[953,89] 1 [954,91]
[954,91] 1 [955,95]
[955,95] 1 [956,97]
[956,97] 1 [957,100]
[957,100] 1 [958,102]
[958,102] 1 [959,106]
[959,106] 1 [960,110]
[960,110] 1 [961,113]
[961,113] 1 [962,116]
[962,116] 1 [963,119]
[963,119] 1 [964,121]
[964,121] 1 [965,124]
[965,124] 1 [966,128]
[966,128] 1 [967,132]
[967,132] 1 [968,135]
[968,135] 1 [969,138]
[969,138] 1 [970,141]
[970,141] 1 [971,145]
[971,145] 1 [972,148]
[972,148] 1 [973,150]
[973,150] 1 [974,153]
[974,153] 1 [975,157]
[975,157] 1 [976,160]
[976,160] 1 [977,164]
[977,164] 1 [978,167]
[978,167] 1 [979,170]
[979,170] 1 [980,173]
[980,173] 1 [981,175]
[981,175] 1 [982,177]
[982,177] 1 [983,6]
[983,6] 1 [984,6]
[984,6] 1 [985,6]
[985,6] 1 [986,6]
[986,6] 1 [987,6]
[987,6] 1 [988,6]
[988,6] 1 [989,6]
[989,6] 1 [990,6]
[990,6] 1 [991,6]
[991,6] 1 [992,7]
[992,7] 0 [993,7]
[993,7] 0 [994,7]
[994,7] 1 [995,10]
[995,10] 1 [996,12]
[996,12] 1 [997,15]
[997,15] 1 [998,18]
[998,18] 1 [999,21]
[999,21] 2 [1000,17]
[1000,17] 1 [1001,19]
[1001,19] 2 [1002,15]
[1002,15] 2 [1003,12]
[1003,12] 1 [1004,15]
[1004,15] 2 [1005,12]
[1005,12] 2 [1006,8]
[1006,8] 1 [1007,10]
[1007,10] 1 [1008,13]
[1008,13] 1 [1009,15]
[1009,15] 2 [1010,11]
[1010,11] 2 [1011,7]
[1011,7] 1 [1012,9]
[1012,9] 1 [1013,11]
[1013,11] 1 [1014,14]
[1014,14] 1 [1015,18]
[1015,18] 1 [1016,22]
[1016,22] 1 [1017,25]
[1017,25] 2 [1018,21]
[1018,21] 1 [1019,23]
[1019,23] 1 [1020,25]
[1020,25] 1 [1021,28]
[1021,28] 1 [1022,32]
[1022,32] 1 [1023,36]
[1023,36] 1 [1024,40]
[1024,40] 1 [1025,42]
[1025,42] 1 [1026,44]
[1026,44] 1 [1027,47]
[1027,47] 1 [1028,50]
[1028,50] 1 [1029,53]
[1029,53] 1 [1030,57]
[1030,57] 1 [1031,60]
[1031,60] 1 [1032,63]
[1032,63] 1 [1033,65]
[1033,65] 1 [1034,69]
[1034,69] 1 [1035,72]
[1035,72] 1 [1036,76]
[1036,76] 1 [1037,80]
[1037,80] 1 [1038,82]
[1038,82] 1 [1039,85]
[1039,85] 1 [1040,87]
[1040,87] 1 [1041,90]
[1041,90] 1 [1042,92]
[1042,92] 1 [1043,96]
[1043,96] 1 [1044,100]
[1044,100] 1 [1045,102]
[1045,102] 1 [1046,106]
[1046,106] 1 [1047,110]
[1047,110] 1 [1048,114]
[1048,114] 1 [1049,117]
[1049,117] 1 [1050,120]
[1050,120] 1 [1051,122]
[1051,122] 1 [1052,124]
[1052,124] 1 [1053,127]
[1053,127] 1 [1054,129]
[1054,129] 1 [1055,132]
[1055,132] 1 [1056,135]
[1056,135] 1 [1057,137]
[1057,137] 1 [1058,139]
[1058,139] 1 [1059,142]
[1059,142] 1 [1060,145]
[1060,145] 1 [1061,148]
[1061,148] 1 [1062,150]
[1062,150] 1 [1063,154]
[1063,154] 1 [1064,158]
[1064,158] 1 [1065,161]
[1065,161] 1 [1066,163]
[1066,163] 1 [1067,167]
[1067,167] 1 [1068,170]
[1068,170] 1 [1069,172]
[1069,172] 1 [1070,175]
[1070,175] 1 [1071,177]
[1071,177] 1 [1072,6]
[1072,6] 1 [1073,6]
[1073,6] 1 [1074,6]
[1074,6] 1 [1075,6]
[1075,6] 1 [1076,6]
[1076,6] 1 [1077,6]
[1077,6] 1 [1078,6]
[1078,6] 1 [1079,6]
[1079,6] 1 [1080,8]
[1080,8] 2 [1081,6]
[1081,6] 1 [1082,8]
[1082,8] 1 [1083,12]
[1083,12] 1 [1084,15]
[1084,15] 0 [1085,16]
[1085,16] 2 [1086,12]
[1086,12] 1 [1087,15]
[1087,15] 2 [1088,12]
[1088,12] 1 [1089,12]
[1089,12] 2 [1090,9]
[1090,9] 1 [1091,11]
[1091,11] 1 [1092,13]
[1092,13] 1 [1093,16]
[1093,16] 1 [1094,18]
[1094,18] 1 [1095,20]
[1095,20] 1 [1096,22]
[1096,22] 1 [1097,24]
[1097,24] 1 [1098,26]
[1098,26] 1 [1099,30]
[1099,30] 1 [1100,32]
[1100,32] 1 [1101,36]
[1101,36] 1 [1102,38]
[1102,38] 1 [1103,42]
[1103,42] 1 [1104,44]
[1104,44] 1 [1105,47]
[1105,47] 1 [1106,51]
[1106,51] 1 [1107,55]
[1107,55] 1 [1108,58]
[1108,58] 1 [1109,62]
[1109,62] 1 [1110,65]
[1110,65] 1 [1111,67]
[1111,67] 1 [1112,70]
[1112,70] 1 [1113,74]
[1113,74] 1 [1114,77]
[1114,77] 1 [1115,80]
[1115,80] 1 [1116,83]
[1116,83] 1 [1117,87]
[1117,87] 1 [1118,89]
[1118,89] 1 [1119,91]
[1119,91] 1 [1120,95]
[1120,95] 1 [1121,98]
[1121,98] 1 [1122,102]
[1122,102] 1 [1123,106]
[1123,106] 1 [1124,110]
[1124,110] 1 [1125,113]
[1125,113] 1 [1126,116]
[1126,116] 1 [1127,120]
[1127,120] 1 [1128,122]
[1128,122] 1 [1129,126]
[1129,126] 1 [1130,130]
[1130,130] 1 [1131,134]
[1131,134] 1 [1132,137]
[1132,137] 1 [1133,141]
[1133,141] 1 [1134,145]
[1134,145] 1 [1135,147]
[1135,147] 1 [1136,149]
[1136,149] 1 [1137,153]
[1137,153] 1 [1138,155]
[1138,155] 1 [1139,159]
[1139,159] 1 [1140,161]
[1140,161] 1 [1141,165]
[1141,165] 1 [1142,169]
[1142,169] 1 [1143,171]
[1143,171] 1 [1144,175]
[1144,175] 1 [1145,6]
[1145,6] 1 [1146,6]
[1146,6] 1 [1147,6]
[1147,6] 1 [1148,6]
[1148,6] 1 [1149,6]
[1149,6] 1 [1150,6]
[1150,6] 1 [1151,6]
[1151,6] 1 [1152,6]
[1152,6] 1 [1153,6]
[1153,6] 1 [1154,6]
[1154,6] 1 [1155,6]
[1155,6] 0 [1156,6]
[1156,6] 1 [1157,8]
[1157,8] 1 [1158,10]
[1158,10] 0 [1159,11]
[1159,11] 2 [1160,8]
[1160,8] 1 [1161,8]
[1161,8] 1 [1162,11]
[1162,11] 1 [1163,13]
[1163,13] 1 [1164,17]
[1164,17] 1 [1165,20]
[1165,20] 1 [1166,24]
[1166,24] 2 [1167,20]
[1167,20] 2 [1168,16]
[1168,16] 2 [1169,13]
[1169,13] 1 [1170,15]
[1170,15] 2 [1171,12]
[1171,12] 1 [1172,15]
[1172,15] 2 [1173,11]
[1173,11] 2 [1174,7]
[1174,7] 1 [1175,7]
[1175,7] 1 [1176,9]
[1176,9] 1 [1177,12]
[1177,12] 1 [1178,16]
[1178,16] 1 [1179,20]
[1179,20] 2 [1180,16]
[1180,16] 1 [1181,18]
[1181,18] 1 [1182,22]
[1182,22] 1 [1183,24]
[1183,24] 1 [1184,27]
[1184,27] 1 [1185,31]
[1185,31] 1 [1186,35]
[1186,35] 1 [1187,37]
[1187,37] 1 [1188,41]
[1188,41] 1 [1189,44]
[1189,44] 1 [1190,47]
[1190,47] 1 [1191,49]
[1191,49] 1 [1192,52]
[1192,52] 1 [1193,56]
[1193,56] 1 [1194,58]
[1194,58] 1 [1195,61]
[1195,61] 1 [1196,64]
[1196,64] 1 [1197,67]
[1197,67] 1 [1198,71]
[1198,71] 1 [1199,75]
[1199,75] 1 [1200,77]
[1200,77] 1 [1201,79]
[1201,79] 1 [1202,81]
[1202,81] 1 [1203,84]
[1203,84] 1 [1204,86]
[1204,86] 1 [1205,88]
[1205,88] 1 [1206,90]
[1206,90] 1 [1207,93]
[1207,93] 1 [1208,97]
[1208,97] 1 [1209,99]
[1209,99] 1 [1210,103]
[1210,103] 1 [1211,105]
[1211,105] 1 [1212,108]
[1212,108] 1 [1213,111]
[1213,111] 1 [1214,113]
[1214,113] 1 [1215,116]
[1215,116] 1 [1216,120]
[1216,120] 1 [1217,122]
[1217,122] 1 [1218,126]
[1218,126] 2 [1219,122]
[1219,122] 1 [1220,124]
[1220,124] 1 [1221,127]
[1221,127] 2 [1222,123]
[1222,123] 2 [1223,119]
[1223,119] 1 [1224,122]
[1224,122] 1 [1225,125]
[1225,125] 1 [1226,127]
[1226,127] 1 [1227,129]
[1227,129] 1 [1228,132]
[1228,132] 1 [1229,136]
[1229,136] 1 [1230,140]
[1230,140] 1 [1231,144]
[1231,144] 1 [1232,147]
[1232,147] 1 [1233,150]
[1233,150] 1 [1234,152]
[1234,152] 1 [1235,156]
[1235,156] 1 [1236,160]
[1236,160] 1 [1237,162]
[1237,162] 1 [1238,165]
[1238,165] 1 [1239,168]
[1239,168] 1 [1240,171]
[1240,171] 1 [1241,175]
[1241,175] 1 [1242,6]
[1242,6] 1 [1243,6]
[1243,6] 1 [1244,6]
[1244,6] 1 [1245,6]
[1245,6] 1 [1246,6]
[1246,6] 1 [1247,6]
[1247,6] 1 [1248,6]
[1248,6] 1 [1249,6]
[1249,6] 1 [1250,6]
[1250,6] 1 [1251,6]
[1251,6] 1 [1252,6]
[1252,6] 1 [1253,6]
[1253,6] 1 [1254,6]
[1254,6] 1 [1255,8]
[1255,8] 1 [1256,11]
[1256,11] 1 [1257,15]
[1257,15] 1 [1258,18]
[1258,18] 1 [1259,21]
[1259,21] 1 [1260,23]
[1260,23] 1 [1261,25]
[1261,25] 1 [1262,28]
[1262,28] 1 [1263,32]
[1263,32] 1 [1264,35]
[1264,35] 1 [1265,38]
[1265,38] 1 [1266,41]
[1266,41] 1 [1267,44]
[1267,44] 1 [1268,46]
[1268,46] 1 [1269,50]
[1269,50] 1 [1270,52]
[1270,52] 1 [1271,54]
[1271,54] 1 [1272,57]
[1272,57] 1 [1273,60]
[1273,60] 1 [1274,62]
[1274,62] 1 [1275,65]
[1275,65] 1 [1276,68]
[1276,68] 1 [1277,72]
[1277,72] 1 [1278,76]
[1278,76] 1 [1279,80]
[1279,80] 1 [1280,82]
[1280,82] 1 [1281,86]
[1281,86] 1 [1282,89]
[1282,89] 1 [1283,92]
[1283,92] 1 [1284,95]
[1284,95] 1 [1285,98]
[1285,98] 1 [1286,101]
[1286,101] 1 [1287,103]
[1287,103] 1 [1288,107]
[1288,107] 1 [1289,109]
[1289,109] 1 [1290,112]
[1290,112] 1 [1291,114]
[1291,114] 1 [1292,118]
[1292,118] 1 [1293,120]
[1293,120] 1 [1294,124]
[1294,124] 1 [1295,127]
[1295,127] 1 [1296,131]
[1296,131] 1 [1297,135]
[1297,135] 1 [1298,138]
[1298,138] 1 [1299,142]
[1299,142] 1 [1300,144]
[1300,144] 1 [1301,148]
[1301,148] 1 [1302,150]
[1302,150] 1 [1303,154]
[1303,154] 1 [1304,157]
[1304,157] 1 [1305,159]
[1305,159] 1 [1306,161]
[1306,161] 1 [1307,165]
[1307,165] 1 [1308,168]
[1308,168] 1 [1309,172]
[1309,172] 1 [1310,174]
[1310,174] 1 [1311,176]
[1311,176] 1 [1312,6]
[1312,6] 1 [1313,6]
[1313,6] 1 [1314,6]
[1314,6] 1 [1315,6]
[1315,6] 1 [1316,6]
[1316,6] 1 [1317,6]
[1317,6] 1 [1318,6]
[1318,6] 1 [1319,6]
[1319,6] 1 [1320,6]
[1320,6] 1 [1321,7]
[1321,7] 0 [1322,7]
[1322,7] 1 [1323,10]
[1323,10] 1 [1324,12]
[1324,12] 1 [1325,14]
[1325,14] 1 [1326,16]
[1326,16] 2 [1327,12]
[1327,12] 2 [1328,9]
[1328,9] 1 [1329,10]
[1329,10] 1 [1330,12]
[1330,12] 1 [1331,15]
[1331,15] 1 [1332,17]
[1332,17] 1 [1333,19]
[1333,19] 1 [1334,23]
[1334,23] 1 [1335,25]
[1335,25] 1 [1336,28]
[1336,28] 1 [1337,31]
[1337,31] 1 [1338,35]
[1338,35] 1 [1339,39]
[1339,39] 1 [1340,41]
[1340,41] 1 [1341,43]
[1341,43] 1 [1342,46]
[1342,46] 1 [1343,48]
[1343,48] 1 [1344,51]
[1344,51] 1 [1345,53]
[1345,53] 1 [1346,57]
[1346,57] 1 [1347,60]
[1347,60] 1 [1348,63]
[1348,63] 1 [1349,67]
[1349,67] 2 [1350,66]
[1350,66] 2 [1351,62]
[1351,62] 2 [1352,58]
[1352,58] 1 [1353,60]
[1353,60] 1 [1354,62]
[1354,62] 1 [1355,65]
[1355,65] 1 [1356,68]
[1356,68] 1 [1357,70]
[1357,70] 1 [1358,72]
[1358,72] 1 [1359,74]
[1359,74] 1 [1360,76]
[1360,76] 1 [1361,80]
[1361,80] 1 [1362,83]
[1362,83] 1 [1363,85]
[1363,85] 1 [1364,88]
[1364,88] 1 [1365,91]
[1365,91] 1 [1366,94]
[1366,94] 1 [1367,96]
[1367,96] 1 [1368,99]
[1368,99] 1 [1369,102]
[1369,102] 1 [1370,104]
[1370,104] 1 [1371,108]
[1371,108] 1 [1372,111]
[1372,111] 1 [1373,113]
[1373,113] 1 [1374,115]
[1374,115] 1 [1375,118]
[1375,118] 1 [1376,120]
[1376,120] 1 [1377,123]
[1377,123] 1 [1378,127]
[1378,127] 1 [1379,129]
[1379,129] 1 [1380,133]
[1380,133] 1 [1381,135]
[1381,135] 1 [1382,138]
[1382,138] 1 [1383,140]
[1383,140] 1 [1384,144]
[1384,144] 1 [1385,147]
[1385,147] 1 [1386,149]
[1386,149] 1 [1387,151]
[1387,151] 1 [1388,155]
[1388,155] 1 [1389,159]
[1389,159] 1 [1390,163]
[1390,163] 1 [1391,167]
[1391,167] 1 [1392,169]
[1392,169] 1 [1393,171]
[1393,171] 1 [1394,174]
[1394,174] 1 [1395,176]
[1395,176] 1 [1396,6]
[1396,6] 1 [1397,6]
[1397,6] 1 [1398,6]
[1398,6] 1 [1399,6]
[1399,6] 1 [1400,6]
[1400,6] 1 [1401,6]
[1401,6] 1 [1402,6]
[1402,6] 1 [1403,6]
[1403,6] 1 [1404,6]
[1404,6] 1 [1405,6]
[1405,6] 0 [1406,6]
[1406,6] 1 [1407,8]
[1407,8] 0 [1408,8]
[1408,8] 1 [1409,12]
[1409,12] 2 [1410,9]
[1410,9] 1 [1411,10]
[1411,10] 1 [1412,12]
[1412,12] 0 [1413,13]
[1413,13] 2 [1414,11]
[1414,11] 2 [1415,8]
[1415,8] 1 [1416,11]
[1416,11] 2 [1417,7]
[1417,7] 1 [1418,10]
[1418,10] 2 [1419,10]
[1419,10] 2 [1420,7]
[1420,7] 0 [1421,6]
[1421,6] 1 [1422,8]
[1422,8] 1 [1423,11]
[1423,11] 2 [1424,10]
[1424,10] 1 [1425,9]
[1425,9] 2 [1426,6]
[1426,6] 1 [1427,8]
[1427,8] 1 [1428,11]
[1428,11] 0 [1429,11]
[1429,11] 0 [1430,11]
[1430,11] 0 [1431,11]
[1431,11] 1 [1432,13]
[1432,13] 2 [1433,10]
[1433,10] 1 [1434,13]
[1434,13] 1 [1435,15]
[1435,15] 1 [1436,18]
[1436,18] 1 [1437,20]
[1437,20] 1 [1438,24]
[1438,24] 1 [1439,27]
[1439,27] 1 [1440,29]
[1440,29] 1 [1441,31]
[1441,31] 1 [1442,34]
[1442,34] 1 [1443,37]
[1443,37] 1 [1444,39]
[1444,39] 1 [1445,41]
[1445,41] 1 [1446,44]
[1446,44] 1 [1447,47]
[1447,47] 1 [1448,51]
[1448,51] 1 [1449,54]
[1449,54] 1 [1450,58]
[1450,58] 1 [1451,60]
[1451,60] 1 [1452,64]
[1452,64] 1 [1453,66]
[1453,66] 1 [1454,70]
[1454,70] 1 [1455,73]
[1455,73] 1 [1456,75]
[1456,75] 1 [1457,78]
[1457,78] 1 [1458,80]
[1458,80] 1 [1459,83]
[1459,83] 1 [1460,85]
[1460,85] 1 [1461,88]
[1461,88] 1 [1462,90]
[1462,90] 1 [1463,94]
[1463,94] 1 [1464,98]
[1464,98] 1 [1465,102]
[1465,102] 1 [1466,104]
[1466,104] 1 [1467,108]
[1467,108] 1 [1468,111]
[1468,111] 1 [1469,115]
[1469,115] 1 [1470,117]
[1470,117] 1 [1471,119]
[1471,119] 1 [1472,121]
[1472,121] 1 [1473,125]
[1473,125] 1 [1474,129]
[1474,129] 1 [1475,131]
[1475,131] 1 [1476,133]
[1476,133] 1 [1477,136]
[1477,136] 1 [1478,139]
[1478,139] 1 [1479,143]
[1479,143] 1 [1480,147]
[1480,147] 1 [1481,150]
[1481,150] 1 [1482,154]
[1482,154] 1 [1483,157]
[1483,157] 1 [1484,160]
[1484,160] 1 [1485,164]
[1485,164] 1 [1486,168]
[1486,168] 1 [1487,170]
[1487,170] 1 [1488,172]
[1488,172] 1 [1489,176]
[1489,176] 1 [1490,6]
[1490,6] 1 [1491,6]
[1491,6] 1 [1492,6]
[1492,6] 1 [1493,6]
[1493,6] 1 [1494,6]
[1494,6] 1 [1495,6]
[1495,6] 1 [1496,6]
[1496,6] 1 [1497,6]
[1497,6] 1 [1498,6]
[1498,6] 1 [1499,7]
[1499,7] 1 [1500,10]
[1500,10] 1 [1501,14]
[1501,14] 1 [1502,16]
[1502,16] 0 [1503,16]
[1503,16] 1 [1504,19]
[1504,19] 1 [1505,21]
[1505,21] 1 [1506,23]
[1506,23] 1 [1507,25]
[1507,25] 1 [1508,29]
[1508,29] 1 [1509,33]
[1509,33] 1 [1510,37]
[1510,37] 1 [1511,40]
[1511,40] 1 [1512,42]
[1512,42] 1 [1513,44]
[1513,44] 1 [1514,46]
[1514,46] 1 [1515,49]
[1515,49] 1 [1516,53]
[1516,53] 1 [1517,55]
[1517,55] 1 [1518,58]
[1518,58] 1 [1519,61]
[1519,61] 1 [1520,63]
[1520,63] 1 [1521,66]
[1521,66] 1 [1522,70]
[1522,70] 1 [1523,74]
[1523,74] 1 [1524,78]
[1524,78] 1 [1525,81]
[1525,81] 1 [1526,85]
[1526,85] 1 [1527,88]
[1527,88] 1 [1528,92]
[1528,92] 1 [1529,95]
[1529,95] 1 [1530,98]
[1530,98] 1 [1531,102]
[1531,102] 1 [1532,106]
[1532,106] 1 [1533,109]
[1533,109] 1 [1534,113]
[1534,113] 1 [1535,116]
[1535,116] 1 [1536,120]
[1536,120] 1 [1537,124]
[1537,124] 1 [1538,126]
[1538,126] 1 [1539,129]
[1539,129] 1 [1540,131]
[1540,131] 1 [1541,133]
[1541,133] 1 [1542,135]
[1542,135] 1 [1543,138]
[1543,138] 1 [1544,140]
[1544,140] 1 [1545,144]
[1545,144] 1 [1546,147]
[1546,147] 1 [1547,151]
[1547,151] 1 [1548,154]
[1548,154] 1 [1549,158]
[1549,158] 1 [1550,161]
[1550,161] 1 [1551,164]
[1551,164] 1 [1552,168]
[1552,168] 1 [1553,172]
[1553,172] 1 [1554,174]
[1554,174] 1 [1555,177]
[1555,177] 1 [1556,6]
[1556,6] 1 [1557,6]
[1557,6] 1 [1558,6]
[1558,6] 1 [1559,6]
[1559,6] 1 [1560,6]
[1560,6] 1 [1561,6]
[1561,6] 1 [1562,6]
[1562,6] 1 [1563,6]
[1563,6] 1 [1564,6]
[1564,6] 0 [1565,6]
[1565,6] 1 [1566,8]
[1566,8] 1 [1567,10]
[1567,10] 1 [1568,13]
[1568,13] 1 [1569,15]
[1569,15] 2 [1570,11]
[1570,11] 1 [1571,13]
[1571,13] 1 [1572,17]
[1572,17] 1 [1573,20]
[1573,20] 1 [1574,23]
[1574,23] 1 [1575,25]
[1575,25] 1 [1576,28]
[1576,28] 1 [1577,30]
[1577,30] 1 [1578,32]
[1578,32] 1 [1579,36]
[1579,36] 1 [1580,38]
[1580,38] 1 [1581,41]
[1581,41] 1 [1582,43]
[1582,43] 1 [1583,47]
[1583,47] 1 [1584,50]
[1584,50] 1 [1585,53]
[1585,53] 1 [1586,55]
[1586,55] 1 [1587,57]
[1587,57] 1 [1588,59]
[1588,59] 1 [1589,63]
[1589,63] 1 [1590,66]
[1590,66] 1 [1591,69]
[1591,69] 1 [1592,72]
[1592,72] 1 [1593,76]
[1593,76] 1 [1594,79]
[1594,79] 1 [1595,83]
[1595,83] 1 [1596,87]
[1596,87] 1 [1597,90]
[1597,90] 1 [1598,93]
[1598,93] 1 [1599,97]
[1599,97] 1 [1600,101]
[1600,101] 1 [1601,103]
[1601,103] 0 [1602,104]
[1602,104] 1 [1603,106]
[1603,106] 1 [1604,110]
[1604,110] 1 [1605,113]
[1605,113] 1 [1606,116]
[1606,116] 1 [1607,118]
[1607,118] 1 [1608,122]
[1608,122] 1 [1609,126]
[1609,126] 1 [1610,129]
[1610,129] 1 [1611,131]
[1611,131] 1 [1612,135]
[1612,135] 1 [1613,137]
[1613,137] 1 [1614,141]
[1614,141] 1 [1615,143]
[1615,143] 1 [1616,145]
[1616,145] 1 [1617,147]
[1617,147] 1 [1618,149]
[1618,149] 1 [1619,152]
[1619,152] 1 [1620,155]
[1620,155] 1 [1621,157]
[1621,157] 1 [1622,160]
[1622,160] 1 [1623,163]
[1623,163] 1 [1624,167]
[1624,167] 1 [1625,171]
[1625,171] 1 [1626,173]
[1626,173] 1 [1627,177]
[1627,177] 1 [1628,6]
[1628,6] 1 [1629,6]
[1629,6] 1 [1630,6]
[1630,6] 1 [1631,6]
[1631,6] 1 [1632,6]
[1632,6] 1 [1633,6]
[1633,6] 1 [1634,6]
[1634,6] 1 [1635,6]
[1635,6] 1 [1636,6]
[1636,6] 1 [1637,6]
[1637,6] 0 [1638,6]
[1638,6] 1 [1639,6]
[1639,6] 1 [1640,9]
[1640,9] 1 [1641,11]
[1641,11] 1 [1642,14]
[1642,14] 1 [1643,18]
[1643,18] 2 [1644,16]
[1644,16] 2 [1645,12]
[1645,12] 1 [1646,13]
[1646,13] 2 [1647,9]
[1647,9] 1 [1648,11]
[1648,11] 2 [1649,8]
[1649,8] 1 [1650,11]
[1650,11] 1 [1651,13]
[1651,13] 1 [1652,15]
[1652,15] 1 [1653,18]
[1653,18] 1 [1654,20]
[1654,20] 2 [1655,16]
[1655,16] 2 [1656,14]
[1656,14] 1 [1657,12]
[1657,12] 2 [1658,10]
[1658,10] 1 [1659,12]
[1659,12] 1 [1660,15]
[1660,15] 2 [1661,13]
[1661,13] 1 [1662,15]
[1662,15] 1 [1663,18]
[1663,18] 1 [1664,20]
[1664,20] 1 [1665,23]
[1665,23] 2 [1666,19]
[1666,19] 1 [1667,22]
[1667,22] 1 [1668,25]
[1668,25] 1 [1669,27]
[1669,27] 1 [1670,29]
[1670,29] 1 [1671,32]
[1671,32] 1 [1672,35]
[1672,35] 1 [1673,37]
[1673,37] 1 [1674,39]
[1674,39] 1 [1675,43]
[1675,43] 1 [1676,47]
[1676,47] 1 [1677,51]
[1677,51] 1 [1678,55]
[1678,55] 1 [1679,57]
[1679,57] 1 [1680,59]
[1680,59] 1 [1681,61]
[1681,61] 1 [1682,65]
[1682,65] 1 [1683,68]
[1683,68] 1 [1684,72]
[1684,72] 1 [1685,75]
[1685,75] 1 [1686,79]
[1686,79] 1 [1687,81]
[1687,81] 1 [1688,83]
[1688,83] 0 [1689,83]
[1689,83] 1 [1690,85]
[1690,85] 1 [1691,88]
[1691,88] 1 [1692,90]
[1692,90] 1 [1693,92]
[1693,92] 1 [1694,94]
[1694,94] 1 [1695,98]
[1695,98] 1 [1696,101]
[1696,101] 1 [1697,104]
[1697,104] 1 [1698,106]
[1698,106] 1 [1699,108]
[1699,108] 1 [1700,112]
[1700,112] 1 [1701,116]
[1701,116] 1 [1702,120]
[1702,120] 1 [1703,124]
[1703,124] 1 [1704,126]
[1704,126] 1 [1705,130]
[1705,130] 1 [1706,134]
[1706,134] 1 [1707,136]
[1707,136] 1 [1708,140]
[1708,140] 1 [1709,144]
[1709,144] 1 [1710,147]
[1710,147] 1 [1711,150]
[1711,150] 1 [1712,153]
[1712,153] 1 [1713,156]
[1713,156] 1 [1714,160]
[1714,160] 1 [1715,163]
[1715,163] 1 [1716,165]
[1716,165] 1 [1717,167]
[1717,167] 1 [1718,169]
[1718,169] 1 [1719,171]
[1719,171] 1 [1720,175]
[1720,175] 1 [1721,177]
[1721,177] 1 [1722,6]
[1722,6] 1 [1723,6]
[1723,6] 1 [1724,6]
[1724,6] 1 [1725,6]
[1725,6] 1 [1726,6]
[1726,6] 1 [1727,6]
[1727,6] 1 [1728,6]
[1728,6] 1 [1729,6]
[1729,6] 1 [1730,6]
[1730,6] 1 [1731,6]
[1731,6] 1 [1732,8]
[1732,8] 1 [1733,12]
[1733,12] 2 [1734,11]
[1734,11] 1 [1735,13]
[1735,13] 1 [1736,15]
[1736,15] 2 [1737,13]
[1737,13] 1 [1738,15]
[1738,15] 1 [1739,18]
[1739,18] 1 [1740,22]
[1740,22] 1 [1741,26]
[1741,26] 1 [1742,29]
[1742,29] 1 [1743,33]
[1743,33] 1 [1744,35]
[1744,35] 2 [1745,33]
[1745,33] 2 [1746,29]
[1746,29] 1 [1747,31]
[1747,31] 1 [1748,33]
[1748,33] 1 [1749,35]
[1749,35] 1 [1750,39]
[1750,39] 1 [1751,43]
[1751,43] 1 [1752,47]
[1752,47] 1 [1753,50]
[1753,50] 1 [1754,54]
[1754,54] 1 [1755,56]
[1755,56] 1 [1756,59]
[1756,59] 1 [1757,62]
[1757,62] 1 [1758,65]
[1758,65] 1 [1759,67]
[1759,67] 1 [1760,70]
[1760,70] 1 [1761,72]
[1761,72] 1 [1762,76]
[1762,76] 1 [1763,80]
[1763,80] 1 [1764,84]
[1764,84] 1 [1765,87]
[1765,87] 1 [1766,89]
[1766,89] 1 [1767,92]
[1767,92] 1 [1768,96]
[1768,96] 1 [1769,99]
[1769,99] 1 [1770,101]
[1770,101] 1 [1771,105]
[1771,105] 1 [1772,109]
[1772,109] 1 [1773,113]
[1773,113] 1 [1774,116]
[1774,116] 1 [1775,120]
[1775,120] 1 [1776,122]
[1776,122] 1 [1777,126]
[1777,126] 1 [1778,129]
[1778,129] 1 [1779,131]
[1779,131] 1 [1780,134]
[1780,134] 1 [1781,138]
[1781,138] 1 [1782,142]
[1782,142] 1 [1783,146]
[1783,146] 1 [1784,148]
[1784,148] 1 [1785,152]
[1785,152] 1 [1786,154]
[1786,154] 1 [1787,156]
[1787,156] 1 [1788,160]
[1788,160] 1 [1789,163]
[1789,163] 1 [1790,165]
[1790,165] 1 [1791,168]
[1791,168] 1 [1792,172]
[1792,172] 1 [1793,176]
[1793,176] 1 [1794,6]
[1794,6] 1 [1795,6]
[1795,6] 1 [1796,6]
[1796,6] 1 [1797,6]
[1797,6] 1 [1798,6]
[1798,6] 1 [1799,6]
[1799,6] 1 [1800,6]
[1800,6] 1 [1801,6]
[1801,6] 1 [1802,6]
[1802,6] 1 [1803,7]
[1803,7] 2 [1804,6]
[1804,6] 1 [1805,9]
[1805,9] 1 [1806,13]
[1806,13] 2 [1807,9]
[1807,9] 1 [1808,10]
[1808,10] 1 [1809,13]
[1809,13] 2 [1810,9]
[1810,9] 1 [1811,11]
[1811,11] 2 [1812,8]
[1812,8] 1 [1813,11]
[1813,11] 2 [1814,9]
[1814,9] 1 [1815,11]
[1815,11] 1 [1816,13]
[1816,13] 2 [1817,9]
[1817,9] 1 [1818,9]
[1818,9] 1 [1819,11]
[1819,11] 1 [1820,15]
[1820,15] 2 [1821,12]
[1821,12] 1 [1822,14]
[1822,14] 1 [1823,16]
[1823,16] 2 [1824,12]
[1824,12] 1 [1825,15]
[1825,15] 1 [1826,18]
[1826,18] 1 [1827,20]
[1827,20] 1 [1828,23]
[1828,23] 2 [1829,19]
[1829,19] 2 [1830,15]
[1830,15] 1 [1831,17]
[1831,17] 1 [1832,21]
[1832,21] 1 [1833,25]
[1833,25] 1 [1834,29]
[1834,29] 1 [1835,31]
[1835,31] 1 [1836,35]
[1836,35] 1 [1837,38]
[1837,38] 1 [1838,40]
[1838,40] 1 [1839,44]
[1839,44] 1 [1840,47]
[1840,47] 1 [1841,51]
[1841,51] 1 [1842,53]
[1842,53] 1 [1843,55]
[1843,55] 1 [1844,57]
[1844,57] 1 [1845,61]
[1845,61] 1 [1846,63]
[1846,63] 1 [1847,67]
[1847,67] 1 [1848,71]
[1848,71] 1 [1849,74]
[1849,74] 1 [1850,78]
[1850,78] 1 [1851,81]
[1851,81] 1 [1852,84]
[1852,84] 1 [1853,88]
[1853,88] 1 [1854,90]
[1854,90] 1 [1855,94]
[1855,94] 1 [1856,96]
[1856,96] 1 [1857,98]
[1857,98] 1 [1858,102]
[1858,102] 1 [1859,104]
[1859,104] 1 [1860,106]
[1860,106] 1 [1861,108]
[1861,108] 1 [1862,110]
[1862,110] 1 [1863,112]
[1863,112] 1 [1864,115]
[1864,115] 2 [1865,112]
[1865,112] 1 [1866,115]
[1866,115] 1 [1867,117]
[1867,117] 1 [1868,119]
[1868,119] 2 [1869,115]
[1869,115] 2 [1870,112]
[1870,112] 1 [1871,114]
[1871,114] 1 [1872,117]
[1872,117] 1 [1873,120]
[1873,120] 1 [1874,124]
[1874,124] 1 [1875,127]
[1875,127] 1 [1876,131]
[1876,131] 1 [1877,133]
[1877,133] 1 [1878,135]
[1878,135] 1 [1879,137]
[1879,137] 1 [1880,139]
[1880,139] 1 [1881,143]
[1881,143] 1 [1882,147]
[1882,147] 1 [1883,150]
[1883,150] 1 [1884,154]
[1884,154] 1 [1885,158]
[1885,158] 1 [1886,160]
[1886,160] 1 [1887,164]
[1887,164] 1 [1888,167]
[1888,167] 1 [1889,171]
[1889,171] 1 [1890,174]
[1890,174] 1 [1891,176]
[1891,176] 1 [1892,6]
[1892,6] 1 [1893,6]
[1893,6] 1 [1894,6]
[1894,6] 1 [1895,6]
[1895,6] 1 [1896,6]
[1896,6] 1 [1897,6]
[1897,6] 1 [1898,6]
[1898,6] 1 [1899,6]
[1899,6] 1 [1900,6]
[1900,6] 1 [1901,6]
[1901,6] 1 [1902,10]
[1902,10] 1 [1903,14]
[1903,14] 1 [1904,17]
[1904,17] 1 [1905,20]
[1905,20] 1 [1906,22]
[1906,22] 1 [1907,26]
[1907,26] 1 [1908,29]
[1908,29] 1 [1909,32]
[1909,32] 1 [1910,36]
[1910,36] 1 [1911,39]
[1911,39] 1 [1912,42]
[1912,42] 1 [1913,46]
[1913,46] 1 [1914,48]
[1914,48] 1 [1915,50]
[1915,50] 1 [1916,54]
[1916,54] 1 [1917,57]
[1917,57] 1 [1918,59]
[1918,59] 1 [1919,61]
[1919,61] 1 [1920,63]
[1920,63] 1 [1921,66]
[1921,66] 1 [1922,69]
[1922,69] 1 [1923,72]
[1923,72] 1 [1924,76]
[1924,76] 1 [1925,80]
[1925,80] 1 [1926,84]
[1926,84] 1 [1927,87]
[1927,87] 1 [1928,91]
[1928,91] 1 [1929,94]
[1929,94] 1 [1930,97]
[1930,97] 1 [1931,100]
[1931,100] 1 [1932,103]
[1932,103] 1 [1933,105]
[1933,105] 1 [1934,107]
[1934,107] 1 [1935,110]
[1935,110] 1 [1936,113]
[1936,113] 1 [1937,115]
[1937,115] 1 [1938,117]
[1938,117] 1 [1939,120]
[1939,120] 1 [1940,122]
[1940,122] 1 [1941,124]
[1941,124] 1 [1942,127]
[1942,127] 1 [1943,131]
[1943,131] 1 [1944,133]
[1944,133] 1 [1945,136]
[1945,136] 1 [1946,140]
[1946,140] 1 [1947,143]
[1947,143] 1 [1948,145]
[1948,145] 1 [1949,148]
[1949,148] 1 [1950,151]
[1950,151] 1 [1951,154]
[1951,154] 1 [1952,158]
[1952,158] 1 [1953,161]
[1953,161] 1 [1954,165]
[1954,165] 1 [1955,168]
[1955,168] 1 [1956,171]
[1956,171] 1 [1957,174]
[1957,174] 1 [1958,177]
[1958,177] 1 [1959,6]
[1959,6] 1 [1960,6]
[1960,6] 1 [1961,6]
[1961,6] 1 [1962,6]
[1962,6] 1 [1963,6]
[1963,6] 1 [1964,6]
[1964,6] 1 [1965,6]
[1965,6] 1 [1966,6]
[1966,6] 1 [1967,6]
[1967,6] 1 [1968,6]
[1968,6] 0 [1969,7]
[1969,7] 0 [1970,7]
[1970,7] 1 [1971,8]
[1971,8] 1 [1972,12]
[1972,12] 2 [1973,8]
[1973,8] 1 [1974,8]
[1974,8] 1 [1975,11]
[1975,11] 1 [1976,15]
[1976,15] 1 [1977,18]
[1977,18] 1 [1978,22]
[1978,22] 1 [1979,26]
[1979,26] 1 [1980,30]
[1980,30] 1 [1981,34]
[1981,34] 1 [1982,38]
[1982,38] 1 [1983,40]
[1983,40] 1 [1984,42]
[1984,42] 1 [1985,45]
[1985,45] 1 [1986,48]
[1986,48] 1 [1987,51]
[1987,51] 1 [1988,53]
[1988,53] 1 [1989,56]
[1989,56] 2 [1990,55]
[1990,55] 2 [1991,51]
[1991,51] 1 [1992,54]
[1992,54] 2 [1993,50]
[1993,50] 1 [1994,52]
[1994,52] 1 [1995,54]
[1995,54] 1 [1996,57]
[1996,57] 1 [1997,59]
[1997,59] 1 [1998,62]
[1998,62] 1 [1999,66]
[1999,66] 1 [2000,70]
[2000,70] 1 [2001,73]
[2001,73] 1 [2002,76]
[2002,76] 1 [2003,79]
[2003,79] 1 [2004,82]
[2004,82] 1 [2005,85]
[2005,85] 1 [2006,87]
[2006,87] 1 [2007,90]
[2007,90] 1 [2008,93]
[2008,93] 1 [2009,97]
[2009,97] 1 [2010,100]
[2010,100] 1 [2011,104]
[2011,104] 1 [2012,108]
[2012,108] 1 [2013,110]
[2013,110] 1 [2014,114]
[2014,114] 1 [2015,116]
[2015,116] 1 [2016,119]
[2016,119] 1 [2017,121]
[2017,121] 1 [2018,123]
[2018,123] 1 [2019,125]
[2019,125] 1 [2020,128]
[2020,128] 1 [2021,132]
[2021,132] 1 [2022,135]
[2022,135] 1 [2023,138]
[2023,138] 1 [2024,141]
[2024,141] 1 [2025,144]
[2025,144] 1 [2026,147]
[2026,147] 1 [2027,149]
[2027,149] 1 [2028,151]
[2028,151] 1 [2029,155]
[2029,155] 1 [2030,159]
[2030,159] 1 [2031,163]
[2031,163] 1 [2032,167]
[2032,167] 1 [2033,171]
[2033,171] 1 [2034,175]
[2034,175] 1 [2035,177]
[2035,177] 1 [2036,6]
[2036,6] 1 [2037,6]
[2037,6] 1 [2038,6]
[2038,6] 1 [2039,6]
[2039,6] 1 [2040,6]
[2040,6] 1 [2041,6]
[2041,6] 1 [2042,6]
[2042,6] 1 [2043,6]
[2043,6] 1 [2044,6]
[2044,6] 1 [2045,7]
[2045,7] 2 [2046,6]
[2046,6] 1 [2047,7]
[2047,7] 1 [2048,10]
[2048,10] 1 [2049,12]
[2049,12] 1 [2050,14]
[2050,14] 1 [2051,17]
[2051,17] 1 [2052,19]
[2052,19] 2 [2053,15]
[2053,15] 2 [2054,11]
[2054,11] 2 [2055,8]
[2055,8] 1 [2056,9]
[2056,9] 1 [2057,12]
[2057,12] 1 [2058,15]
[2058,15] 1 [2059,17]
[2059,17] 1 [2060,21]
[2060,21] 1 [2061,23]
[2061,23] 1 [2062,26]
[2062,26] 1 [2063,28]
[2063,28] 1 [2064,31]
[2064,31] 1 [2065,35]
[2065,35] 1 [2066,38]
[2066,38] 1 [2067,40]
[2067,40] 1 [2068,42]
[2068,42] 1 [2069,46]
[2069,46] 1 [2070,50]
[2070,50] 1 [2071,54]
[2071,54] 1 [2072,56]
[2072,56] 1 [2073,58]
[2073,58] 1 [2074,62]
[2074,62] 1 [2075,66]
[2075,66] 1 [2076,68]
[2076,68] 1 [2077,72]
[2077,72] 1 [2078,75]
[2078,75] 1 [2079,77]
[2079,77] 1 [2080,80]
[2080,80] 1 [2081,84]
[2081,84] 1 [2082,87]
[2082,87] 1 [2083,90]
[2083,90] 1 [2084,94]
[2084,94] 1 [2085,98]
[2085,98] 1 [2086,102]
[2086,102] 1 [2087,106]
[2087,106] 1 [2088,110]
[2088,110] 1 [2089,114]
[2089,114] 1 [2090,118]
[2090,118] 1 [2091,122]
[2091,122] 1 [2092,126]
[2092,126] 1 [2093,128]
[2093,128] 1 [2094,131]
[2094,131] 1 [2095,133]
[2095,133] 1 [2096,135]
[2096,135] 1 [2097,137]
[2097,137] 1 [2098,141]
[2098,141] 1 [2099,145]
[2099,145] 1 [2100,147]
[2100,147] 1 [2101,151]
[2101,151] 1 [2102,153]
[2102,153] 1 [2103,155]
[2103,155] 1 [2104,158]
[2104,158] 1 [2105,160]
[2105,160] 1 [2106,163]
[2106,163] 1 [2107,166]
[2107,166] 1 [2108,170]
[2108,170] 1 [2109,173]
[2109,173] 1 [2110,175]
[2110,175] 1 [2111,6]
[2111,6] 1 [2112,6]
[2112,6] 1 [2113,6]
[2113,6] 1 [2114,6]
[2114,6] 1 [2115,6]
[2115,6] 1 [2116,6]
[2116,6] 1 [2117,6]
[2117,6] 1 [2118,6]
[2118,6] 1 [2119,6]
[2119,6] 1 [2120,7]
[2120,7] 1 [2121,10]
[2121,10] 2 [2122,6]
[2122,6] 1 [2123,7]
[2123,7] 1 [2124,11]
[2124,11] 1 [2125,13]
[2125,13] 2 [2126,9]
[2126,9] 2 [2127,6]
[2127,6] 1 [2128,8]
[2128,8] 2 [2129,6]
[2129,6] 1 [2130,8]
[2130,8] 1 [2131,12]
[2131,12] 2 [2132,10]
[2132,10] 1 [2133,10]
[2133,10] 2 [2134,6]
[2134,6] 1 [2135,8]
[2135,8] 1 [2136,12]
[2136,12] 1 [2137,14]
[2137,14] 1 [2138,17]
[2138,17] 1 [2139,21]
[2139,21] 1 [2140,24]
[2140,24] 1 [2141,27]
[2141,27] 1 [2142,31]
[2142,31] 1 [2143,33]
[2143,33] 1 [2144,35]
[2144,35] 2 [2145,31]
[2145,31] 1 [2146,33]
[2146,33] 1 [2147,36]
[2147,36] 1 [2148,40]
[2148,40] 1 [2149,44]
[2149,44] 1 [2150,47]
[2150,47] 1 [2151,50]
[2151,50] 1 [2152,52]
[2152,52] 1 [2153,55]
[2153,55] 1 [2154,59]
[2154,59] 1 [2155,62]
[2155,62] 1 [2156,66]
[2156,66] 1 [2157,68]
[2157,68] 1 [2158,72]
[2158,72] 1 [2159,76]
[2159,76] 1 [2160,78]
[2160,78] 1 [2161,80]
[2161,80] 1 [2162,82]
[2162,82] 1 [2163,86]
[2163,86] 1 [2164,88]
[2164,88] 1 [2165,90]
[2165,90] 1 [2166,93]
[2166,93] 1 [2167,96]
[2167,96] 1 [2168,99]
[2168,99] 1 [2169,103]
[2169,103] 1 [2170,106]
[2170,106] 1 [2171,110]
[2171,110] 1 [2172,112]
[2172,112] 1 [2173,114]
[2173,114] 1 [2174,116]
[2174,116] 1 [2175,119]
[2175,119] 1 [2176,122]
[2176,122] 1 [2177,125]
[2177,125] 1 [2178,129]
[2178,129] 1 [2179,133]
[2179,133] 1 [2180,137]
[2180,137] 1 [2181,140]
[2181,140] 1 [2182,144]
[2182,144] 1 [2183,147]
[2183,147] 1 [2184,150]
[2184,150] 1 [2185,152]
[2185,152] 1 [2186,155]
[2186,155] 1 [2187,158]
[2187,158] 1 [2188,161]
[2188,161] 1 [2189,164]
[2189,164] 1 [2190,166]
[2190,166] 1 [2191,169]
[2191,169] 1 [2192,173]
[2192,173] 1 [2193,175]
[2193,175] 1 [2194,6]
[2194,6] 1 [2195,6]
[2195,6] 1 [2196,6]
[2196,6] 1 [2197,6]
[2197,6] 1 [2198,6]
[2198,6] 1 [2199,6]
[2199,6] 1 [2200,6]
[2200,6] 1 [2201,6]
[2201,6] 1 [2202,6]
[2202,6] 1 [2203,6]
[2203,6] 0 [2204,6]
[2204,6] 1 [2205,8]
[2205,8] 2 [2206,6]
[2206,6] 1 [2207,8]
[2207,8] 1 [2208,11]
[2208,11] 2 [2209,9]
[2209,9] 1 [2210,11]
[2210,11] 1 [2211,15]
[2211,15] 2 [2212,11]
[2212,11] 2 [2213,8]
[2213,8] 1 [2214,11]
[2214,11] 1 [2215,14]
[2215,14] 2 [2216,13]
[2216,13] 2 [2217,10]
[2217,10] 2 [2218,6]
[2218,6] 1 [2219,9]
[2219,9] 2 [2220,6]
[2220,6] 1 [2221,10]
[2221,10] 1 [2222,13]
[2222,13] 2 [2223,9]
[2223,9] 2 [2224,6]
[2224,6] 1 [2225,9]
[2225,9] 0 [2226,9]
[2226,9] 1 [2227,11]
[2227,11] 2 [2228,7]
[2228,7] 1 [2229,11]
[2229,11] 1 [2230,13]
[2230,13] 1 [2231,15]
[2231,15] 1 [2232,18]
[2232,18] 1 [2233,22]
[2233,22] 1 [2234,26]
[2234,26] 1 [2235,29]
[2235,29] 1 [2236,32]
[2236,32] 1 [2237,36]
[2237,36] 1 [2238,39]
[2238,39] 1 [2239,41]
[2239,41] 1 [2240,44]
[2240,44] 1 [2241,46]
[2241,46] 1 [2242,49]
[2242,49] 1 [2243,53]
[2243,53] 1 [2244,57]
[2244,57] 1 [2245,59]
[2245,59] 1 [2246,62]
[2246,62] 1 [2247,66]
[2247,66] 1 [2248,69]
[2248,69] 1 [2249,73]
[2249,73] 1 [2250,75]
[2250,75] 1 [2251,78]
[2251,78] 1 [2252,81]
[2252,81] 1 [2253,85]
[2253,85] 1 [2254,87]
[2254,87] 1 [2255,90]
[2255,90] 1 [2256,93]
[2256,93] 1 [2257,97]
[2257,97] 1 [2258,100]
[2258,100] 1 [2259,104]
[2259,104] 1 [2260,107]
[2260,107] 1 [2261,109]
[2261,109] 1 [2262,112]
[2262,112] 1 [2263,116]
[2263,116] 1 [2264,118]
[2264,118] 1 [2265,122]
[2265,122] 1 [2266,126]
[2266,126] 1 [2267,128]
[2267,128] 1 [2268,132]
[2268,132] 1 [2269,135]
[2269,135] 1 [2270,139]
[2270,139] 1 [2271,141]
[2271,141] 1 [2272,144]
[2272,144] 1 [2273,146]
[2273,146] 1 [2274,148]
[2274,148] 1 [2275,150]
[2275,150] 1 [2276,154]
[2276,154] 1 [2277,158]
[2277,158] 1 [2278,161]
[2278,161] 1 [2279,164]
[2279,164] 1 [2280,167]
[2280,167] 1 [2281,171]
[2281,171] 1 [2282,173]
[2282,173] 1 [2283,177]
[2283,177] 1 [2284,6]
[2284,6] 1 [2285,6]
[2285,6] 1 [2286,6]
[2286,6] 1 [2287,6]
[2287,6] 1 [2288,6]
[2288,6] 1 [2289,6]
[2289,6] 1 [2290,6]
[2290,6] 1 [2291,6]
[2291,6] 1 [2292,6]
[2292,6] 1 [2293,6]
[2293,6] 1 [2294,6]
[2294,6] 1 [2295,9]
[2295,9] 1 [2296,11]
[2296,11] 0 [2297,11]
[2297,11] 1 [2298,14]
[2298,14] 1 [2299,18]
[2299,18] 1 [2300,21]
[2300,21] 1 [2301,25]
[2301,25] 1 [2302,29]
[2302,29] 1 [2303,33]
[2303,33] 1 [2304,36]
[2304,36] 1 [2305,39]
[2305,39] 1 [2306,41]
[2306,41] 1 [2307,44]
[2307,44] 1 [2308,48]
[2308,48] 1 [2309,52]
[2309,52] 1 [2310,56]
[2310,56] 1 [2311,59]
[2311,59] 1 [2312,62]
[2312,62] 1 [2313,65]
[2313,65] 1 [2314,69]
[2314,69] 1 [2315,71]
[2315,71] 1 [2316,74]
[2316,74] 1 [2317,76]
[2317,76] 1 [2318,80]
[2318,80] 1 [2319,84]
[2319,84] 1 [2320,88]
[2320,88] 1 [2321,92]
[2321,92] 1 [2322,96]
[2322,96] 1 [2323,100]
[2323,100] 1 [2324,103]
[2324,103] 1 [2325,107]
[2325,107] 1 [2326,110]
[2326,110] 1 [2327,114]
[2327,114] 1 [2328,116]
[2328,116] 1 [2329,119]
[2329,119] 1 [2330,123]
[2330,123] 1 [2331,126]
[2331,126] 1 [2332,129]
[2332,129] 1 [2333,133]
[2333,133] 1 [2334,136]
[2334,136] 1 [2335,140]
[2335,140] 1 [2336,144]
[2336,144] 1 [2337,147]
[2337,147] 1 [2338,150]
[2338,150] 1 [2339,152]
[2339,152] 1 [2340,156]
[2340,156] 1 [2341,160]
[2341,160] 1 [2342,163]
[2342,163] 1 [2343,165]
[2343,165] 1 [2344,167]
[2344,167] 1 [2345,169]
[2345,169] 1 [2346,172]
[2346,172] 1 [2347,175]
[2347,175] 1 [2348,6]
[2348,6] 1 [2349,6]
[2349,6] 1 [2350,6]
[2350,6] 1 [2351,6]
[2351,6] 1 [2352,6]
[2352,6] 1 [2353,6]
[2353,6] 1 [2354,6]
[2354,6] 1 [2355,6]
[2355,6] 1 [2356,6]
[2356,6] 1 [2357,6]
[2357,6] 1 [2358,6]
[2358,6] 1 [2359,10]
[2359,10] 2 [2360,7]
[2360,7] 1 [2361,10]
[2361,10] 1 [2362,12]
[2362,12] 2 [2363,8]
[2363,8] 1 [2364,11]
[2364,11] 1 [2365,14]
[2365,14] 2 [2366,10]
[2366,10] 1 [2367,10]
[2367,10] 1 [2368,12]
[2368,12] 1 [2369,14]
[2369,14] 1 [2370,16]
[2370,16] 2 [2371,14]
[2371,14] 1 [2372,16]
[2372,16] 1 [2373,18]
[2373,18] 1 [2374,21]
[2374,21] 1 [2375,24]
[2375,24] 1 [2376,26]
[2376,26] 1 [2377,30]
[2377,30] 1 [2378,32]
[2378,32] 1 [2379,34]
[2379,34] 1 [2380,37]
[2380,37] 1 [2381,40]
[2381,40] 1 [2382,43]
[2382,43] 1 [2383,45]
[2383,45] 1 [2384,48]
[2384,48] 1 [2385,51]
[2385,51] 1 [2386,53]
[2386,53] 1 [2387,57]
[2387,57] 1 [2388,59]
[2388,59] 1 [2389,61]
[2389,61] 1 [2390,64]
[2390,64] 1 [2391,67]
[2391,67] 1 [2392,70]
[2392,70] 1 [2393,74]
[2393,74] 1 [2394,76]
[2394,76] 1 [2395,80]
[2395,80] 1 [2396,82]
[2396,82] 1 [2397,86]
[2397,86] 1 [2398,88]
[2398,88] 1 [2399,90]
[2399,90] 1 [2400,92]
[2400,92] 1 [2401,94]
[2401,94] 1 [2402,98]
[2402,98] 1 [2403,102]
[2403,102] 1 [2404,106]
[2404,106] 1 [2405,110]
[2405,110] 1 [2406,113]
[2406,113] 1 [2407,117]
[2407,117] 1 [2408,120]
[2408,120] 1 [2409,122]
[2409,122] 1 [2410,124]
[2410,124] 1 [2411,126]
[2411,126] 1 [2412,129]
[2412,129] 1 [2413,131]
[2413,131] 1 [2414,135]
[2414,135] 1 [2415,137]
[2415,137] 1 [2416,141]
[2416,141] 1 [2417,145]
[2417,145] 1 [2418,149]
[2418,149] 1 [2419,151]
[2419,151] 1 [2420,154]
[2420,154] 1 [2421,156]
[2421,156] 1 [2422,159]
[2422,159] 1 [2423,161]
[2423,161] 1 [2424,163]
[2424,163] 1 [2425,167]
[2425,167] 1 [2426,169]
[2426,169] 1 [2427,173]
[2427,173] 1 [2428,175]
[2428,175] 1 [2429,6]
[2429,6] 1 [2430,6]
[2430,6] 1 [2431,6]
[2431,6] 1 [2432,6]
[2432,6] 1 [2433,6]
[2433,6] 1 [2434,6]
[2434,6] 1 [2435,6]
[2435,6] 1 [2436,6]
[2436,6] 1 [2437,6]
[2437,6] 1 [2438,6]
[2438,6] 1 [2439,8]
[2439,8] 0 [2440,8]
[2440,8] 2 [2441,6]
[2441,6] 1 [2442,7]
[2442,7] 1 [2443,9]
[2443,9] 1 [2444,13]
[2444,13] 1 [2445,17]
[2445,17] 1 [2446,21]
[2446,21] 2 [2447,19]
[2447,19] 2 [2448,15]
[2448,15] 2 [2449,12]
[2449,12] 1 [2450,14]
[2450,14] 2 [2451,10]
[2451,10] 1 [2452,8]
[2452,8] 1 [2453,12]
[2453,12] 1 [2454,15]
[2454,15] 2 [2455,11]
[2455,11] 1 [2456,9]
[2456,9] 1 [2457,11]
[2457,11] 2 [2458,7]
[2458,7] 1 [2459,9]
[2459,9] 1 [2460,12]
[2460,12] 2 [2461,8]
[2461,8] 1 [2462,11]
[2462,11] 2 [2463,8]
[2463,8] 1 [2464,10]
[2464,10] 1 [2465,12]
[2465,12] 1 [2466,15]
[2466,15] 1 [2467,17]
[2467,17] 1 [2468,21]
[2468,21] 1 [2469,23]
[2469,23] 1 [2470,27]
[2470,27] 1 [2471,30]
[2471,30] 1 [2472,34]
[2472,34] 1 [2473,36]
[2473,36] 1 [2474,38]
[2474,38] 1 [2475,42]
[2475,42] 1 [2476,44]
[2476,44] 1 [2477,47]
[2477,47] 1 [2478,50]
[2478,50] 1 [2479,54]
[2479,54] 1 [2480,57]
[2480,57] 1 [2481,59]
[2481,59] 1 [2482,63]
[2482,63] 1 [2483,66]
[2483,66] 1 [2484,68]
[2484,68] 1 [2485,70]
[2485,70] 1 [2486,74]
[2486,74] 1 [2487,77]
[2487,77] 1 [2488,80]
[2488,80] 1 [2489,84]
[2489,84] 1 [2490,88]
[2490,88] 1 [2491,91]
[2491,91] 1 [2492,95]
[2492,95] 1 [2493,98]
[2493,98] 1 [2494,102]
[2494,102] 1 [2495,105]
[2495,105] 1 [2496,107]
[2496,107] 1 [2497,109]
[2497,109] 1 [2498,112]
[2498,112] 1 [2499,115]
[2499,115] 2 [2500,112]
[2500,112] 1 [2501,115]
[2501,115] 1 [2502,118]
[2502,118] 2 [2503,114]
[2503,114] 1 [2504,115]
[2504,115] 1 [2505,117]
[2505,117] 1 [2506,121]
[2506,121] 1 [2507,124]
[2507,124] 1 [2508,126]
[2508,126] 1 [2509,128]
[2509,128] 1 [2510,132]
[2510,132] 1 [2511,134]
[2511,134] 1 [2512,138]
[2512,138] 1 [2513,140]
[2513,140] 1 [2514,144]
[2514,144] 1 [2515,147]
[2515,147] 1 [2516,149]
[2516,149] 1 [2517,151]
[2517,151] 1 [2518,154]
[2518,154] 1 [2519,156]
[2519,156] 1 [2520,160]
[2520,160] 1 [2521,162]
[2521,162] 1 [2522,164]
[2522,164] 1 [2523,168]
[2523,168] 1 [2524,172]
[2524,172] 1 [2525,174]
[2525,174] 1 [2526,176]
[2526,176] 1 [2527,6]
[2527,6] 1 [2528,6]
[2528,6] 1 [2529,6]
[2529,6] 1 [2530,6]
[2530,6] 1 [2531,6]
[2531,6] 1 [2532,6]
[2532,6] 1 [2533,6]
[2533,6] 1 [2534,6]
[2534,6] 1 [2535,6]
[2535,6] 1 [2536,6]
[2536,6] 1 [2537,8]
[2537,8] 1 [2538,10]
[2538,10] 1 [2539,14]
[2539,14] 1 [2540,16]
[2540,16] 1 [2541,19]
[2541,19] 0 [2542,19]
[2542,19] 2 [2543,15]
[2543,15] 2 [2544,11]
[2544,11] 1 [2545,14]
[2545,14] 2 [2546,10]
[2546,10] 1 [2547,10]
[2547,10] 1 [2548,12]
[2548,12] 1 [2549,14]
[2549,14] 1 [2550,16]
[2550,16] 1 [2551,20]
[2551,20] 2 [2552,16]
[2552,16] 2 [2553,12]
[2553,12] 1 [2554,14]
[2554,14] 1 [2555,17]
[2555,17] 1 [2556,19]
[2556,19] 1 [2557,22]
[2557,22] 1 [2558,26]
[2558,26] 1 [2559,28]
[2559,28] 1 [2560,32]
[2560,32] 1 [2561,35]
[2561,35] 1 [2562,37]
[2562,37] 1 [2563,41]
[2563,41] 1 [2564,45]
[2564,45] 1 [2565,48]
[2565,48] 1 [2566,52]
[2566,52] 1 [2567,54]
[2567,54] 1 [2568,57]
[2568,57] 1 [2569,60]
[2569,60] 1 [2570,62]
[2570,62] 1 [2571,64]
[2571,64] 1 [2572,66]
[2572,66] 1 [2573,70]
[2573,70] 1 [2574,72]
[2574,72] 1 [2575,74]
[2575,74] 1 [2576,78]
[2576,78] 1 [2577,81]
[2577,81] 1 [2578,85]
[2578,85] 1 [2579,89]
[2579,89] 1 [2580,91]
[2580,91] 1 [2581,94]
[2581,94] 1 [2582,98]
[2582,98] 1 [2583,101]
[2583,101] 1 [2584,104]
[2584,104] 1 [2585,108]
[2585,108] 1 [2586,112]
[2586,112] 1 [2587,115]
[2587,115] 1 [2588,117]
[2588,117] 2 [2589,113]
[2589,113] 1 [2590,110]
[2590,110] 1 [2591,111]
[2591,111] 1 [2592,114]
[2592,114] 1 [2593,118]
[2593,118] 1 [2594,121]
[2594,121] 1 [2595,125]
[2595,125] 1 [2596,129]
[2596,129] 1 [2597,133]
[2597,133] 1 [2598,137]
[2598,137] 1 [2599,141]
[2599,141] 1 [2600,143]
[2600,143] 1 [2601,147]
[2601,147] 1 [2602,151]
[2602,151] 1 [2603,155]
[2603,155] 1 [2604,159]
[2604,159] 1 [2605,163]
[2605,163] 1 [2606,166]
[2606,166] 1 [2607,169]
[2607,169] 1 [2608,172]
[2608,172] 1 [2609,175]
[2609,175] 1 [2610,6]
[2610,6] 1 [2611,6]
[2611,6] 1 [2612,6]
[2612,6] 1 [2613,6]
[2613,6] 1 [2614,6]
[2614,6] 1 [2615,6]
[2615,6] 1 [2616,6]
[2616,6] 1 [2617,6]
[2617,6] 1 [2618,6]
[2618,6] 1 [2619,6]
[2619,6] 1 [2620,6]
[2620,6] 1 [2621,6]
[2621,6] 1 [2622,7]
[2622,7] 0 [2623,7]
[2623,7] 1 [2624,10]
[2624,10] 1 [2625,13]
[2625,13] 2 [2626,9]
[2626,9] 1 [2627,11]
[2627,11] 1 [2628,13]
[2628,13] 1 [2629,15]
[2629,15] 1 [2630,19]
[2630,19] 2 [2631,15]
[2631,15] 1 [2632,15]
[2632,15] 1 [2633,17]
[2633,17] 1 [2634,21]
[2634,21] 1 [2635,23]
[2635,23] 1 [2636,25]
[2636,25] 1 [2637,27]
[2637,27] 1 [2638,29]
[2638,29] 1 [2639,33]
[2639,33] 1 [2640,37]
[2640,37] 1 [2641,41]
[2641,41] 1 [2642,44]
[2642,44] 1 [2643,47]
[2643,47] 1 [2644,49]
[2644,49] 1 [2645,52]
[2645,52] 1 [2646,55]
[2646,55] 1 [2647,57]
[2647,57] 1 [2648,59]
[2648,59] 1 [2649,63]
[2649,63] 1 [2650,66]
[2650,66] 1 [2651,69]
[2651,69] 1 [2652,71]
[2652,71] 1 [2653,75]
[2653,75] 1 [2654,77]
[2654,77] 1 [2655,80]
[2655,80] 1 [2656,82]
[2656,82] 1 [2657,86]
[2657,86] 1 [2658,88]
[2658,88] 1 [2659,91]
[2659,91] 1 [2660,93]
[2660,93] 1 [2661,95]
[2661,95] 1 [2662,99]
[2662,99] 1 [2663,102]
[2663,102] 1 [2664,105]
[2664,105] 1 [2665,108]
[2665,108] 1 [2666,110]
[2666,110] 1 [2667,113]
[2667,113] 1 [2668,115]
[2668,115] 1 [2669,118]
[2669,118] 1 [2670,121]
[2670,121] 1 [2671,123]
[2671,123] 1 [2672,125]
[2672,125] 1 [2673,128]
[2673,128] 1 [2674,131]
[2674,131] 1 [2675,135]
[2675,135] 1 [2676,138]
[2676,138] 1 [2677,141]
[2677,141] 1 [2678,144]
[2678,144] 1 [2679,146]
[2679,146] 1 [2680,150]
[2680,150] 1 [2681,152]
[2681,152] 1 [2682,155]
[2682,155] 1 [2683,159]
[2683,159] 1 [2684,161]
[2684,161] 1 [2685,163]
[2685,163] 1 [2686,166]
[2686,166] 1 [2687,170]
[2687,170] 1 [2688,172]
[2688,172] 1 [2689,176]
[2609,175] 1 [2610,6]
[2610,6] 1 [2611,6]
[2611,6] 1 [2612,6]
[2612,6] 1 [2613,6]
[2613,6] 1 [2614,6]
[2614,6] 1 [2615,6]
[2615,6] 1 [2616,6]
[2616,6] 1 [2617,6]
[2617,6] 1 [2618,6]
[2618,6] 1 [2619,6]
[2619,6] 1 [2620,6]
[2620,6] 1 [2621,6]
[2621,6] 1 [2622,7]
[2622,7] 0 [2623,7]
[2623,7] 1 [2624,10]
[2624,10] 1 [2625,13]
[2625,13] 2 [2626,9]
[2626,9] 1 [2627,11]
[2627,11] 1 [2628,13]
[2628,13] 1 [2629,15]
[2629,15] 1 [2630,19]
[2630,19] 2 [2631,15]
[2631,15] 1 [2632,15]
[2632,15] 1 [2633,17]
[2633,17] 1 [2634,21]
[2634,21] 1 [2635,23]
[2635,23] 1 [2636,25]
[2636,25] 1 [2637,27]
[2637,27] 1 [2638,29]
[2638,29] 1 [2639,33]
[2639,33] 1 [2640,37]
[2640,37] 1 [2641,41]
[2641,41] 1 [2642,44]
[2642,44] 1 [2643,47]
[2643,47] 1 [2644,49]
[2644,49] 1 [2645,52]
[2645,52] 1 [2646,55]
[2646,55] 1 [2647,57]
[2647,57] 1 [2648,59]
[2648,59] 1 [2649,63]
[2649,63] 1 [2650,66]
[2650,66] 1 [2651,69]
[2651,69] 1 [2652,71]
[2652,71] 1 [2653,75]
[2653,75] 1 [2654,77]
[2654,77] 1 [2655,80]
[2655,80] 1 [2656,82]
[2656,82] 1 [2657,86]
[2657,86] 1 [2658,88]
[2658,88] 1 [2659,91]
[2659,91] 1 [2660,93]
[2660,93] 1 [2661,95]
[2661,95] 1 [2662,99]
[2662,99] 1 [2663,102]
[2663,102] 1 [2664,105]
[2664,105] 1 [2665,108]
[2665,108] 1 [2666,110]
[2666,110] 1 [2667,113]
[2667,113] 1 [2668,115]
[2668,115] 1 [2669,118]
[2669,118] 1 [2670,121]
[2670,121] 1 [2671,123]
[2671,123] 1 [2672,125]
[2672,125] 1 [2673,128]
[2673,128] 1 [2674,131]
[2674,131] 1 [2675,135]
[2675,135] 1 [2676,138]
[2676,138] 1 [2677,141]
[2677,141] 1 [2678,144]
[2678,144] 1 [2679,146]
[2679,146] 1 [2680,150]
[2680,150] 1 [2681,152]
[2681,152] 1 [2682,155]
[2682,155] 1 [2683,159]
[2683,159] 1 [2684,161]
[2684,161] 1 [2685,163]
[2685,163] 1 [2686,166]
[2686,166] 1 [2687,170]
[2687,170] 1 [2688,172]
[2688,172] 1 [2689,176]
