[0,6] 1 [1,9]
[1,9] 1 [2,12]
[2,12] 1 [3,15]
[3,15] 1 [4,19]
[4,19] 1 [5,23]
[5,23] 1 [6,26]
[6,26] 1 [7,28]
[7,28] 1 [8,30]
[8,30] 1 [9,33]
[9,33] 1 [10,35]
[10,35] 1 [11,39]
[11,39] 1 [12,42]
[12,42] 1 [13,45]
[13,45] 1 [14,47]
[14,47] 1 [15,51]
[15,51] 1 [16,55]
[16,55] 1 [17,58]
[17,58] 1 [18,61]
[18,61] 1 [19,64]
[19,64] 1 [20,66]
[20,66] 1 [21,69]
[21,69] 1 [22,73]
[22,73] 1 [23,76]
[23,76] 1 [24,79]
[24,79] 1 [25,82]
[25,82] 1 [26,84]
[26,84] 1 [27,87]
[27,87] 1 [28,89]
[28,89] 1 [29,93]
[29,93] 1 [30,97]
[30,97] 1 [31,100]
[31,100] 1 [32,103]
[32,103] 1 [33,106]
[33,106] 1 [34,108]
[34,108] 1 [35,112]
[35,112] 1 [36,114]
[36,114] 1 [37,117]
[37,117] 1 [38,121]
[38,121] 1 [39,123]
[39,123] 1 [40,127]
[40,127] 1 [41,130]
[41,130] 1 [42,134]
[42,134] 1 [43,138]
[43,138] 1 [44,140]
[44,140] 1 [45,143]
[45,143] 1 [46,145]
[46,145] 1 [47,148]
[47,148] 1 [48,151]
[48,151] 1 [49,153]
[49,153] 1 [50,157]
[50,157] 1 [51,161]
[51,161] 1 [52,163]
[52,163] 1 [53,165]
[53,165] 1 [54,167]
[54,167] 1 [55,169]
[55,169] 1 [56,171]
[56,171] 1 [57,174]
[57,174] 1 [58,177]
[58,177] 1 [59,6]
[59,6] 1 [60,6]
[60,6] 1 [61,6]
[61,6] 1 [62,6]
[62,6] 1 [63,6]
[63,6] 1 [64,6]
[64,6] 1 [65,6]
[65,6] 1 [66,6]
[66,6] 1 [67,6]
[67,6] 1 [68,7]
[68,7] 2 [69,7]
[69,7] 1 [70,9]
[70,9] 1 [71,11]
[71,11] 0 [72,12]
[72,12] 0 [73,12]
[73,12] 1 [74,14]
[74,14] 2 [75,10]
[75,10] 2 [76,6]
[76,6] 1 [77,8]
[77,8] 1 [78,10]
[78,10] 1 [79,12]
[79,12] 0 [80,13]
[80,13] 2 [81,12]
[81,12] 2 [82,8]
[82,8] 0 [83,8]
[83,8] 1 [84,9]
[84,9] 0 [85,9]
[85,9] 1 [86,11]
[86,11] 2 [87,11]
[87,11] 1 [88,11]
[88,11] 1 [89,13]
[89,13] 1 [90,16]
[90,16] 1 [91,18]
[91,18] 1 [92,21]
[92,21] 1 [93,25]
[93,25] 1 [94,29]
[94,29] 1 [95,33]
[95,33] 1 [96,37]
[96,37] 1 [97,41]
[97,41] 1 [98,44]
[98,44] 1 [99,46]
[99,46] 1 [100,50]
[100,50] 1 [101,54]
[101,54] 1 [102,58]
[102,58] 1 [103,62]
[103,62] 1 [104,66]
[104,66] 1 [105,69]
[105,69] 1 [106,73]
[106,73] 1 [107,76]
[107,76] 1 [108,79]
[108,79] 1 [109,83]
[109,83] 1 [110,85]
[110,85] 1 [111,89]
[111,89] 1 [112,93]
[112,93] 1 [113,95]
[113,95] 1 [114,99]
[114,99] 1 [115,101]
[115,101] 1 [116,103]
[116,103] 1 [117,106]
[117,106] 1 [118,108]
[118,108] 1 [119,112]
[119,112] 1 [120,114]
[120,114] 1 [121,116]
[121,116] 1 [122,120]
[122,120] 1 [123,124]
[123,124] 1 [124,127]
[124,127] 1 [125,130]
[125,130] 1 [126,133]
[126,133] 1 [127,135]
[127,135] 1 [128,139]
[128,139] 1 [129,142]
[129,142] 1 [130,145]
[130,145] 1 [131,147]
[131,147] 1 [132,149]
[132,149] 1 [133,151]
[133,151] 1 [134,155]
[134,155] 1 [135,157]
[135,157] 1 [136,159]
[136,159] 1 [137,162]
[137,162] 1 [138,166]
[138,166] 1 [139,168]
[139,168] 1 [140,172]
[140,172] 1 [141,176]
[141,176] 1 [142,6]
[142,6] 1 [143,6]
[143,6] 1 [144,6]
[144,6] 1 [145,6]
[145,6] 1 [146,6]
[146,6] 1 [147,6]
[147,6] 1 [148,6]
[148,6] 1 [149,6]
[149,6] 1 [150,6]
[150,6] 1 [151,6]
[151,6] 1 [152,7]
[152,7] 2 [153,8]
[153,8] 1 [154,11]
[154,11] 1 [155,15]
[155,15] 1 [156,18]
[156,18] 1 [157,20]
[157,20] 1 [158,23]
[158,23] 1 [159,25]
[159,25] 1 [160,29]
[160,29] 1 [161,33]
[161,33] 1 [162,35]
[162,35] 1 [163,38]
[163,38] 1 [164,42]
[164,42] 1 [165,45]
[165,45] 1 [166,49]
[166,49] 1 [167,53]
[167,53] 1 [168,55]
[168,55] 1 [169,58]
[169,58] 1 [170,61]
[170,61] 1 [171,65]
[171,65] 1 [172,69]
[172,69] 1 [173,73]
[173,73] 1 [174,76]
[174,76] 1 [175,80]
[175,80] 1 [176,83]
[176,83] 1 [177,87]
[177,87] 1 [178,90]
[178,90] 1 [179,92]
[179,92] 1 [180,94]
[180,94] 1 [181,98]
[181,98] 1 [182,101]
[182,101] 1 [183,104]
[183,104] 1 [184,107]
[184,107] 1 [185,111]
[185,111] 1 [186,115]
[186,115] 1 [187,117]
[187,117] 1 [188,120]
[188,120] 1 [189,124]
[189,124] 1 [190,126]
[190,126] 1 [191,130]
[191,130] 1 [192,134]
[192,134] 1 [193,136]
[193,136] 1 [194,139]
[194,139] 1 [195,142]
[195,142] 1 [196,144]
[196,144] 1 [197,146]
[197,146] 1 [198,150]
[198,150] 1 [199,153]
[199,153] 1 [200,155]
[200,155] 1 [201,158]
[201,158] 1 [202,162]
[202,162] 1 [203,166]
[203,166] 1 [204,169]
[204,169] 1 [205,173]
[205,173] 1 [206,175]
[206,175] 1 [207,6]
[207,6] 1 [208,6]
[208,6] 1 [209,6]
[209,6] 1 [210,6]
[210,6] 1 [211,6]
[211,6] 1 [212,6]
[212,6] 1 [213,6]
[213,6] 1 [214,6]
[214,6] 1 [215,6]
[215,6] 1 [216,6]
[216,6] 1 [217,6]
[217,6] 1 [218,6]
[218,6] 0 [219,7]
[219,7] 1 [220,9]
[220,9] 2 [221,6]
[221,6] 1 [222,8]
[222,8] 1 [223,11]
[223,11] 1 [224,15]
[224,15] 2 [225,12]
[225,12] 2 [226,9]
[226,9] 1 [227,11]
[227,11] 2 [228,9]
[228,9] 1 [229,10]
[229,10] 1 [230,13]
[230,13] 1 [231,17]
[231,17] 1 [232,20]
[232,20] 2 [233,16]
[233,16] 1 [234,19]
[234,19] 2 [235,15]
[235,15] 2 [236,11]
[236,11] 1 [237,14]
[237,14] 1 [238,16]
[238,16] 1 [239,20]
[239,20] 1 [240,23]
[240,23] 1 [241,27]
[241,27] 1 [242,31]
[242,31] 1 [243,35]
[243,35] 1 [244,39]
[244,39] 1 [245,41]
[245,41] 1 [246,45]
[246,45] 1 [247,49]
[247,49] 1 [248,52]
[248,52] 1 [249,56]
[249,56] 1 [250,60]
[250,60] 1 [251,63]
[251,63] 1 [252,66]
[252,66] 1 [253,69]
[253,69] 2 [254,65]
[254,65] 1 [255,67]
[255,67] 1 [256,69]
[256,69] 1 [257,72]
[257,72] 1 [258,76]
[258,76] 1 [259,80]
[259,80] 1 [260,84]
[260,84] 1 [261,88]
[261,88] 1 [262,92]
[262,92] 1 [263,94]
[263,94] 1 [264,97]
[264,97] 1 [265,100]
[265,100] 1 [266,102]
[266,102] 1 [267,106]
[267,106] 1 [268,108]
[268,108] 1 [269,112]
[269,112] 1 [270,115]
[270,115] 1 [271,118]
[271,118] 1 [272,121]
[272,121] 1 [273,123]
[273,123] 1 [274,125]
[274,125] 1 [275,127]
[275,127] 1 [276,130]
[276,130] 1 [277,134]
[277,134] 1 [278,138]
[278,138] 1 [279,141]
[279,141] 1 [280,144]
[280,144] 1 [281,146]
[281,146] 1 [282,150]
[282,150] 1 [283,153]
[283,153] 1 [284,156]
[284,156] 1 [285,158]
[285,158] 1 [286,162]
[286,162] 1 [287,164]
[287,164] 1 [288,166]
[288,166] 1 [289,168]
[289,168] 1 [290,171]
[290,171] 1 [291,175]
[291,175] 1 [292,177]
[292,177] 1 [293,6]
[293,6] 1 [294,6]
[294,6] 1 [295,6]
[295,6] 1 [296,6]
[296,6] 1 [297,6]
[297,6] 1 [298,6]
[298,6] 1 [299,6]
[299,6] 1 [300,6]
[300,6] 1 [301,6]
[301,6] 1 [302,9]
[302,9] 1 [303,11]
[303,11] 0 [304,11]
[304,11] 2 [305,7]
[305,7] 1 [306,9]
[306,9] 1 [307,12]
[307,12] 1 [308,16]
[308,16] 2 [309,12]
[309,12] 1 [310,10]
[310,10] 1 [311,12]
[311,12] 1 [312,16]
[312,16] 1 [313,20]
[313,20] 1 [314,23]
[314,23] 1 [315,27]
[315,27] 1 [316,30]
[316,30] 1 [317,34]
[317,34] 2 [318,32]
[318,32] 2 [319,28]
[319,28] 1 [320,31]
[320,31] 1 [321,33]
[321,33] 1 [322,35]
[322,35] 1 [323,39]
[323,39] 1 [324,41]
[324,41] 1 [325,44]
[325,44] 1 [326,46]
[326,46] 1 [327,48]
[327,48] 1 [328,51]
[328,51] 1 [329,54]
[329,54] 1 [330,58]
[330,58] 1 [331,61]
[331,61] 1 [332,64]
[332,64] 1 [333,67]
[333,67] 1 [334,69]
[334,69] 1 [335,73]
[335,73] 1 [336,75]
[336,75] 1 [337,77]
[337,77] 1 [338,79]
[338,79] 1 [339,83]
[339,83] 1 [340,87]
[340,87] 1 [341,89]
[341,89] 1 [342,92]
[342,92] 1 [343,95]
[343,95] 1 [344,98]
[344,98] 1 [345,102]
[345,102] 1 [346,106]
[346,106] 1 [347,108]
[347,108] 1 [348,112]
[348,112] 1 [349,116]
[349,116] 1 [350,118]
[350,118] 1 [351,120]
[351,120] 2 [352,116]
[352,116] 2 [353,113]
[353,113] 2 [354,110]
[354,110] 1 [355,110]
[355,110] 1 [356,112]
[356,112] 1 [357,116]
[357,116] 1 [358,119]
[358,119] 1 [359,123]
[359,123] 1 [360,126]
[360,126] 1 [361,129]
[361,129] 1 [362,133]
[362,133] 1 [363,136]
[363,136] 1 [364,140]
[364,140] 1 [365,144]
[365,144] 1 [366,147]
[366,147] 1 [367,149]
[367,149] 1 [368,153]
[368,153] 1 [369,155]
[369,155] 1 [370,159]
[370,159] 1 [371,162]
[371,162] 1 [372,164]
[372,164] 1 [373,167]
[373,167] 1 [374,171]
[374,171] 1 [375,175]
[375,175] 1 [376,6]
[376,6] 1 [377,6]
[377,6] 1 [378,6]
[378,6] 1 [379,6]
[379,6] 1 [380,6]
[380,6] 1 [381,6]
[381,6] 1 [382,6]
[382,6] 1 [383,6]
[383,6] 1 [384,6]
[384,6] 1 [385,7]
[385,7] 1 [386,9]
[386,9] 1 [387,13]
[387,13] 1 [388,15]
[388,15] 1 [389,17]
[389,17] 2 [390,13]
[390,13] 1 [391,11]
[391,11] 1 [392,13]
[392,13] 1 [393,17]
[393,17] 1 [394,19]
[394,19] 2 [395,15]
[395,15] 2 [396,11]
[396,11] 2 [397,7]
[397,7] 1 [398,9]
[398,9] 1 [399,12]
[399,12] 1 [400,16]
[400,16] 1 [401,19]
[401,19] 2 [402,15]
[402,15] 1 [403,17]
[403,17] 1 [404,20]
[404,20] 1 [405,23]
[405,23] 1 [406,27]
[406,27] 1 [407,29]
[407,29] 1 [408,33]
[408,33] 1 [409,35]
[409,35] 1 [410,39]
[410,39] 1 [411,42]
[411,42] 1 [412,45]
[412,45] 1 [413,49]
[413,49] 1 [414,52]
[414,52] 1 [415,54]
[415,54] 1 [416,57]
[416,57] 1 [417,60]
[417,60] 1 [418,62]
[418,62] 1 [419,64]
[419,64] 1 [420,67]
[420,67] 1 [421,69]
[421,69] 1 [422,73]
[422,73] 1 [423,75]
[423,75] 1 [424,77]
[424,77] 1 [425,79]
[425,79] 1 [426,81]
[426,81] 1 [427,83]
[427,83] 1 [428,86]
[428,86] 1 [429,88]
[429,88] 1 [430,91]
[430,91] 1 [431,95]
[431,95] 1 [432,99]
[432,99] 2 [433,95]
[433,95] 1 [434,97]
[434,97] 1 [435,101]
[435,101] 1 [436,104]
[436,104] 1 [437,108]
[437,108] 2 [438,104]
[438,104] 1 [439,106]
[439,106] 1 [440,108]
[440,108] 1 [441,111]
[441,111] 1 [442,115]
[442,115] 1 [443,117]
[443,117] 1 [444,119]
[444,119] 1 [445,121]
[445,121] 1 [446,123]
[446,123] 1 [447,126]
[447,126] 1 [448,128]
[448,128] 1 [449,131]
[449,131] 1 [450,134]
[450,134] 1 [451,138]
[451,138] 1 [452,142]
[452,142] 1 [453,146]
[453,146] 1 [454,148]
[454,148] 1 [455,150]
[455,150] 1 [456,153]
[456,153] 1 [457,156]
[457,156] 1 [458,160]
[458,160] 1 [459,164]
[459,164] 1 [460,167]
[460,167] 1 [461,170]
[461,170] 1 [462,173]
[462,173] 1 [463,177]
[463,177] 1 [464,6]
[464,6] 1 [465,6]
[465,6] 1 [466,6]
[466,6] 1 [467,6]
[467,6] 1 [468,6]
[468,6] 1 [469,6]
[469,6] 1 [470,6]
[470,6] 1 [471,6]
[471,6] 1 [472,6]
[472,6] 1 [473,6]
[473,6] 1 [474,6]
[474,6] 1 [475,7]
[475,7] 1 [476,9]
[476,9] 2 [477,9]
[477,9] 1 [478,13]
[478,13] 1 [479,16]
[479,16] 1 [480,18]
[480,18] 2 [481,16]
[481,16] 2 [482,14]
[482,14] 2 [483,10]
[483,10] 1 [484,11]
[484,11] 1 [485,13]
[485,13] 1 [486,15]
[486,15] 1 [487,18]
[487,18] 1 [488,20]
[488,20] 1 [489,23]
[489,23] 1 [490,26]
[490,26] 1 [491,29]
[491,29] 1 [492,33]
[492,33] 1 [493,37]
[493,37] 1 [494,39]
[494,39] 2 [495,39]
[495,39] 1 [496,42]
[496,42] 1 [497,44]
[497,44] 1 [498,46]
[498,46] 1 [499,48]
[499,48] 1 [500,50]
[500,50] 1 [501,53]
[501,53] 1 [502,57]
[502,57] 1 [503,61]
[503,61] 1 [504,63]
[504,63] 1 [505,66]
[505,66] 1 [506,68]
[506,68] 1 [507,72]
[507,72] 1 [508,76]
[508,76] 1 [509,80]
[509,80] 1 [510,82]
[510,82] 1 [511,85]
[511,85] 1 [512,87]
[512,87] 1 [513,89]
[513,89] 1 [514,92]
[514,92] 1 [515,94]
[515,94] 1 [516,98]
[516,98] 1 [517,101]
[517,101] 1 [518,103]
[518,103] 1 [519,107]
[519,107] 1 [520,111]
[520,111] 1 [521,114]
[521,114] 1 [522,117]
[522,117] 1 [523,121]
[523,121] 1 [524,123]
[524,123] 1 [525,125]
[525,125] 1 [526,129]
[526,129] 1 [527,131]
[527,131] 1 [528,135]
[528,135] 1 [529,137]
[529,137] 1 [530,141]
[530,141] 1 [531,143]
[531,143] 1 [532,146]
[532,146] 1 [533,150]
[533,150] 1 [534,154]
[534,154] 1 [535,158]
[535,158] 1 [536,160]
[536,160] 1 [537,164]
[537,164] 1 [538,166]
[538,166] 1 [539,170]
[539,170] 1 [540,174]
[540,174] 1 [541,176]
[541,176] 1 [542,6]
[542,6] 1 [543,6]
[543,6] 1 [544,6]
[544,6] 1 [545,6]
[545,6] 1 [546,6]
[546,6] 1 [547,6]
[547,6] 1 [548,6]
[548,6] 1 [549,6]
[549,6] 1 [550,6]
[550,6] 1 [551,6]
[551,6] 0 [552,6]
[552,6] 1 [553,9]
[553,9] 1 [554,12]
[554,12] 1 [555,15]
[555,15] 2 [556,11]
[556,11] 1 [557,14]
[557,14] 1 [558,18]
[558,18] 1 [559,20]
[559,20] 1 [560,22]
[560,22] 1 [561,26]
[561,26] 1 [562,28]
[562,28] 1 [563,31]
[563,31] 1 [564,34]
[564,34] 1 [565,37]
[565,37] 1 [566,39]
[566,39] 1 [567,42]
[567,42] 1 [568,44]
[568,44] 1 [569,47]
[569,47] 1 [570,50]
[570,50] 1 [571,54]
[571,54] 1 [572,57]
[572,57] 1 [573,61]
[573,61] 1 [574,65]
[574,65] 1 [575,69]
[575,69] 1 [576,72]
[576,72] 1 [577,74]
[577,74] 1 [578,77]
[578,77] 1 [579,81]
[579,81] 1 [580,85]
[580,85] 1 [581,87]
[581,87] 1 [582,91]
[582,91] 1 [583,94]
[583,94] 1 [584,97]
[584,97] 1 [585,100]
[585,100] 1 [586,102]
[586,102] 1 [587,104]
[587,104] 1 [588,107]
[588,107] 1 [589,111]
[589,111] 1 [590,115]
[590,115] 1 [591,119]
[591,119] 1 [592,123]
[592,123] 1 [593,126]
[593,126] 1 [594,129]
[594,129] 1 [595,133]
[595,133] 1 [596,137]
[596,137] 1 [597,139]
[597,139] 1 [598,141]
[598,141] 1 [599,144]
[599,144] 1 [600,146]
[600,146] 1 [601,150]
[601,150] 1 [602,152]
[602,152] 1 [603,155]
[603,155] 1 [604,159]
[604,159] 1 [605,162]
[605,162] 1 [606,165]
[606,165] 1 [607,169]
[607,169] 1 [608,172]
[608,172] 1 [609,176]
[609,176] 1 [610,6]
[610,6] 1 [611,6]
[611,6] 1 [612,6]
[612,6] 1 [613,6]
[613,6] 1 [614,6]
[614,6] 1 [615,6]
[615,6] 1 [616,6]
[616,6] 1 [617,6]
[617,6] 1 [618,6]
[618,6] 1 [619,6]
[619,6] 1 [620,7]
[620,7] 1 [621,10]
[621,10] 2 [622,6]
[622,6] 1 [623,9]
[623,9] 1 [624,13]
[624,13] 2 [625,11]
[625,11] 0 [626,8]
[626,8] 1 [627,10]
[627,10] 1 [628,12]
[628,12] 1 [629,16]
[629,16] 1 [630,20]
[630,20] 1 [631,23]
[631,23] 1 [632,25]
[632,25] 1 [633,27]
[633,27] 1 [634,29]
[634,29] 1 [635,33]
[635,33] 1 [636,35]
[636,35] 1 [637,37]
[637,37] 1 [638,41]
[638,41] 1 [639,44]
[639,44] 1 [640,47]
[640,47] 1 [641,49]
[641,49] 1 [642,52]
[642,52] 1 [643,54]
[643,54] 1 [644,57]
[644,57] 1 [645,60]
[645,60] 1 [646,64]
[646,64] 1 [647,68]
[647,68] 1 [648,72]
[648,72] 1 [649,76]
[649,76] 1 [650,78]
[650,78] 1 [651,80]
[651,80] 1 [652,83]
[652,83] 1 [653,85]
[653,85] 1 [654,87]
[654,87] 1 [655,90]
[655,90] 1 [656,93]
[656,93] 1 [657,97]
[657,97] 1 [658,101]
[658,101] 1 [659,103]
[659,103] 1 [660,107]
[660,107] 1 [661,111]
[661,111] 1 [662,114]
[662,114] 1 [663,118]
[663,118] 1 [664,121]
[664,121] 1 [665,123]
[665,123] 1 [666,127]
[666,127] 1 [667,129]
[667,129] 1 [668,131]
[668,131] 1 [669,135]
[669,135] 1 [670,137]
[670,137] 1 [671,140]
[671,140] 1 [672,142]
[672,142] 1 [673,144]
[673,144] 1 [674,148]
[674,148] 1 [675,151]
[675,151] 1 [676,155]
[676,155] 1 [677,157]
[677,157] 1 [678,161]
[678,161] 1 [679,165]
[679,165] 1 [680,169]
[680,169] 1 [681,171]
[681,171] 1 [682,175]
[682,175] 1 [683,177]
[683,177] 1 [684,6]
[684,6] 1 [685,6]
[685,6] 1 [686,6]
[686,6] 1 [687,6]
[687,6] 1 [688,6]
[688,6] 1 [689,6]
[689,6] 1 [690,6]
[690,6] 1 [691,6]
[691,6] 1 [692,6]
[692,6] 1 [693,6]
[693,6] 1 [694,6]
[694,6] 1 [695,10]
[695,10] 0 [696,10]
[696,10] 1 [697,12]
[697,12] 2 [698,10]
[698,10] 1 [699,10]
[699,10] 1 [700,12]
[700,12] 1 [701,14]
[701,14] 1 [702,17]
[702,17] 1 [703,20]
[703,20] 1 [704,23]
[704,23] 1 [705,25]
[705,25] 1 [706,28]
[706,28] 1 [707,32]
[707,32] 1 [708,35]
[708,35] 1 [709,37]
[709,37] 1 [710,41]
[710,41] 1 [711,43]
[711,43] 1 [712,45]
[712,45] 1 [713,47]
[713,47] 1 [714,49]
[714,49] 1 [715,52]
[715,52] 1 [716,55]
[716,55] 1 [717,59]
[717,59] 1 [718,63]
[718,63] 1 [719,65]
[719,65] 1 [720,69]
[720,69] 1 [721,73]
[721,73] 1 [722,75]
[722,75] 1 [723,79]
[723,79] 1 [724,83]
[724,83] 1 [725,85]
[725,85] 1 [726,88]
[726,88] 1 [727,90]
[727,90] 1 [728,93]
[728,93] 1 [729,96]
[729,96] 1 [730,99]
[730,99] 1 [731,101]
[731,101] 1 [732,104]
[732,104] 1 [733,108]
[733,108] 1 [734,110]
[734,110] 1 [735,114]
[735,114] 1 [736,118]
[736,118] 1 [737,122]
[737,122] 1 [738,124]
[738,124] 1 [739,127]
[739,127] 1 [740,130]
[740,130] 1 [741,133]
[741,133] 1 [742,135]
[742,135] 1 [743,139]
[743,139] 1 [744,143]
[744,143] 1 [745,146]
[745,146] 1 [746,149]
[746,149] 1 [747,152]
[747,152] 1 [748,156]
[748,156] 1 [749,158]
[749,158] 1 [750,162]
[750,162] 1 [751,166]
[751,166] 1 [752,170]
[752,170] 1 [753,174]
[753,174] 1 [754,176]
[754,176] 1 [755,6]
[755,6] 1 [756,6]
[756,6] 1 [757,6]
[757,6] 1 [758,6]
[758,6] 1 [759,6]
[759,6] 1 [760,6]
[760,6] 1 [761,6]
[761,6] 1 [762,6]
[762,6] 1 [763,6]
[763,6] 1 [764,6]
[764,6] 1 [765,10]
[765,10] 1 [766,13]
[766,13] 1 [767,17]
[767,17] 1 [768,20]
[768,20] 1 [769,22]
[769,22] 1 [770,25]
[770,25] 1 [771,27]
[771,27] 1 [772,29]
[772,29] 1 [773,32]
[773,32] 1 [774,36]
[774,36] 1 [775,39]
[775,39] 1 [776,42]
[776,42] 1 [777,45]
[777,45] 1 [778,49]
[778,49] 1 [779,53]
[779,53] 1 [780,56]
[780,56] 1 [781,58]
[781,58] 1 [782,60]
[782,60] 1 [783,62]
[783,62] 1 [784,64]
[784,64] 1 [785,66]
[785,66] 1 [786,68]
[786,68] 1 [787,70]
[787,70] 1 [788,73]
[788,73] 1 [789,75]
[789,75] 1 [790,78]
[790,78] 1 [791,80]
[791,80] 1 [792,82]
[792,82] 1 [793,85]
[793,85] 1 [794,87]
[794,87] 1 [795,90]
[795,90] 1 [796,94]
[796,94] 1 [797,96]
[797,96] 1 [798,99]
[798,99] 1 [799,101]
[799,101] 1 [800,104]
[800,104] 1 [801,106]
[801,106] 1 [802,109]
[802,109] 1 [803,112]
[803,112] 1 [804,115]
[804,115] 1 [805,117]
[805,117] 1 [806,120]
[806,120] 1 [807,122]
[807,122] 1 [808,125]
[808,125] 1 [809,127]
[809,127] 1 [810,130]
[810,130] 1 [811,132]
[811,132] 1 [812,134]
[812,134] 1 [813,138]
[813,138] 1 [814,140]
[814,140] 1 [815,142]
[815,142] 1 [816,146]
[816,146] 1 [817,150]
[817,150] 1 [818,153]
[818,153] 1 [819,156]
[819,156] 1 [820,160]
[820,160] 1 [821,162]
[821,162] 1 [822,164]
[822,164] 1 [823,166]
[823,166] 1 [824,169]
[824,169] 1 [825,173]
[825,173] 1 [826,176]
[826,176] 1 [827,6]
[827,6] 1 [828,6]
[828,6] 1 [829,6]
[829,6] 1 [830,6]
[830,6] 1 [831,6]
[831,6] 1 [832,6]
[832,6] 1 [833,6]
[833,6] 1 [834,6]
[834,6] 1 [835,6]
[835,6] 0 [836,7]
[836,7] 2 [837,6]
[837,6] 1 [838,8]
[838,8] 2 [839,6]
[839,6] 1 [840,8]
[840,8] 1 [841,10]
[841,10] 1 [842,12]
[842,12] 1 [843,14]
[843,14] 1 [844,16]
[844,16] 2 [845,14]
[845,14] 1 [846,15]
[846,15] 2 [847,11]
[847,11] 1 [848,9]
[848,9] 1 [849,11]
[849,11] 1 [850,13]
[850,13] 1 [851,15]
[851,15] 1 [852,17]
[852,17] 1 [853,20]
[853,20] 1 [854,23]
[854,23] 1 [855,25]
[855,25] 1 [856,29]
[856,29] 1 [857,32]
[857,32] 1 [858,36]
[858,36] 1 [859,40]
[859,40] 1 [860,44]
[860,44] 1 [861,48]
[861,48] 1 [862,51]
[862,51] 1 [863,54]
[863,54] 1 [864,58]
[864,58] 1 [865,61]
[865,61] 1 [866,63]
[866,63] 1 [867,67]
[867,67] 1 [868,70]
[868,70] 1 [869,74]
[869,74] 1 [870,76]
[870,76] 1 [871,79]
[871,79] 1 [872,81]
[872,81] 1 [873,84]
[873,84] 1 [874,87]
[874,87] 1 [875,90]
[875,90] 1 [876,92]
[876,92] 1 [877,96]
[877,96] 1 [878,98]
[878,98] 1 [879,101]
[879,101] 1 [880,105]
[880,105] 1 [881,107]
[881,107] 1 [882,111]
[882,111] 1 [883,115]
[883,115] 1 [884,119]
[884,119] 1 [885,122]
[885,122] 1 [886,125]
[886,125] 1 [887,129]
[887,129] 1 [888,133]
[888,133] 1 [889,135]
[889,135] 1 [890,137]
[890,137] 1 [891,140]
[891,140] 1 [892,143]
[892,143] 1 [893,145]
[893,145] 1 [894,147]
[894,147] 1 [895,149]
[895,149] 1 [896,151]
[896,151] 1 [897,153]
[897,153] 1 [898,157]
[898,157] 1 [899,160]
[899,160] 1 [900,163]
[900,163] 1 [901,167]
[901,167] 1 [902,170]
[902,170] 1 [903,173]
[903,173] 1 [904,175]
[904,175] 1 [905,6]
[905,6] 1 [906,6]
[906,6] 1 [907,6]
[907,6] 1 [908,6]
[908,6] 1 [909,6]
[909,6] 1 [910,6]
[910,6] 1 [911,6]
[911,6] 1 [912,6]
[912,6] 1 [913,6]
[913,6] 1 [914,6]
[914,6] 1 [915,6]
[915,6] 1 [916,6]
[916,6] 1 [917,6]
[917,6] 0 [918,7]
[918,7] 0 [919,7]
[919,7] 1 [920,11]
[920,11] 2 [921,8]
[921,8] 1 [922,10]
[922,10] 1 [923,13]
[923,13] 1 [924,15]
[924,15] 1 [925,19]
[925,19] 1 [926,21]
[926,21] 1 [927,25]
[927,25] 1 [928,27]
[928,27] 1 [929,30]
[929,30] 1 [930,33]
[930,33] 1 [931,35]
[931,35] 1 [932,39]
[932,39] 1 [933,41]
[933,41] 1 [934,43]
[934,43] 1 [935,47]
[935,47] 1 [936,49]
[936,49] 1 [937,52]
[937,52] 1 [938,55]
[938,55] 1 [939,57]
[939,57] 1 [940,59]
[940,59] 1 [941,62]
[941,62] 1 [942,64]
[942,64] 1 [943,68]
[943,68] 1 [944,70]
[944,70] 1 [945,72]
[945,72] 1 [946,75]
[946,75] 1 [947,78]
[947,78] 1 [948,80]
[948,80] 1 [949,84]
[949,84] 1 [950,88]
[950,88] 1 [951,90]
[951,90] 1 [952,93]
[952,93] 1 [953,95]
[953,95] 1 [954,98]
[954,98] 1 [955,101]
[955,101] 1 [956,103]
[956,103] 1 [957,105]
[957,105] 1 [958,109]
[958,109] 1 [959,112]
[959,112] 1 [960,114]
[960,114] 1 [961,118]
[961,118] 1 [962,121]
[962,121] 1 [963,125]
[963,125] 1 [964,129]
[964,129] 1 [965,132]
[965,132] 1 [966,136]
[966,136] 1 [967,139]
[967,139] 1 [968,141]
[968,141] 1 [969,144]
[969,144] 1 [970,147]
[970,147] 1 [971,151]
[971,151] 1 [972,154]
[972,154] 1 [973,157]
[973,157] 1 [974,160]
[974,160] 1 [975,162]
[975,162] 1 [976,164]
[976,164] 1 [977,167]
[977,167] 1 [978,171]
[978,171] 1 [979,175]
[979,175] 1 [980,6]
[980,6] 1 [981,6]
[981,6] 1 [982,6]
[982,6] 1 [983,6]
[983,6] 1 [984,6]
[984,6] 1 [985,6]
[985,6] 1 [986,6]
[986,6] 1 [987,6]
[987,6] 1 [988,6]
[988,6] 1 [989,8]
[989,8] 2 [990,6]
[990,6] 1 [991,9]
[991,9] 1 [992,11]
[992,11] 1 [993,13]
[993,13] 1 [994,17]
[994,17] 1 [995,19]
[995,19] 2 [996,16]
[996,16] 2 [997,14]
[997,14] 1 [998,13]
[998,13] 2 [999,9]
[999,9] 2 [1000,6]
[1000,6] 1 [1001,8]
[1001,8] 2 [1002,6]
[1002,6] 1 [1003,8]
[1003,8] 1 [1004,11]
[1004,11] 1 [1005,13]
[1005,13] 1 [1006,15]
[1006,15] 2 [1007,15]
[1007,15] 2 [1008,13]
[1008,13] 2 [1009,10]
[1009,10] 1 [1010,10]
[1010,10] 1 [1011,12]
[1011,12] 2 [1012,9]
[1012,9] 1 [1013,10]
[1013,10] 1 [1014,13]
[1014,13] 1 [1015,16]
[1015,16] 1 [1016,20]
[1016,20] 1 [1017,24]
[1017,24] 1 [1018,27]
[1018,27] 1 [1019,31]
[1019,31] 1 [1020,34]
[1020,34] 1 [1021,37]
[1021,37] 2 [1022,33]
[1022,33] 1 [1023,35]
[1023,35] 1 [1024,37]
[1024,37] 1 [1025,40]
[1025,40] 1 [1026,44]
[1026,44] 1 [1027,47]
[1027,47] 1 [1028,50]
[1028,50] 1 [1029,53]
[1029,53] 1 [1030,57]
[1030,57] 1 [1031,60]
[1031,60] 1 [1032,62]
[1032,62] 1 [1033,65]
[1033,65] 1 [1034,67]
[1034,67] 1 [1035,69]
[1035,69] 1 [1036,71]
[1036,71] 1 [1037,74]
[1037,74] 1 [1038,78]
[1038,78] 1 [1039,81]
[1039,81] 1 [1040,83]
[1040,83] 1 [1041,86]
[1041,86] 1 [1042,88]
[1042,88] 1 [1043,91]
[1043,91] 1 [1044,93]
[1044,93] 1 [1045,96]
[1045,96] 1 [1046,99]
[1046,99] 1 [1047,102]
[1047,102] 1 [1048,106]
[1048,106] 1 [1049,109]
[1049,109] 1 [1050,111]
[1050,111] 1 [1051,115]
[1051,115] 1 [1052,118]
[1052,118] 1 [1053,122]
[1053,122] 1 [1054,126]
[1054,126] 1 [1055,128]
[1055,128] 1 [1056,131]
[1056,131] 1 [1057,135]
[1057,135] 1 [1058,137]
[1058,137] 1 [1059,140]
[1059,140] 1 [1060,143]
[1060,143] 1 [1061,146]
[1061,146] 1 [1062,150]
[1062,150] 1 [1063,152]
[1063,152] 1 [1064,155]
[1064,155] 1 [1065,157]
[1065,157] 1 [1066,161]
[1066,161] 1 [1067,163]
[1067,163] 1 [1068,165]
[1068,165] 1 [1069,169]
[1069,169] 1 [1070,173]
[1070,173] 1 [1071,175]
[1071,175] 1 [1072,177]
[1072,177] 1 [1073,6]
[1073,6] 1 [1074,6]
[1074,6] 1 [1075,6]
[1075,6] 1 [1076,6]
[1076,6] 1 [1077,6]
[1077,6] 1 [1078,6]
[1078,6] 1 [1079,6]
[1079,6] 1 [1080,6]
[1080,6] 1 [1081,6]
[1081,6] 1 [1082,10]
[1082,10] 0 [1083,12]
[1083,12] 0 [1084,12]
[1084,12] 0 [1085,12]
[1085,12] 2 [1086,8]
[1086,8] 1 [1087,9]
[1087,9] 1 [1088,11]
[1088,11] 2 [1089,9]
[1089,9] 1 [1090,11]
[1090,11] 2 [1091,8]
[1091,8] 1 [1092,10]
[1092,10] 1 [1093,13]
[1093,13] 1 [1094,17]
[1094,17] 1 [1095,20]
[1095,20] 1 [1096,24]
[1096,24] 1 [1097,26]
[1097,26] 1 [1098,30]
[1098,30] 1 [1099,34]
[1099,34] 1 [1100,37]
[1100,37] 1 [1101,41]
[1101,41] 1 [1102,44]
[1102,44] 1 [1103,47]
[1103,47] 1 [1104,51]
[1104,51] 1 [1105,54]
[1105,54] 1 [1106,58]
[1106,58] 1 [1107,61]
[1107,61] 1 [1108,64]
[1108,64] 1 [1109,66]
[1109,66] 1 [1110,70]
[1110,70] 1 [1111,74]
[1111,74] 1 [1112,77]
[1112,77] 1 [1113,79]
[1113,79] 1 [1114,81]
[1114,81] 1 [1115,84]
[1115,84] 1 [1116,87]
[1116,87] 1 [1117,91]
[1117,91] 1 [1118,93]
[1118,93] 1 [1119,95]
[1119,95] 1 [1120,99]
[1120,99] 1 [1121,102]
[1121,102] 1 [1122,104]
[1122,104] 1 [1123,107]
[1123,107] 1 [1124,109]
[1124,109] 1 [1125,113]
[1125,113] 1 [1126,115]
[1126,115] 1 [1127,119]
[1127,119] 1 [1128,122]
[1128,122] 1 [1129,126]
[1129,126] 1 [1130,129]
[1130,129] 1 [1131,131]
[1131,131] 1 [1132,133]
[1132,133] 1 [1133,136]
[1133,136] 1 [1134,139]
[1134,139] 1 [1135,143]
[1135,143] 1 [1136,145]
[1136,145] 1 [1137,147]
[1137,147] 1 [1138,150]
[1138,150] 1 [1139,154]
[1139,154] 1 [1140,157]
[1140,157] 1 [1141,160]
[1141,160] 1 [1142,162]
[1142,162] 1 [1143,166]
[1143,166] 1 [1144,168]
[1144,168] 1 [1145,171]
[1145,171] 1 [1146,175]
[1146,175] 1 [1147,177]
[1147,177] 1 [1148,6]
[1148,6] 1 [1149,6]
[1149,6] 1 [1150,6]
[1150,6] 1 [1151,6]
[1151,6] 1 [1152,6]
[1152,6] 1 [1153,6]
[1153,6] 1 [1154,6]
[1154,6] 1 [1155,6]
[1155,6] 1 [1156,6]
[1156,6] 1 [1157,8]
[1157,8] 0 [1158,8]
[1158,8] 1 [1159,11]
[1159,11] 2 [1160,8]
[1160,8] 1 [1161,10]
[1161,10] 1 [1162,12]
[1162,12] 2 [1163,8]
[1163,8] 1 [1164,11]
[1164,11] 2 [1165,7]
[1165,7] 1 [1166,9]
[1166,9] 1 [1167,11]
[1167,11] 1 [1168,15]
[1168,15] 2 [1169,12]
[1169,12] 1 [1170,15]
[1170,15] 2 [1171,11]
[1171,11] 1 [1172,11]
[1172,11] 1 [1173,14]
[1173,14] 2 [1174,10]
[1174,10] 1 [1175,12]
[1175,12] 1 [1176,15]
[1176,15] 2 [1177,11]
[1177,11] 1 [1178,12]
[1178,12] 1 [1179,15]
[1179,15] 1 [1180,19]
[1180,19] 2 [1181,16]
[1181,16] 1 [1182,18]
[1182,18] 1 [1183,21]
[1183,21] 1 [1184,23]
[1184,23] 1 [1185,27]
[1185,27] 1 [1186,29]
[1186,29] 1 [1187,31]
[1187,31] 1 [1188,33]
[1188,33] 1 [1189,37]
[1189,37] 1 [1190,41]
[1190,41] 1 [1191,43]
[1191,43] 1 [1192,46]
[1192,46] 1 [1193,50]
[1193,50] 1 [1194,54]
[1194,54] 1 [1195,58]
[1195,58] 1 [1196,60]
[1196,60] 1 [1197,63]
[1197,63] 1 [1198,65]
[1198,65] 1 [1199,69]
[1199,69] 1 [1200,72]
[1200,72] 1 [1201,74]
[1201,74] 1 [1202,78]
[1202,78] 1 [1203,80]
[1203,80] 1 [1204,84]
[1204,84] 1 [1205,86]
[1205,86] 1 [1206,88]
[1206,88] 1 [1207,91]
[1207,91] 1 [1208,93]
[1208,93] 1 [1209,95]
[1209,95] 1 [1210,99]
[1210,99] 1 [1211,101]
[1211,101] 1 [1212,103]
[1212,103] 1 [1213,106]
[1213,106] 1 [1214,110]
[1214,110] 1 [1215,112]
[1215,112] 1 [1216,115]
[1216,115] 2 [1217,111]
[1217,111] 1 [1218,113]
[1218,113] 1 [1219,117]
[1219,117] 1 [1220,120]
[1220,120] 2 [1221,119]
[1221,119] 2 [1222,115]
[1222,115] 1 [1223,118]
[1223,118] 1 [1224,122]
[1224,122] 1 [1225,125]
[1225,125] 1 [1226,129]
[1226,129] 1 [1227,133]
[1227,133] 1 [1228,136]
[1228,136] 1 [1229,140]
[1229,140] 1 [1230,142]
[1230,142] 1 [1231,144]
[1231,144] 1 [1232,148]
[1232,148] 1 [1233,151]
[1233,151] 1 [1234,153]
[1234,153] 1 [1235,157]
[1235,157] 1 [1236,159]
[1236,159] 1 [1237,162]
[1237,162] 1 [1238,166]
[1238,166] 1 [1239,168]
[1239,168] 1 [1240,170]
[1240,170] 1 [1241,172]
[1241,172] 1 [1242,174]
[1242,174] 1 [1243,177]
[1243,177] 1 [1244,6]
[1244,6] 1 [1245,6]
[1245,6] 1 [1246,6]
[1246,6] 1 [1247,6]
[1247,6] 1 [1248,6]
[1248,6] 1 [1249,6]
[1249,6] 1 [1250,6]
[1250,6] 1 [1251,6]
[1251,6] 1 [1252,6]
[1252,6] 1 [1253,6]
[1253,6] 1 [1254,6]
[1254,6] 1 [1255,8]
[1255,8] 1 [1256,11]
[1256,11] 1 [1257,13]
[1257,13] 1 [1258,17]
[1258,17] 1 [1259,21]
[1259,21] 1 [1260,24]
[1260,24] 1 [1261,27]
[1261,27] 1 [1262,29]
[1262,29] 1 [1263,33]
[1263,33] 1 [1264,37]
[1264,37] 1 [1265,41]
[1265,41] 1 [1266,43]
[1266,43] 1 [1267,47]
[1267,47] 1 [1268,49]
[1268,49] 1 [1269,53]
[1269,53] 1 [1270,57]
[1270,57] 1 [1271,60]
[1271,60] 1 [1272,64]
[1272,64] 1 [1273,67]
[1273,67] 1 [1274,71]
[1274,71] 1 [1275,74]
[1275,74] 1 [1276,76]
[1276,76] 1 [1277,78]
[1277,78] 1 [1278,81]
[1278,81] 1 [1279,85]
[1279,85] 1 [1280,89]
[1280,89] 1 [1281,93]
[1281,93] 1 [1282,97]
[1282,97] 1 [1283,99]
[1283,99] 1 [1284,101]
[1284,101] 1 [1285,104]
[1285,104] 1 [1286,107]
[1286,107] 1 [1287,109]
[1287,109] 1 [1288,112]
[1288,112] 1 [1289,114]
[1289,114] 1 [1290,117]
[1290,117] 1 [1291,119]
[1291,119] 1 [1292,122]
[1292,122] 1 [1293,126]
[1293,126] 1 [1294,130]
[1294,130] 1 [1295,134]
[1295,134] 1 [1296,138]
[1296,138] 1 [1297,140]
[1297,140] 1 [1298,143]
[1298,143] 1 [1299,146]
[1299,146] 1 [1300,149]
[1300,149] 1 [1301,152]
[1301,152] 1 [1302,154]
[1302,154] 1 [1303,156]
[1303,156] 1 [1304,159]
[1304,159] 1 [1305,161]
[1305,161] 1 [1306,164]
[1306,164] 1 [1307,168]
[1307,168] 1 [1308,172]
[1308,172] 1 [1309,176]
[1309,176] 1 [1310,6]
[1310,6] 1 [1311,6]
[1311,6] 1 [1312,6]
[1312,6] 1 [1313,6]
[1313,6] 1 [1314,6]
[1314,6] 1 [1315,6]
[1315,6] 1 [1316,6]
[1316,6] 1 [1317,6]
[1317,6] 1 [1318,6]
[1318,6] 1 [1319,6]
[1319,6] 0 [1320,7]
[1320,7] 1 [1321,9]
[1321,9] 1 [1322,12]
[1322,12] 2 [1323,8]
[1323,8] 1 [1324,12]
[1324,12] 1 [1325,16]
[1325,16] 1 [1326,19]
[1326,19] 1 [1327,22]
[1327,22] 1 [1328,24]
[1328,24] 1 [1329,28]
[1329,28] 1 [1330,31]
[1330,31] 2 [1331,27]
[1331,27] 1 [1332,30]
[1332,30] 1 [1333,32]
[1333,32] 1 [1334,35]
[1334,35] 1 [1335,37]
[1335,37] 1 [1336,40]
[1336,40] 1 [1337,42]
[1337,42] 1 [1338,46]
[1338,46] 1 [1339,48]
[1339,48] 1 [1340,52]
[1340,52] 1 [1341,54]
[1341,54] 2 [1342,51]
[1342,51] 2 [1343,48]
[1343,48] 1 [1344,51]
[1344,51] 2 [1345,49]
[1345,49] 1 [1346,51]
[1346,51] 2 [1347,47]
[1347,47] 1 [1348,49]
[1348,49] 1 [1349,51]
[1349,51] 1 [1350,53]
[1350,53] 1 [1351,55]
[1351,55] 1 [1352,59]
[1352,59] 1 [1353,63]
[1353,63] 1 [1354,67]
[1354,67] 1 [1355,70]
[1355,70] 1 [1356,73]
[1356,73] 1 [1357,77]
[1357,77] 1 [1358,79]
[1358,79] 1 [1359,81]
[1359,81] 1 [1360,84]
[1360,84] 1 [1361,88]
[1361,88] 1 [1362,91]
[1362,91] 1 [1363,93]
[1363,93] 1 [1364,95]
[1364,95] 1 [1365,97]
[1365,97] 1 [1366,101]
[1366,101] 1 [1367,105]
[1367,105] 1 [1368,108]
[1368,108] 1 [1369,110]
[1369,110] 1 [1370,112]
[1370,112] 1 [1371,115]
[1371,115] 1 [1372,118]
[1372,118] 1 [1373,120]
[1373,120] 1 [1374,122]
[1374,122] 1 [1375,124]
[1375,124] 1 [1376,128]
[1376,128] 1 [1377,131]
[1377,131] 1 [1378,134]
[1378,134] 1 [1379,136]
[1379,136] 1 [1380,138]
[1380,138] 1 [1381,142]
[1381,142] 1 [1382,145]
[1382,145] 1 [1383,148]
[1383,148] 1 [1384,150]
[1384,150] 1 [1385,152]
[1385,152] 1 [1386,155]
[1386,155] 1 [1387,158]
[1387,158] 1 [1388,161]
[1388,161] 1 [1389,165]
[1389,165] 1 [1390,169]
[1390,169] 1 [1391,171]
[1391,171] 1 [1392,175]
[1392,175] 1 [1393,177]
[1393,177] 1 [1394,6]
[1394,6] 1 [1395,6]
[1395,6] 1 [1396,6]
[1396,6] 1 [1397,6]
[1397,6] 1 [1398,6]
[1398,6] 1 [1399,6]
[1399,6] 1 [1400,6]
[1400,6] 1 [1401,6]
[1401,6] 1 [1402,7]
[1402,7] 1 [1403,11]
[1403,11] 2 [1404,8]
[1404,8] 1 [1405,10]
[1405,10] 1 [1406,12]
[1406,12] 2 [1407,10]
[1407,10] 1 [1408,12]
[1408,12] 2 [1409,8]
[1409,8] 0 [1410,8]
[1410,8] 2 [1411,6]
[1411,6] 1 [1412,8]
[1412,8] 1 [1413,10]
[1413,10] 1 [1414,13]
[1414,13] 2 [1415,11]
[1415,11] 2 [1416,7]
[1416,7] 0 [1417,7]
[1417,7] 2 [1418,6]
[1418,6] 1 [1419,10]
[1419,10] 1 [1420,12]
[1420,12] 2 [1421,8]
[1421,8] 2 [1422,6]
[1422,6] 1 [1423,10]
[1423,10] 1 [1424,12]
[1424,12] 2 [1425,9]
[1425,9] 2 [1426,6]
[1426,6] 1 [1427,10]
[1427,10] 1 [1428,12]
[1428,12] 1 [1429,16]
[1429,16] 1 [1430,18]
[1430,18] 1 [1431,22]
[1431,22] 1 [1432,26]
[1432,26] 1 [1433,28]
[1433,28] 1 [1434,31]
[1434,31] 1 [1435,35]
[1435,35] 1 [1436,37]
[1436,37] 1 [1437,41]
[1437,41] 1 [1438,45]
[1438,45] 1 [1439,47]
[1439,47] 1 [1440,49]
[1440,49] 1 [1441,51]
[1441,51] 1 [1442,54]
[1442,54] 1 [1443,57]
[1443,57] 1 [1444,59]
[1444,59] 1 [1445,63]
[1445,63] 1 [1446,66]
[1446,66] 1 [1447,70]
[1447,70] 1 [1448,73]
[1448,73] 1 [1449,77]
[1449,77] 1 [1450,80]
[1450,80] 1 [1451,83]
[1451,83] 1 [1452,87]
[1452,87] 1 [1453,90]
[1453,90] 1 [1454,93]
[1454,93] 1 [1455,95]
[1455,95] 1 [1456,98]
[1456,98] 1 [1457,102]
[1457,102] 1 [1458,105]
[1458,105] 1 [1459,109]
[1459,109] 1 [1460,113]
[1460,113] 1 [1461,115]
[1461,115] 1 [1462,118]
[1462,118] 1 [1463,122]
[1463,122] 1 [1464,125]
[1464,125] 1 [1465,127]
[1465,127] 1 [1466,129]
[1466,129] 1 [1467,131]
[1467,131] 1 [1468,133]
[1468,133] 1 [1469,137]
[1469,137] 1 [1470,141]
[1470,141] 1 [1471,144]
[1471,144] 1 [1472,147]
[1472,147] 1 [1473,151]
[1473,151] 1 [1474,155]
[1474,155] 1 [1475,159]
[1475,159] 1 [1476,161]
[1476,161] 1 [1477,164]
[1477,164] 1 [1478,166]
[1478,166] 1 [1479,169]
[1479,169] 1 [1480,173]
[1480,173] 1 [1481,175]
[1481,175] 1 [1482,6]
[1482,6] 1 [1483,6]
[1483,6] 1 [1484,6]
[1484,6] 1 [1485,6]
[1485,6] 1 [1486,6]
[1486,6] 1 [1487,6]
[1487,6] 1 [1488,6]
[1488,6] 1 [1489,6]
[1489,6] 1 [1490,6]
[1490,6] 1 [1491,6]
[1491,6] 1 [1492,8]
[1492,8] 2 [1493,6]
[1493,6] 1 [1494,10]
[1494,10] 1 [1495,13]
[1495,13] 1 [1496,16]
[1496,16] 1 [1497,19]
[1497,19] 1 [1498,21]
[1498,21] 1 [1499,23]
[1499,23] 1 [1500,27]
[1500,27] 1 [1501,31]
[1501,31] 1 [1502,33]
[1502,33] 1 [1503,37]
[1503,37] 1 [1504,39]
[1504,39] 1 [1505,41]
[1505,41] 1 [1506,43]
[1506,43] 1 [1507,46]
[1507,46] 1 [1508,49]
[1508,49] 1 [1509,51]
[1509,51] 1 [1510,53]
[1510,53] 1 [1511,56]
[1511,56] 1 [1512,60]
[1512,60] 1 [1513,64]
[1513,64] 1 [1514,66]
[1514,66] 1 [1515,68]
[1515,68] 1 [1516,71]
[1516,71] 1 [1517,74]
[1517,74] 1 [1518,76]
[1518,76] 1 [1519,79]
[1519,79] 1 [1520,82]
[1520,82] 1 [1521,86]
[1521,86] 1 [1522,90]
[1522,90] 1 [1523,93]
[1523,93] 1 [1524,96]
[1524,96] 1 [1525,99]
[1525,99] 1 [1526,102]
[1526,102] 1 [1527,105]
[1527,105] 1 [1528,107]
[1528,107] 1 [1529,110]
[1529,110] 1 [1530,114]
[1530,114] 1 [1531,117]
[1531,117] 1 [1532,120]
[1532,120] 1 [1533,124]
[1533,124] 1 [1534,126]
[1534,126] 1 [1535,129]
[1535,129] 1 [1536,131]
[1536,131] 1 [1537,133]
[1537,133] 1 [1538,135]
[1538,135] 1 [1539,137]
[1539,137] 1 [1540,141]
[1540,141] 1 [1541,144]
[1541,144] 1 [1542,146]
[1542,146] 1 [1543,149]
[1543,149] 1 [1544,153]
[1544,153] 1 [1545,155]
[1545,155] 1 [1546,158]
[1546,158] 1 [1547,160]
[1547,160] 1 [1548,162]
[1548,162] 1 [1549,164]
[1549,164] 1 [1550,167]
[1550,167] 1 [1551,169]
[1551,169] 1 [1552,171]
[1552,171] 1 [1553,174]
[1553,174] 1 [1554,177]
[1554,177] 1 [1555,6]
[1555,6] 1 [1556,6]
[1556,6] 1 [1557,6]
[1557,6] 1 [1558,6]
[1558,6] 1 [1559,6]
[1559,6] 1 [1560,6]
[1560,6] 1 [1561,6]
[1561,6] 1 [1562,6]
[1562,6] 1 [1563,6]
[1563,6] 1 [1564,6]
[1564,6] 1 [1565,9]
[1565,9] 1 [1566,13]
[1566,13] 1 [1567,15]
[1567,15] 2 [1568,12]
[1568,12] 1 [1569,14]
[1569,14] 1 [1570,18]
[1570,18] 1 [1571,21]
[1571,21] 1 [1572,25]
[1572,25] 1 [1573,28]
[1573,28] 1 [1574,32]
[1574,32] 1 [1575,34]
[1575,34] 0 [1576,35]
[1576,35] 1 [1577,39]
[1577,39] 1 [1578,43]
[1578,43] 1 [1579,46]
[1579,46] 1 [1580,48]
[1580,48] 1 [1581,51]
[1581,51] 1 [1582,54]
[1582,54] 1 [1583,58]
[1583,58] 1 [1584,60]
[1584,60] 1 [1585,62]
[1585,62] 1 [1586,65]
[1586,65] 1 [1587,68]
[1587,68] 1 [1588,70]
[1588,70] 1 [1589,74]
[1589,74] 1 [1590,78]
[1590,78] 1 [1591,82]
[1591,82] 1 [1592,86]
[1592,86] 1 [1593,90]
[1593,90] 1 [1594,92]
[1594,92] 1 [1595,94]
[1595,94] 1 [1596,97]
[1596,97] 1 [1597,100]
[1597,100] 1 [1598,103]
[1598,103] 1 [1599,106]
[1599,106] 1 [1600,110]
[1600,110] 1 [1601,113]
[1601,113] 1 [1602,117]
[1602,117] 1 [1603,121]
[1603,121] 1 [1604,124]
[1604,124] 1 [1605,126]
[1605,126] 1 [1606,128]
[1606,128] 1 [1607,131]
[1607,131] 1 [1608,135]
[1608,135] 1 [1609,138]
[1609,138] 1 [1610,140]
[1610,140] 1 [1611,142]
[1611,142] 1 [1612,145]
[1612,145] 1 [1613,147]
[1613,147] 1 [1614,149]
[1614,149] 1 [1615,151]
[1615,151] 1 [1616,154]
[1616,154] 1 [1617,157]
[1617,157] 1 [1618,159]
[1618,159] 1 [1619,163]
[1619,163] 1 [1620,166]
[1620,166] 1 [1621,170]
[1621,170] 1 [1622,173]
[1622,173] 1 [1623,177]
[1623,177] 1 [1624,6]
[1624,6] 1 [1625,6]
[1625,6] 1 [1626,6]
[1626,6] 1 [1627,6]
[1627,6] 1 [1628,6]
[1628,6] 1 [1629,6]
[1629,6] 1 [1630,6]
[1630,6] 1 [1631,6]
[1631,6] 1 [1632,6]
[1632,6] 1 [1633,6]
[1633,6] 1 [1634,9]
[1634,9] 1 [1635,12]
[1635,12] 1 [1636,16]
[1636,16] 1 [1637,18]
[1637,18] 1 [1638,20]
[1638,20] 1 [1639,22]
[1639,22] 2 [1640,18]
[1640,18] 2 [1641,14]
[1641,14] 1 [1642,16]
[1642,16] 2 [1643,12]
[1643,12] 2 [1644,9]
[1644,9] 1 [1645,11]
[1645,11] 1 [1646,13]
[1646,13] 2 [1647,12]
[1647,12] 2 [1648,8]
[1648,8] 2 [1649,6]
[1649,6] 1 [1650,8]
[1650,8] 1 [1651,11]
[1651,11] 2 [1652,7]
[1652,7] 1 [1653,8]
[1653,8] 1 [1654,10]
[1654,10] 1 [1655,13]
[1655,13] 2 [1656,10]
[1656,10] 1 [1657,12]
[1657,12] 1 [1658,15]
[1658,15] 1 [1659,18]
[1659,18] 1 [1660,21]
[1660,21] 1 [1661,25]
[1661,25] 1 [1662,28]
[1662,28] 1 [1663,30]
[1663,30] 1 [1664,34]
[1664,34] 1 [1665,38]
[1665,38] 1 [1666,41]
[1666,41] 1 [1667,45]
[1667,45] 1 [1668,49]
[1668,49] 1 [1669,51]
[1669,51] 1 [1670,55]
[1670,55] 1 [1671,59]
[1671,59] 1 [1672,63]
[1672,63] 1 [1673,65]
[1673,65] 1 [1674,67]
[1674,67] 1 [1675,71]
[1675,71] 1 [1676,75]
[1676,75] 2 [1677,72]
[1677,72] 1 [1678,76]
[1678,76] 1 [1679,78]
[1679,78] 1 [1680,81]
[1680,81] 1 [1681,84]
[1681,84] 1 [1682,88]
[1682,88] 1 [1683,90]
[1683,90] 1 [1684,92]
[1684,92] 1 [1685,96]
[1685,96] 1 [1686,99]
[1686,99] 1 [1687,103]
[1687,103] 1 [1688,106]
[1688,106] 1 [1689,110]
[1689,110] 1 [1690,112]
[1690,112] 1 [1691,115]
[1691,115] 1 [1692,118]
[1692,118] 1 [1693,121]
[1693,121] 1 [1694,123]
[1694,123] 1 [1695,125]
[1695,125] 1 [1696,129]
[1696,129] 1 [1697,132]
[1697,132] 1 [1698,134]
[1698,134] 1 [1699,136]
[1699,136] 1 [1700,140]
[1700,140] 1 [1701,143]
[1701,143] 1 [1702,146]
[1702,146] 1 [1703,148]
[1703,148] 1 [1704,150]
[1704,150] 1 [1705,154]
[1705,154] 1 [1706,158]
[1706,158] 1 [1707,162]
[1707,162] 1 [1708,166]
[1708,166] 1 [1709,169]
[1709,169] 1 [1710,171]
[1710,171] 1 [1711,175]
[1711,175] 1 [1712,177]
[1712,177] 1 [1713,6]
[1713,6] 1 [1714,6]
[1714,6] 1 [1715,6]
[1715,6] 1 [1716,6]
[1716,6] 1 [1717,6]
[1717,6] 1 [1718,6]
[1718,6] 1 [1719,6]
[1719,6] 1 [1720,6]
[1720,6] 1 [1721,6]
[1721,6] 1 [1722,6]
[1722,6] 1 [1723,6]
[1723,6] 0 [1724,7]
[1724,7] 1 [1725,10]
[1725,10] 1 [1726,14]
[1726,14] 2 [1727,12]
[1727,12] 2 [1728,10]
[1728,10] 1 [1729,10]
[1729,10] 1 [1730,14]
[1730,14] 1 [1731,16]
[1731,16] 2 [1732,12]
[1732,12] 1 [1733,14]
[1733,14] 1 [1734,17]
[1734,17] 1 [1735,21]
[1735,21] 1 [1736,23]
[1736,23] 2 [1737,20]
[1737,20] 1 [1738,22]
[1738,22] 1 [1739,24]
[1739,24] 1 [1740,28]
[1740,28] 1 [1741,30]
[1741,30] 1 [1742,34]
[1742,34] 1 [1743,38]
[1743,38] 1 [1744,42]
[1744,42] 1 [1745,45]
[1745,45] 1 [1746,48]
[1746,48] 1 [1747,50]
[1747,50] 1 [1748,53]
[1748,53] 1 [1749,55]
[1749,55] 1 [1750,58]
[1750,58] 1 [1751,62]
[1751,62] 1 [1752,66]
[1752,66] 1 [1753,70]
[1753,70] 1 [1754,73]
[1754,73] 1 [1755,76]
[1755,76] 1 [1756,78]
[1756,78] 1 [1757,80]
[1757,80] 1 [1758,84]
[1758,84] 1 [1759,87]
[1759,87] 1 [1760,90]
[1760,90] 1 [1761,94]
[1761,94] 1 [1762,97]
[1762,97] 1 [1763,101]
[1763,101] 1 [1764,105]
[1764,105] 1 [1765,109]
[1765,109] 1 [1766,113]
[1766,113] 1 [1767,117]
[1767,117] 1 [1768,120]
[1768,120] 1 [1769,123]
[1769,123] 1 [1770,127]
[1770,127] 1 [1771,129]
[1771,129] 1 [1772,131]
[1772,131] 1 [1773,133]
[1773,133] 1 [1774,135]
[1774,135] 1 [1775,139]
[1775,139] 1 [1776,141]
[1776,141] 1 [1777,143]
[1777,143] 1 [1778,147]
[1778,147] 1 [1779,151]
[1779,151] 1 [1780,153]
[1780,153] 1 [1781,155]
[1781,155] 1 [1782,158]
[1782,158] 1 [1783,162]
[1783,162] 1 [1784,164]
[1784,164] 1 [1785,167]
[1785,167] 1 [1786,170]
[1786,170] 1 [1787,172]
[1787,172] 1 [1788,176]
[1788,176] 1 [1789,6]
[1789,6] 1 [1790,6]
[1790,6] 1 [1791,6]
[1791,6] 1 [1792,6]
[1792,6] 1 [1793,6]
[1793,6] 1 [1794,6]
[1794,6] 1 [1795,6]
[1795,6] 1 [1796,6]
[1796,6] 1 [1797,6]
[1797,6] 1 [1798,6]
[1798,6] 1 [1799,7]
[1799,7] 1 [1800,10]
[1800,10] 1 [1801,13]
[1801,13] 2 [1802,11]
[1802,11] 2 [1803,7]
[1803,7] 1 [1804,9]
[1804,9] 1 [1805,12]
[1805,12] 1 [1806,15]
[1806,15] 2 [1807,12]
[1807,12] 1 [1808,15]
[1808,15] 1 [1809,17]
[1809,17] 1 [1810,19]
[1810,19] 1 [1811,22]
[1811,22] 1 [1812,25]
[1812,25] 2 [1813,23]
[1813,23] 2 [1814,20]
[1814,20] 2 [1815,16]
[1815,16] 2 [1816,13]
[1816,13] 1 [1817,14]
[1817,14] 2 [1818,10]
[1818,10] 1 [1819,12]
[1819,12] 2 [1820,9]
[1820,9] 1 [1821,11]
[1821,11] 2 [1822,9]
[1822,9] 1 [1823,9]
[1823,9] 2 [1824,7]
[1824,7] 0 [1825,6]
[1825,6] 1 [1826,7]
[1826,7] 1 [1827,9]
[1827,9] 1 [1828,12]
[1828,12] 1 [1829,16]
[1829,16] 1 [1830,20]
[1830,20] 1 [1831,23]
[1831,23] 1 [1832,25]
[1832,25] 1 [1833,29]
[1833,29] 1 [1834,32]
[1834,32] 1 [1835,36]
[1835,36] 1 [1836,39]
[1836,39] 1 [1837,41]
[1837,41] 1 [1838,44]
[1838,44] 1 [1839,47]
[1839,47] 1 [1840,51]
[1840,51] 1 [1841,53]
[1841,53] 1 [1842,57]
[1842,57] 1 [1843,60]
[1843,60] 1 [1844,63]
[1844,63] 1 [1845,67]
[1845,67] 1 [1846,70]
[1846,70] 1 [1847,73]
[1847,73] 1 [1848,77]
[1848,77] 1 [1849,81]
[1849,81] 1 [1850,83]
[1850,83] 1 [1851,87]
[1851,87] 1 [1852,91]
[1852,91] 1 [1853,93]
[1853,93] 1 [1854,95]
[1854,95] 1 [1855,99]
[1855,99] 1 [1856,101]
[1856,101] 1 [1857,105]
[1857,105] 1 [1858,108]
[1858,108] 1 [1859,112]
[1859,112] 1 [1860,115]
[1860,115] 2 [1861,111]
[1861,111] 2 [1862,107]
[1862,107] 1 [1863,109]
[1863,109] 1 [1864,113]
[1864,113] 1 [1865,116]
[1865,116] 1 [1866,119]
[1866,119] 1 [1867,121]
[1867,121] 1 [1868,125]
[1868,125] 1 [1869,128]
[1869,128] 1 [1870,131]
[1870,131] 1 [1871,135]
[1871,135] 1 [1872,137]
[1872,137] 1 [1873,139]
[1873,139] 1 [1874,141]
[1874,141] 1 [1875,144]
[1875,144] 1 [1876,146]
[1876,146] 1 [1877,150]
[1877,150] 1 [1878,153]
[1878,153] 1 [1879,155]
[1879,155] 1 [1880,158]
[1880,158] 1 [1881,162]
[1881,162] 1 [1882,164]
[1882,164] 1 [1883,166]
[1883,166] 1 [1884,169]
[1884,169] 1 [1885,171]
[1885,171] 1 [1886,173]
[1886,173] 1 [1887,176]
[1887,176] 1 [1888,6]
[1888,6] 1 [1889,6]
[1889,6] 1 [1890,6]
[1890,6] 1 [1891,6]
[1891,6] 1 [1892,6]
[1892,6] 1 [1893,6]
[1893,6] 1 [1894,6]
[1894,6] 1 [1895,6]
[1895,6] 1 [1896,8]
[1896,8] 1 [1897,12]
[1897,12] 1 [1898,14]
[1898,14] 1 [1899,18]
[1899,18] 1 [1900,22]
[1900,22] 1 [1901,26]
[1901,26] 1 [1902,30]
[1902,30] 1 [1903,34]
[1903,34] 1 [1904,37]
[1904,37] 1 [1905,40]
[1905,40] 1 [1906,44]
[1906,44] 1 [1907,47]
[1907,47] 1 [1908,49]
[1908,49] 1 [1909,51]
[1909,51] 1 [1910,54]
[1910,54] 1 [1911,58]
[1911,58] 1 [1912,62]
[1912,62] 1 [1913,66]
[1913,66] 1 [1914,68]
[1914,68] 1 [1915,70]
[1915,70] 1 [1916,74]
[1916,74] 1 [1917,77]
[1917,77] 1 [1918,81]
[1918,81] 1 [1919,85]
[1919,85] 1 [1920,89]
[1920,89] 1 [1921,93]
[1921,93] 1 [1922,95]
[1922,95] 1 [1923,97]
[1923,97] 1 [1924,99]
[1924,99] 1 [1925,103]
[1925,103] 1 [1926,107]
[1926,107] 1 [1927,109]
[1927,109] 1 [1928,112]
[1928,112] 1 [1929,114]
[1929,114] 1 [1930,116]
[1930,116] 1 [1931,118]
[1931,118] 1 [1932,120]
[1932,120] 1 [1933,123]
[1933,123] 1 [1934,125]
[1934,125] 1 [1935,129]
[1935,129] 1 [1936,133]
[1936,133] 1 [1937,136]
[1937,136] 1 [1938,140]
[1938,140] 1 [1939,142]
[1939,142] 1 [1940,145]
[1940,145] 1 [1941,147]
[1941,147] 1 [1942,150]
[1942,150] 1 [1943,154]
[1943,154] 1 [1944,158]
[1944,158] 1 [1945,161]
[1945,161] 1 [1946,163]
[1946,163] 1 [1947,165]
[1947,165] 1 [1948,167]
[1948,167] 1 [1949,170]
[1949,170] 1 [1950,173]
[1950,173] 1 [1951,175]
[1951,175] 1 [1952,6]
[1952,6] 1 [1953,6]
[1953,6] 1 [1954,6]
[1954,6] 1 [1955,6]
[1955,6] 1 [1956,6]
[1956,6] 1 [1957,6]
[1957,6] 1 [1958,6]
[1958,6] 1 [1959,6]
[1959,6] 1 [1960,6]
[1960,6] 1 [1961,8]
[1961,8] 0 [1962,8]
[1962,8] 1 [1963,10]
[1963,10] 1 [1964,14]
[1964,14] 1 [1965,18]
[1965,18] 1 [1966,22]
[1966,22] 1 [1967,26]
[1967,26] 1 [1968,28]
[1968,28] 1 [1969,32]
[1969,32] 1 [1970,35]
[1970,35] 1 [1971,39]
[1971,39] 2 [1972,35]
[1972,35] 2 [1973,31]
[1973,31] 1 [1974,33]
[1974,33] 1 [1975,37]
[1975,37] 1 [1976,41]
[1976,41] 1 [1977,43]
[1977,43] 1 [1978,47]
[1978,47] 1 [1979,50]
[1979,50] 1 [1980,53]
[1980,53] 1 [1981,55]
[1981,55] 1 [1982,59]
[1982,59] 2 [1983,56]
[1983,56] 2 [1984,54]
[1984,54] 1 [1985,56]
[1985,56] 1 [1986,58]
[1986,58] 1 [1987,62]
[1987,62] 1 [1988,64]
[1988,64] 2 [1989,60]
[1989,60] 1 [1990,63]
[1990,63] 1 [1991,65]
[1991,65] 1 [1992,67]
[1992,67] 1 [1993,69]
[1993,69] 1 [1994,72]
[1994,72] 1 [1995,76]
[1995,76] 1 [1996,78]
[1996,78] 1 [1997,81]
[1997,81] 1 [1998,84]
[1998,84] 1 [1999,88]
[1999,88] 1 [2000,90]
[2000,90] 1 [2001,92]
[2001,92] 1 [2002,95]
[2002,95] 1 [2003,99]
[2003,99] 1 [2004,101]
[2004,101] 1 [2005,103]
[2005,103] 1 [2006,105]
[2006,105] 1 [2007,107]
[2007,107] 1 [2008,110]
[2008,110] 1 [2009,112]
[2009,112] 1 [2010,115]
[2010,115] 1 [2011,118]
[2011,118] 1 [2012,121]
[2012,121] 1 [2013,124]
[2013,124] 1 [2014,128]
[2014,128] 1 [2015,132]
[2015,132] 1 [2016,136]
[2016,136] 1 [2017,138]
[2017,138] 1 [2018,140]
[2018,140] 1 [2019,144]
[2019,144] 1 [2020,148]
[2020,148] 1 [2021,150]
[2021,150] 1 [2022,154]
[2022,154] 1 [2023,158]
[2023,158] 1 [2024,162]
[2024,162] 1 [2025,165]
[2025,165] 1 [2026,169]
[2026,169] 1 [2027,172]
[2027,172] 1 [2028,176]
[2028,176] 1 [2029,6]
[2029,6] 1 [2030,6]
[2030,6] 1 [2031,6]
[2031,6] 1 [2032,6]
[2032,6] 1 [2033,6]
[2033,6] 1 [2034,6]
[2034,6] 1 [2035,6]
[2035,6] 1 [2036,6]
[2036,6] 1 [2037,6]
[2037,6] 1 [2038,6]
[2038,6] 0 [2039,7]
[2039,7] 1 [2040,11]
[2040,11] 1 [2041,15]
[2041,15] 1 [2042,17]
[2042,17] 1 [2043,19]
[2043,19] 2 [2044,16]
[2044,16] 2 [2045,13]
[2045,13] 1 [2046,15]
[2046,15] 1 [2047,18]
[2047,18] 1 [2048,22]
[2048,22] 2 [2049,19]
[2049,19] 2 [2050,16]
[2050,16] 1 [2051,18]
[2051,18] 1 [2052,22]
[2052,22] 1 [2053,26]
[2053,26] 1 [2054,30]
[2054,30] 1 [2055,34]
[2055,34] 1 [2056,36]
[2056,36] 1 [2057,39]
[2057,39] 1 [2058,43]
[2058,43] 1 [2059,45]
[2059,45] 1 [2060,48]
[2060,48] 1 [2061,51]
[2061,51] 1 [2062,54]
[2062,54] 1 [2063,58]
[2063,58] 1 [2064,62]
[2064,62] 1 [2065,65]
[2065,65] 1 [2066,69]
[2066,69] 1 [2067,72]
[2067,72] 1 [2068,74]
[2068,74] 1 [2069,78]
[2069,78] 1 [2070,81]
[2070,81] 1 [2071,84]
[2071,84] 1 [2072,87]
[2072,87] 1 [2073,89]
[2073,89] 1 [2074,92]
[2074,92] 1 [2075,95]
[2075,95] 1 [2076,99]
[2076,99] 1 [2077,102]
[2077,102] 1 [2078,106]
[2078,106] 1 [2079,110]
[2079,110] 1 [2080,113]
[2080,113] 1 [2081,115]
[2081,115] 1 [2082,117]
[2082,117] 1 [2083,119]
[2083,119] 1 [2084,123]
[2084,123] 1 [2085,125]
[2085,125] 1 [2086,127]
[2086,127] 1 [2087,129]
[2087,129] 1 [2088,132]
[2088,132] 1 [2089,135]
[2089,135] 1 [2090,139]
[2090,139] 1 [2091,141]
[2091,141] 1 [2092,143]
[2092,143] 1 [2093,146]
[2093,146] 1 [2094,148]
[2094,148] 1 [2095,151]
[2095,151] 1 [2096,153]
[2096,153] 1 [2097,155]
[2097,155] 1 [2098,159]
[2098,159] 1 [2099,163]
[2099,163] 1 [2100,166]
[2100,166] 1 [2101,170]
[2101,170] 1 [2102,174]
[2102,174] 1 [2103,176]
[2103,176] 1 [2104,6]
[2104,6] 1 [2105,6]
[2105,6] 1 [2106,6]
[2106,6] 1 [2107,6]
[2107,6] 1 [2108,6]
[2108,6] 1 [2109,6]
[2109,6] 1 [2110,6]
[2110,6] 1 [2111,6]
[2111,6] 1 [2112,6]
[2112,6] 1 [2113,7]
[2113,7] 1 [2114,11]
[2114,11] 1 [2115,13]
[2115,13] 1 [2116,16]
[2116,16] 1 [2117,19]
[2117,19] 2 [2118,15]
[2118,15] 2 [2119,11]
[2119,11] 1 [2120,11]
[2120,11] 1 [2121,15]
[2121,15] 1 [2122,17]
[2122,17] 1 [2123,21]
[2123,21] 1 [2124,23]
[2124,23] 2 [2125,20]
[2125,20] 2 [2126,17]
[2126,17] 2 [2127,14]
[2127,14] 1 [2128,16]
[2128,16] 1 [2129,19]
[2129,19] 2 [2130,15]
[2130,15] 2 [2131,12]
[2131,12] 1 [2132,12]
[2132,12] 1 [2133,16]
[2133,16] 1 [2134,18]
[2134,18] 1 [2135,21]
[2135,21] 1 [2136,23]
[2136,23] 1 [2137,25]
[2137,25] 1 [2138,27]
[2138,27] 1 [2139,31]
[2139,31] 1 [2140,35]
[2140,35] 1 [2141,38]
[2141,38] 1 [2142,40]
[2142,40] 1 [2143,42]
[2143,42] 1 [2144,44]
[2144,44] 1 [2145,47]
[2145,47] 1 [2146,51]
[2146,51] 1 [2147,55]
[2147,55] 1 [2148,57]
[2148,57] 1 [2149,60]
[2149,60] 1 [2150,64]
[2150,64] 1 [2151,67]
[2151,67] 1 [2152,69]
[2152,69] 1 [2153,73]
[2153,73] 1 [2154,76]
[2154,76] 1 [2155,78]
[2155,78] 1 [2156,82]
[2156,82] 1 [2157,86]
[2157,86] 1 [2158,89]
[2158,89] 1 [2159,92]
[2159,92] 1 [2160,94]
[2160,94] 1 [2161,96]
[2161,96] 1 [2162,100]
[2162,100] 1 [2163,104]
[2163,104] 1 [2164,108]
[2164,108] 1 [2165,111]
[2165,111] 1 [2166,114]
[2166,114] 1 [2167,116]
[2167,116] 1 [2168,119]
[2168,119] 1 [2169,123]
[2169,123] 1 [2170,126]
[2170,126] 1 [2171,128]
[2171,128] 1 [2172,132]
[2172,132] 1 [2173,134]
[2173,134] 1 [2174,137]
[2174,137] 1 [2175,139]
[2175,139] 1 [2176,143]
[2176,143] 1 [2177,146]
[2177,146] 1 [2178,150]
[2178,150] 1 [2179,154]
[2179,154] 1 [2180,156]
[2180,156] 1 [2181,160]
[2181,160] 1 [2182,163]
[2182,163] 1 [2183,165]
[2183,165] 1 [2184,168]
[2184,168] 1 [2185,170]
[2185,170] 1 [2186,174]
[2186,174] 1 [2187,176]
[2187,176] 1 [2188,6]
[2188,6] 1 [2189,6]
[2189,6] 1 [2190,6]
[2190,6] 1 [2191,6]
[2191,6] 1 [2192,6]
[2192,6] 1 [2193,6]
[2193,6] 1 [2194,6]
[2194,6] 1 [2195,6]
[2195,6] 1 [2196,6]
[2196,6] 1 [2197,8]
[2197,8] 0 [2198,8]
[2198,8] 1 [2199,9]
[2199,9] 1 [2200,13]
[2200,13] 2 [2201,9]
[2201,9] 1 [2202,7]
[2202,7] 1 [2203,10]
[2203,10] 2 [2204,10]
[2204,10] 2 [2205,6]
[2205,6] 1 [2206,8]
[2206,8] 1 [2207,12]
[2207,12] 1 [2208,14]
[2208,14] 2 [2209,10]
[2209,10] 2 [2210,6]
[2210,6] 1 [2211,9]
[2211,9] 2 [2212,6]
[2212,6] 1 [2213,9]
[2213,9] 2 [2214,6]
[2214,6] 1 [2215,8]
[2215,8] 1 [2216,10]
[2216,10] 2 [2217,7]
[2217,7] 1 [2218,10]
[2218,10] 1 [2219,12]
[2219,12] 2 [2220,8]
[2220,8] 1 [2221,7]
[2221,7] 2 [2222,6]
[2222,6] 1 [2223,9]
[2223,9] 1 [2224,11]
[2224,11] 1 [2225,13]
[2225,13] 1 [2226,15]
[2226,15] 1 [2227,19]
[2227,19] 1 [2228,23]
[2228,23] 1 [2229,27]
[2229,27] 1 [2230,30]
[2230,30] 1 [2231,33]
[2231,33] 1 [2232,37]
[2232,37] 1 [2233,40]
[2233,40] 1 [2234,44]
[2234,44] 1 [2235,48]
[2235,48] 1 [2236,52]
[2236,52] 1 [2237,54]
[2237,54] 1 [2238,57]
[2238,57] 1 [2239,59]
[2239,59] 1 [2240,62]
[2240,62] 1 [2241,64]
[2241,64] 1 [2242,66]
[2242,66] 1 [2243,69]
[2243,69] 1 [2244,73]
[2244,73] 1 [2245,75]
[2245,75] 1 [2246,77]
[2246,77] 1 [2247,80]
[2247,80] 1 [2248,83]
[2248,83] 1 [2249,87]
[2249,87] 1 [2250,89]
[2250,89] 1 [2251,91]
[2251,91] 1 [2252,94]
[2252,94] 1 [2253,98]
[2253,98] 1 [2254,101]
[2254,101] 1 [2255,103]
[2255,103] 1 [2256,105]
[2256,105] 1 [2257,109]
[2257,109] 1 [2258,111]
[2258,111] 1 [2259,113]
[2259,113] 1 [2260,117]
[2260,117] 1 [2261,119]
[2261,119] 1 [2262,123]
[2262,123] 1 [2263,125]
[2263,125] 1 [2264,127]
[2264,127] 1 [2265,131]
[2265,131] 1 [2266,134]
[2266,134] 1 [2267,136]
[2267,136] 1 [2268,140]
[2268,140] 1 [2269,144]
[2269,144] 1 [2270,147]
[2270,147] 1 [2271,151]
[2271,151] 1 [2272,153]
[2272,153] 1 [2273,155]
[2273,155] 1 [2274,158]
[2274,158] 1 [2275,161]
[2275,161] 1 [2276,164]
[2276,164] 1 [2277,168]
[2277,168] 1 [2278,171]
[2278,171] 1 [2279,175]
[2279,175] 1 [2280,177]
[2280,177] 1 [2281,6]
[2281,6] 1 [2282,6]
[2282,6] 1 [2283,6]
[2283,6] 1 [2284,6]
[2284,6] 1 [2285,6]
[2285,6] 1 [2286,6]
[2286,6] 1 [2287,6]
[2287,6] 1 [2288,6]
[2288,6] 1 [2289,6]
[2289,6] 1 [2290,6]
[2290,6] 1 [2291,8]
[2291,8] 1 [2292,10]
[2292,10] 1 [2293,12]
[2293,12] 1 [2294,16]
[2294,16] 1 [2295,19]
[2295,19] 1 [2296,22]
[2296,22] 0 [2297,23]
[2297,23] 0 [2298,23]
[2298,23] 1 [2299,25]
[2299,25] 1 [2300,29]
[2300,29] 1 [2301,31]
[2301,31] 1 [2302,33]
[2302,33] 1 [2303,37]
[2303,37] 1 [2304,39]
[2304,39] 1 [2305,43]
[2305,43] 1 [2306,46]
[2306,46] 1 [2307,50]
[2307,50] 1 [2308,53]
[2308,53] 1 [2309,56]
[2309,56] 1 [2310,59]
[2310,59] 1 [2311,61]
[2311,61] 1 [2312,64]
[2312,64] 1 [2313,67]
[2313,67] 1 [2314,70]
[2314,70] 1 [2315,73]
[2315,73] 1 [2316,76]
[2316,76] 1 [2317,80]
[2317,80] 1 [2318,84]
[2318,84] 1 [2319,87]
[2319,87] 1 [2320,90]
[2320,90] 1 [2321,92]
[2321,92] 1 [2322,95]
[2322,95] 1 [2323,97]
[2323,97] 1 [2324,101]
[2324,101] 1 [2325,104]
[2325,104] 1 [2326,106]
[2326,106] 1 [2327,110]
[2327,110] 1 [2328,112]
[2328,112] 1 [2329,116]
[2329,116] 1 [2330,118]
[2330,118] 1 [2331,120]
[2331,120] 1 [2332,123]
[2332,123] 1 [2333,126]
[2333,126] 1 [2334,130]
[2334,130] 1 [2335,134]
[2335,134] 1 [2336,137]
[2336,137] 1 [2337,140]
[2337,140] 1 [2338,144]
[2338,144] 1 [2339,146]
[2339,146] 1 [2340,148]
[2340,148] 1 [2341,152]
[2341,152] 1 [2342,155]
[2342,155] 1 [2343,158]
[2343,158] 1 [2344,161]
[2344,161] 1 [2345,164]
[2345,164] 1 [2346,168]
[2346,168] 1 [2347,171]
[2347,171] 1 [2348,175]
[2348,175] 1 [2349,6]
[2349,6] 1 [2350,6]
[2350,6] 1 [2351,6]
[2351,6] 1 [2352,6]
[2352,6] 1 [2353,6]
[2353,6] 1 [2354,6]
[2354,6] 1 [2355,6]
[2355,6] 1 [2356,6]
[2356,6] 1 [2357,6]
[2357,6] 1 [2358,6]
[2358,6] 1 [2359,6]
[2359,6] 1 [2360,9]
[2360,9] 0 [2361,9]
[2361,9] 2 [2362,6]
[2362,6] 1 [2363,8]
[2363,8] 1 [2364,11]
[2364,11] 1 [2365,14]
[2365,14] 2 [2366,10]
[2366,10] 2 [2367,6]
[2367,6] 1 [2368,8]
[2368,8] 1 [2369,10]
[2369,10] 1 [2370,12]
[2370,12] 1 [2371,15]
[2371,15] 1 [2372,19]
[2372,19] 1 [2373,22]
[2373,22] 1 [2374,26]
[2374,26] 1 [2375,28]
[2375,28] 1 [2376,32]
[2376,32] 1 [2377,34]
[2377,34] 1 [2378,37]
[2378,37] 1 [2379,39]
[2379,39] 1 [2380,43]
[2380,43] 1 [2381,46]
[2381,46] 1 [2382,49]
[2382,49] 1 [2383,51]
[2383,51] 1 [2384,53]
[2384,53] 1 [2385,56]
[2385,56] 1 [2386,58]
[2386,58] 1 [2387,60]
[2387,60] 1 [2388,64]
[2388,64] 1 [2389,66]
[2389,66] 1 [2390,69]
[2390,69] 1 [2391,73]
[2391,73] 1 [2392,77]
[2392,77] 1 [2393,79]
[2393,79] 1 [2394,82]
[2394,82] 1 [2395,86]
[2395,86] 1 [2396,90]
[2396,90] 1 [2397,93]
[2397,93] 1 [2398,95]
[2398,95] 1 [2399,99]
[2399,99] 1 [2400,102]
[2400,102] 1 [2401,105]
[2401,105] 1 [2402,109]
[2402,109] 1 [2403,112]
[2403,112] 1 [2404,116]
[2404,116] 1 [2405,119]
[2405,119] 1 [2406,123]
[2406,123] 1 [2407,126]
[2407,126] 1 [2408,128]
[2408,128] 1 [2409,132]
[2409,132] 1 [2410,134]
[2410,134] 1 [2411,137]
[2411,137] 1 [2412,141]
[2412,141] 1 [2413,145]
[2413,145] 1 [2414,148]
[2414,148] 1 [2415,150]
[2415,150] 1 [2416,152]
[2416,152] 1 [2417,154]
[2417,154] 1 [2418,157]
[2418,157] 1 [2419,160]
[2419,160] 1 [2420,162]
[2420,162] 1 [2421,166]
[2421,166] 1 [2422,170]
[2422,170] 1 [2423,173]
[2423,173] 1 [2424,177]
[2424,177] 1 [2425,6]
[2425,6] 1 [2426,6]
[2426,6] 1 [2427,6]
[2427,6] 1 [2428,6]
[2428,6] 1 [2429,6]
[2429,6] 1 [2430,6]
[2430,6] 1 [2431,6]
[2431,6] 1 [2432,6]
[2432,6] 1 [2433,6]
[2433,6] 1 [2434,7]
[2434,7] 1 [2435,9]
[2435,9] 2 [2436,6]
[2436,6] 1 [2437,9]
[2437,9] 1 [2438,12]
[2438,12] 1 [2439,15]
[2439,15] 2 [2440,12]
[2440,12] 2 [2441,8]
[2441,8] 1 [2442,9]
[2442,9] 1 [2443,11]
[2443,11] 1 [2444,13]
[2444,13] 1 [2445,17]
[2445,17] 1 [2446,20]
[2446,20] 2 [2447,16]
[2447,16] 2 [2448,12]
[2448,12] 1 [2449,10]
[2449,10] 1 [2450,13]
[2450,13] 1 [2451,15]
[2451,15] 2 [2452,13]
[2452,13] 2 [2453,10]
[2453,10] 2 [2454,7]
[2454,7] 1 [2455,8]
[2455,8] 1 [2456,11]
[2456,11] 1 [2457,13]
[2457,13] 1 [2458,15]
[2458,15] 2 [2459,11]
[2459,11] 1 [2460,13]
[2460,13] 1 [2461,15]
[2461,15] 1 [2462,19]
[2462,19] 1 [2463,23]
[2463,23] 1 [2464,25]
[2464,25] 1 [2465,29]
[2465,29] 1 [2466,31]
[2466,31] 1 [2467,33]
[2467,33] 1 [2468,36]
[2468,36] 1 [2469,39]
[2469,39] 1 [2470,43]
[2470,43] 1 [2471,46]
[2471,46] 1 [2472,49]
[2472,49] 1 [2473,53]
[2473,53] 1 [2474,55]
[2474,55] 1 [2475,59]
[2475,59] 1 [2476,61]
[2476,61] 1 [2477,64]
[2477,64] 1 [2478,68]
[2478,68] 1 [2479,72]
[2479,72] 1 [2480,75]
[2480,75] 1 [2481,77]
[2481,77] 1 [2482,79]
[2482,79] 1 [2483,83]
[2483,83] 1 [2484,86]
[2484,86] 1 [2485,90]
[2485,90] 1 [2486,93]
[2486,93] 1 [2487,95]
[2487,95] 1 [2488,98]
[2488,98] 1 [2489,102]
[2489,102] 1 [2490,106]
[2490,106] 1 [2491,109]
[2491,109] 1 [2492,112]
[2492,112] 1 [2493,114]
[2493,114] 1 [2494,116]
[2494,116] 1 [2495,120]
[2495,120] 1 [2496,124]
[2496,124] 1 [2497,128]
[2497,128] 2 [2498,124]
[2498,124] 2 [2499,121]
[2499,121] 2 [2500,117]
[2500,117] 1 [2501,119]
[2501,119] 1 [2502,122]
[2502,122] 1 [2503,124]
[2503,124] 1 [2504,128]
[2504,128] 1 [2505,130]
[2505,130] 1 [2506,133]
[2506,133] 1 [2507,135]
[2507,135] 1 [2508,137]
[2508,137] 1 [2509,139]
[2509,139] 1 [2510,141]
[2510,141] 1 [2511,144]
[2511,144] 1 [2512,147]
[2512,147] 1 [2513,150]
[2513,150] 1 [2514,154]
[2514,154] 1 [2515,158]
[2515,158] 1 [2516,161]
[2516,161] 1 [2517,165]
[2517,165] 1 [2518,169]
[2518,169] 1 [2519,172]
[2519,172] 1 [2520,174]
[2520,174] 1 [2521,177]
[2521,177] 1 [2522,6]
[2522,6] 1 [2523,6]
[2523,6] 1 [2524,6]
[2524,6] 1 [2525,6]
[2525,6] 1 [2526,6]
[2526,6] 1 [2527,6]
[2527,6] 1 [2528,6]
[2528,6] 1 [2529,6]
[2529,6] 0 [2530,6]
[2530,6] 1 [2531,9]
[2531,9] 1 [2532,12]
[2532,12] 1 [2533,15]
[2533,15] 2 [2534,11]
[2534,11] 1 [2535,13]
[2535,13] 1 [2536,15]
[2536,15] 1 [2537,18]
[2537,18] 2 [2538,15]
[2538,15] 2 [2539,11]
[2539,11] 1 [2540,14]
[2540,14] 1 [2541,16]
[2541,16] 2 [2542,13]
[2542,13] 1 [2543,15]
[2543,15] 2 [2544,12]
[2544,12] 1 [2545,14]
[2545,14] 1 [2546,16]
[2546,16] 1 [2547,20]
[2547,20] 2 [2548,16]
[2548,16] 1 [2549,19]
[2549,19] 1 [2550,21]
[2550,21] 1 [2551,23]
[2551,23] 1 [2552,25]
[2552,25] 1 [2553,28]
[2553,28] 1 [2554,32]
[2554,32] 1 [2555,36]
[2555,36] 2 [2556,34]
[2556,34] 1 [2557,36]
[2557,36] 1 [2558,38]
[2558,38] 1 [2559,40]
[2559,40] 1 [2560,42]
[2560,42] 1 [2561,45]
[2561,45] 1 [2562,48]
[2562,48] 1 [2563,51]
[2563,51] 1 [2564,54]
[2564,54] 1 [2565,56]
[2565,56] 1 [2566,60]
[2566,60] 1 [2567,64]
[2567,64] 1 [2568,67]
[2568,67] 1 [2569,71]
[2569,71] 1 [2570,74]
[2570,74] 1 [2571,77]
[2571,77] 1 [2572,81]
[2572,81] 1 [2573,85]
[2573,85] 1 [2574,88]
[2574,88] 1 [2575,91]
[2575,91] 1 [2576,93]
[2576,93] 1 [2577,96]
[2577,96] 1 [2578,100]
[2578,100] 1 [2579,103]
[2579,103] 1 [2580,105]
[2580,105] 1 [2581,107]
[2581,107] 2 [2582,104]
[2582,104] 2 [2583,101]
[2583,101] 1 [2584,103]
[2584,103] 1 [2585,106]
[2585,106] 1 [2586,109]
[2586,109] 1 [2587,112]
[2587,112] 1 [2588,116]
[2588,116] 1 [2589,120]
[2589,120] 1 [2590,123]
[2590,123] 1 [2591,127]
[2591,127] 1 [2592,130]
[2592,130] 1 [2593,132]
[2593,132] 1 [2594,136]
[2594,136] 1 [2595,139]
[2595,139] 1 [2596,143]
[2596,143] 1 [2597,147]
[2597,147] 1 [2598,151]
[2598,151] 1 [2599,154]
[2599,154] 1 [2600,157]
[2600,157] 1 [2601,161]
[2601,161] 1 [2602,163]
[2602,163] 1 [2603,165]
[2603,165] 1 [2604,168]
[2604,168] 1 [2605,172]
[2605,172] 1 [2606,176]
[2606,176] 1 [2607,6]
[2607,6] 1 [2608,6]
[2608,6] 1 [2609,6]
[2609,6] 1 [2610,6]
[2610,6] 1 [2611,6]
[2611,6] 1 [2612,6]
[2612,6] 1 [2613,6]
[2613,6] 1 [2614,6]
[2614,6] 1 [2615,6]
[2615,6] 1 [2616,6]
[2616,6] 1 [2617,9]
[2617,9] 0 [2618,9]
[2618,9] 1 [2619,13]
[2619,13] 0 [2620,13]
[2620,13] 1 [2621,17]
[2621,17] 1 [2622,19]
[2622,19] 2 [2623,15]
[2623,15] 1 [2624,17]
[2624,17] 2 [2625,14]
[2625,14] 1 [2626,14]
[2626,14] 1 [2627,18]
[2627,18] 1 [2628,20]
[2628,20] 1 [2629,24]
[2629,24] 1 [2630,26]
[2630,26] 1 [2631,29]
[2631,29] 1 [2632,33]
[2632,33] 1 [2633,35]
[2633,35] 1 [2634,38]
[2634,38] 1 [2635,41]
[2635,41] 1 [2636,44]
[2636,44] 0 [2637,44]
[2637,44] 1 [2638,48]
[2638,48] 1 [2639,51]
[2639,51] 1 [2640,54]
[2640,54] 1 [2641,58]
[2641,58] 1 [2642,62]
[2642,62] 1 [2643,66]
[2643,66] 1 [2644,68]
[2644,68] 1 [2645,70]
[2645,70] 1 [2646,72]
[2646,72] 1 [2647,76]
[2647,76] 1 [2648,80]
[2648,80] 1 [2649,84]
[2649,84] 1 [2650,87]
[2650,87] 1 [2651,91]
[2651,91] 1 [2652,95]
[2652,95] 1 [2653,99]
[2653,99] 1 [2654,103]
[2654,103] 1 [2655,106]
[2655,106] 1 [2656,109]
[2656,109] 1 [2657,113]
[2657,113] 1 [2658,115]
[2658,115] 1 [2659,117]
[2659,117] 1 [2660,121]
[2660,121] 1 [2661,123]
[2661,123] 1 [2662,127]
[2662,127] 1 [2663,131]
[2663,131] 1 [2664,135]
[2664,135] 1 [2665,139]
[2665,139] 1 [2666,143]
[2666,143] 1 [2667,147]
[2667,147] 0 [2668,148]
[2668,148] 1 [2669,150]
[2669,150] 1 [2670,152]
[2670,152] 1 [2671,155]
[2671,155] 1 [2672,158]
[2672,158] 1 [2673,162]
[2673,162] 1 [2674,165]
[2674,165] 1 [2675,167]
[2675,167] 1 [2676,171]
[2676,171] 1 [2677,175]
[2677,175] 1 [2678,177]
