[0,6] 1 [1,9]
[1,9] 1 [2,11]
[2,11] 1 [3,15]
[3,15] 1 [4,18]
[4,18] 1 [5,20]
[5,20] 1 [6,24]
[6,24] 1 [7,26]
[7,26] 1 [8,28]
[8,28] 1 [9,32]
[9,32] 1 [10,34]
[10,34] 1 [11,36]
[11,36] 1 [12,40]
[12,40] 1 [13,42]
[13,42] 1 [14,46]
[14,46] 1 [15,49]
[15,49] 1 [16,52]
[16,52] 1 [17,56]
[17,56] 1 [18,59]
[18,59] 1 [19,61]
[19,61] 1 [20,64]
[20,64] 1 [21,66]
[21,66] 1 [22,68]
[22,68] 1 [23,72]
[23,72] 1 [24,75]
[24,75] 1 [25,79]
[25,79] 1 [26,83]
[26,83] 1 [27,85]
[27,85] 1 [28,89]
[28,89] 1 [29,91]
[29,91] 1 [30,94]
[30,94] 1 [31,98]
[31,98] 1 [32,102]
[32,102] 1 [33,105]
[33,105] 1 [34,109]
[34,109] 1 [35,112]
[35,112] 1 [36,116]
[36,116] 1 [37,118]
[37,118] 1 [38,122]
[38,122] 1 [39,126]
[39,126] 1 [40,130]
[40,130] 1 [41,133]
[41,133] 1 [42,136]
[42,136] 1 [43,139]
[43,139] 1 [44,142]
[44,142] 1 [45,146]
[45,146] 1 [46,149]
[46,149] 1 [47,153]
[47,153] 1 [48,156]
[48,156] 1 [49,160]
[49,160] 1 [50,163]
[50,163] 1 [51,165]
[51,165] 1 [52,168]
[52,168] 1 [53,172]
[53,172] 1 [54,176]
[54,176] 1 [55,6]
[55,6] 1 [56,6]
[56,6] 1 [57,6]
[57,6] 1 [58,6]
[58,6] 1 [59,6]
[59,6] 1 [60,6]
[60,6] 1 [61,6]
[61,6] 1 [62,6]
[62,6] 1 [63,6]
[63,6] 1 [64,6]
[64,6] 1 [65,6]
[65,6] 1 [66,6]
[66,6] 1 [67,6]
[67,6] 1 [68,8]
[68,8] 0 [69,8]
[69,8] 1 [70,12]
[70,12] 0 [71,12]
[71,12] 0 [72,12]
[72,12] 2 [73,11]
[73,11] 0 [74,9]
[74,9] 1 [75,11]
[75,11] 2 [76,9]
[76,9] 1 [77,9]
[77,9] 0 [78,9]
[78,9] 1 [79,9]
[79,9] 1 [80,11]
[80,11] 2 [81,8]
[81,8] 0 [82,7]
[82,7] 1 [83,9]
[83,9] 1 [84,12]
[84,12] 2 [85,9]
[85,9] 1 [86,11]
[86,11] 2 [87,11]
[87,11] 1 [88,14]
[88,14] 2 [89,10]
[89,10] 1 [90,10]
[90,10] 1 [91,13]
[91,13] 1 [92,15]
[92,15] 1 [93,17]
[93,17] 1 [94,20]
[94,20] 1 [95,22]
[95,22] 1 [96,25]
[96,25] 1 [97,29]
[97,29] 1 [98,32]
[98,32] 1 [99,35]
[99,35] 1 [100,38]
[100,38] 1 [101,42]
[101,42] 1 [102,44]
[102,44] 1 [103,47]
[103,47] 1 [104,49]
[104,49] 1 [105,51]
[105,51] 1 [106,55]
[106,55] 1 [107,57]
[107,57] 1 [108,61]
[108,61] 1 [109,63]
[109,63] 1 [110,66]
[110,66] 1 [111,68]
[111,68] 1 [112,70]
[112,70] 1 [113,72]
[113,72] 1 [114,76]
[114,76] 1 [115,80]
[115,80] 1 [116,82]
[116,82] 1 [117,85]
[117,85] 1 [118,87]
[118,87] 1 [119,90]
[119,90] 1 [120,92]
[120,92] 1 [121,94]
[121,94] 1 [122,96]
[122,96] 1 [123,99]
[123,99] 1 [124,101]
[124,101] 1 [125,105]
[125,105] 1 [126,108]
[126,108] 1 [127,112]
[127,112] 1 [128,115]
[128,115] 1 [129,117]
[129,117] 1 [130,121]
[130,121] 1 [131,125]
[131,125] 1 [132,127]
[132,127] 1 [133,129]
[133,129] 1 [134,133]
[134,133] 1 [135,135]
[135,135] 1 [136,139]
[136,139] 1 [137,142]
[137,142] 1 [138,144]
[138,144] 1 [139,148]
[139,148] 1 [140,151]
[140,151] 1 [141,153]
[141,153] 1 [142,157]
[142,157] 1 [143,161]
[143,161] 1 [144,164]
[144,164] 1 [145,167]
[145,167] 1 [146,170]
[146,170] 1 [147,173]
[147,173] 1 [148,177]
[148,177] 1 [149,6]
[149,6] 1 [150,6]
[150,6] 1 [151,6]
[151,6] 1 [152,6]
[152,6] 1 [153,6]
[153,6] 1 [154,6]
[154,6] 1 [155,6]
[155,6] 1 [156,6]
[156,6] 1 [157,6]
[157,6] 1 [158,7]
[158,7] 1 [159,10]
[159,10] 1 [160,13]
[160,13] 1 [161,15]
[161,15] 1 [162,17]
[162,17] 1 [163,20]
[163,20] 1 [164,24]
[164,24] 1 [165,28]
[165,28] 1 [166,31]
[166,31] 1 [167,34]
[167,34] 1 [168,36]
[168,36] 1 [169,40]
[169,40] 1 [170,42]
[170,42] 1 [171,46]
[171,46] 1 [172,50]
[172,50] 1 [173,54]
[173,54] 1 [174,56]
[174,56] 1 [175,58]
[175,58] 1 [176,60]
[176,60] 1 [177,63]
[177,63] 1 [178,66]
[178,66] 1 [179,69]
[179,69] 1 [180,71]
[180,71] 1 [181,73]
[181,73] 1 [182,77]
[182,77] 1 [183,81]
[183,81] 1 [184,83]
[184,83] 1 [185,85]
[185,85] 1 [186,89]
[186,89] 1 [187,93]
[187,93] 1 [188,97]
[188,97] 1 [189,99]
[189,99] 1 [190,103]
[190,103] 1 [191,105]
[191,105] 1 [192,108]
[192,108] 1 [193,110]
[193,110] 1 [194,114]
[194,114] 1 [195,117]
[195,117] 1 [196,120]
[196,120] 1 [197,123]
[197,123] 1 [198,126]
[198,126] 1 [199,129]
[199,129] 1 [200,132]
[200,132] 1 [201,135]
[201,135] 1 [202,138]
[202,138] 1 [203,142]
[203,142] 1 [204,145]
[204,145] 1 [205,148]
[205,148] 1 [206,151]
[206,151] 1 [207,155]
[207,155] 1 [208,159]
[208,159] 1 [209,163]
[209,163] 1 [210,165]
[210,165] 1 [211,169]
[211,169] 1 [212,172]
[212,172] 1 [213,175]
[213,175] 1 [214,177]
[214,177] 1 [215,6]
[215,6] 1 [216,6]
[216,6] 1 [217,6]
[217,6] 1 [218,6]
[218,6] 1 [219,6]
[219,6] 1 [220,6]
[220,6] 1 [221,6]
[221,6] 1 [222,6]
[222,6] 1 [223,6]
[223,6] 1 [224,6]
[224,6] 1 [225,7]
[225,7] 0 [226,7]
[226,7] 1 [227,11]
[227,11] 2 [228,8]
[228,8] 1 [229,12]
[229,12] 2 [230,8]
[230,8] 1 [231,11]
[231,11] 1 [232,14]
[232,14] 2 [233,10]
[233,10] 2 [234,6]
[234,6] 1 [235,8]
[235,8] 1 [236,10]
[236,10] 1 [237,12]
[237,12] 1 [238,15]
[238,15] 1 [239,17]
[239,17] 2 [240,14]
[240,14] 1 [241,15]
[241,15] 1 [242,18]
[242,18] 2 [243,14]
[243,14] 1 [244,16]
[244,16] 1 [245,19]
[245,19] 2 [246,15]
[246,15] 1 [247,17]
[247,17] 1 [248,19]
[248,19] 1 [249,23]
[249,23] 1 [250,26]
[250,26] 1 [251,29]
[251,29] 1 [252,32]
[252,32] 1 [253,36]
[253,36] 1 [254,39]
[254,39] 1 [255,42]
[255,42] 1 [256,45]
[256,45] 1 [257,49]
[257,49] 1 [258,52]
[258,52] 1 [259,56]
[259,56] 1 [260,60]
[260,60] 1 [261,62]
[261,62] 1 [262,64]
[262,64] 1 [263,68]
[263,68] 1 [264,72]
[264,72] 1 [265,76]
[265,76] 1 [266,80]
[266,80] 1 [267,82]
[267,82] 1 [268,86]
[268,86] 1 [269,90]
[269,90] 1 [270,94]
[270,94] 1 [271,98]
[271,98] 1 [272,100]
[272,100] 1 [273,104]
[273,104] 1 [274,108]
[274,108] 1 [275,112]
[275,112] 1 [276,116]
[276,116] 1 [277,120]
[277,120] 1 [278,124]
[278,124] 1 [279,128]
[279,128] 1 [280,130]
[280,130] 1 [281,132]
[281,132] 1 [282,135]
[282,135] 1 [283,138]
[283,138] 1 [284,142]
[284,142] 1 [285,145]
[285,145] 1 [286,147]
[286,147] 1 [287,150]
[287,150] 1 [288,153]
[288,153] 1 [289,156]
[289,156] 1 [290,158]
[290,158] 1 [291,160]
[291,160] 1 [292,163]
[292,163] 1 [293,167]
[293,167] 1 [294,170]
[294,170] 1 [295,172]
[295,172] 1 [296,176]
[296,176] 1 [297,6]
[297,6] 1 [298,6]
[298,6] 1 [299,6]
[299,6] 1 [300,6]
[300,6] 1 [301,6]
[301,6] 1 [302,6]
[302,6] 1 [303,6]
[303,6] 1 [304,6]
[304,6] 1 [305,6]
[305,6] 1 [306,6]
[306,6] 1 [307,8]
[307,8] 0 [308,8]
[308,8] 1 [309,9]
[309,9] 1 [310,11]
[310,11] 1 [311,15]
[311,15] 2 [312,11]
[312,11] 2 [313,7]
[313,7] 1 [314,9]
[314,9] 1 [315,11]
[315,11] 2 [316,7]
[316,7] 1 [317,9]
[317,9] 1 [318,11]
[318,11] 1 [319,13]
[319,13] 2 [320,10]
[320,10] 1 [321,11]
[321,11] 1 [322,15]
[322,15] 1 [323,18]
[323,18] 2 [324,14]
[324,14] 1 [325,16]
[325,16] 1 [326,18]
[326,18] 1 [327,20]
[327,20] 1 [328,22]
[328,22] 1 [329,26]
[329,26] 1 [330,30]
[330,30] 1 [331,34]
[331,34] 1 [332,38]
[332,38] 1 [333,40]
[333,40] 1 [334,42]
[334,42] 1 [335,45]
[335,45] 1 [336,49]
[336,49] 1 [337,52]
[337,52] 1 [338,55]
[338,55] 1 [339,57]
[339,57] 1 [340,59]
[340,59] 1 [341,62]
[341,62] 1 [342,65]
[342,65] 1 [343,68]
[343,68] 1 [344,70]
[344,70] 1 [345,72]
[345,72] 1 [346,74]
[346,74] 1 [347,76]
[347,76] 1 [348,79]
[348,79] 1 [349,81]
[349,81] 1 [350,83]
[350,83] 1 [351,86]
[351,86] 1 [352,89]
[352,89] 1 [353,91]
[353,91] 1 [354,93]
[354,93] 1 [355,97]
[355,97] 1 [356,101]
[356,101] 1 [357,104]
[357,104] 1 [358,108]
[358,108] 1 [359,110]
[359,110] 1 [360,113]
[360,113] 1 [361,116]
[361,116] 1 [362,120]
[362,120] 1 [363,123]
[363,123] 2 [364,120]
[364,120] 0 [365,119]
[365,119] 2 [366,115]
[366,115] 1 [367,118]
[367,118] 1 [368,120]
[368,120] 1 [369,123]
[369,123] 1 [370,126]
[370,126] 1 [371,128]
[371,128] 1 [372,131]
[372,131] 1 [373,135]
[373,135] 1 [374,139]
[374,139] 1 [375,141]
[375,141] 1 [376,144]
[376,144] 1 [377,147]
[377,147] 1 [378,149]
[378,149] 1 [379,152]
[379,152] 1 [380,154]
[380,154] 1 [381,157]
[381,157] 1 [382,159]
[382,159] 1 [383,161]
[383,161] 1 [384,165]
[384,165] 1 [385,168]
[385,168] 1 [386,170]
[386,170] 1 [387,173]
[387,173] 1 [388,175]
[388,175] 1 [389,6]
[389,6] 1 [390,6]
[390,6] 1 [391,6]
[391,6] 1 [392,6]
[392,6] 1 [393,6]
[393,6] 1 [394,6]
[394,6] 1 [395,6]
[395,6] 1 [396,6]
[396,6] 1 [397,6]
[397,6] 1 [398,6]
[398,6] 1 [399,6]
[399,6] 0 [400,6]
[400,6] 1 [401,8]
[401,8] 1 [402,11]
[402,11] 0 [403,11]
[403,11] 2 [404,9]
[404,9] 2 [405,6]
[405,6] 1 [406,8]
[406,8] 1 [407,11]
[407,11] 2 [408,8]
[408,8] 1 [409,10]
[409,10] 1 [410,12]
[410,12] 2 [411,8]
[411,8] 1 [412,8]
[412,8] 1 [413,11]
[413,11] 1 [414,13]
[414,13] 1 [415,16]
[415,16] 1 [416,18]
[416,18] 1 [417,22]
[417,22] 2 [418,19]
[418,19] 2 [419,15]
[419,15] 1 [420,17]
[420,17] 1 [421,21]
[421,21] 1 [422,25]
[422,25] 1 [423,28]
[423,28] 1 [424,31]
[424,31] 1 [425,34]
[425,34] 1 [426,38]
[426,38] 1 [427,41]
[427,41] 1 [428,44]
[428,44] 1 [429,46]
[429,46] 1 [430,48]
[430,48] 1 [431,50]
[431,50] 1 [432,53]
[432,53] 1 [433,55]
[433,55] 1 [434,58]
[434,58] 1 [435,61]
[435,61] 1 [436,64]
[436,64] 1 [437,68]
[437,68] 1 [438,71]
[438,71] 1 [439,74]
[439,74] 1 [440,78]
[440,78] 1 [441,82]
[441,82] 1 [442,86]
[442,86] 1 [443,88]
[443,88] 1 [444,90]
[444,90] 1 [445,94]
[445,94] 1 [446,98]
[446,98] 1 [447,102]
[447,102] 1 [448,105]
[448,105] 2 [449,101]
[449,101] 2 [450,97]
[450,97] 1 [451,97]
[451,97] 1 [452,100]
[452,100] 1 [453,103]
[453,103] 1 [454,107]
[454,107] 1 [455,110]
[455,110] 1 [456,113]
[456,113] 1 [457,115]
[457,115] 1 [458,119]
[458,119] 1 [459,121]
[459,121] 1 [460,125]
[460,125] 1 [461,128]
[461,128] 1 [462,132]
[462,132] 1 [463,135]
[463,135] 1 [464,137]
[464,137] 1 [465,141]
[465,141] 1 [466,145]
[466,145] 1 [467,148]
[467,148] 1 [468,150]
[468,150] 1 [469,153]
[469,153] 1 [470,157]
[470,157] 1 [471,161]
[471,161] 1 [472,165]
[472,165] 1 [473,168]
[473,168] 1 [474,172]
[474,172] 1 [475,175]
[475,175] 1 [476,6]
[476,6] 1 [477,6]
[477,6] 1 [478,6]
[478,6] 1 [479,6]
[479,6] 1 [480,6]
[480,6] 1 [481,6]
[481,6] 1 [482,6]
[482,6] 1 [483,6]
[483,6] 1 [484,6]
[484,6] 1 [485,6]
[485,6] 1 [486,8]
[486,8] 1 [487,11]
[487,11] 2 [488,8]
[488,8] 1 [489,6]
[489,6] 1 [490,10]
[490,10] 1 [491,12]
[491,12] 2 [492,8]
[492,8] 1 [493,6]
[493,6] 1 [494,8]
[494,8] 1 [495,10]
[495,10] 1 [496,12]
[496,12] 1 [497,14]
[497,14] 1 [498,16]
[498,16] 1 [499,20]
[499,20] 1 [500,24]
[500,24] 1 [501,26]
[501,26] 1 [502,28]
[502,28] 1 [503,30]
[503,30] 1 [504,34]
[504,34] 1 [505,38]
[505,38] 1 [506,42]
[506,42] 1 [507,44]
[507,44] 1 [508,47]
[508,47] 1 [509,51]
[509,51] 1 [510,53]
[510,53] 1 [511,55]
[511,55] 1 [512,59]
[512,59] 1 [513,62]
[513,62] 1 [514,65]
[514,65] 1 [515,69]
[515,69] 1 [516,71]
[516,71] 1 [517,73]
[517,73] 1 [518,76]
[518,76] 1 [519,79]
[519,79] 1 [520,83]
[520,83] 1 [521,87]
[521,87] 1 [522,90]
[522,90] 1 [523,93]
[523,93] 1 [524,96]
[524,96] 1 [525,99]
[525,99] 1 [526,103]
[526,103] 1 [527,105]
[527,105] 1 [528,108]
[528,108] 1 [529,112]
[529,112] 1 [530,114]
[530,114] 1 [531,118]
[531,118] 1 [532,120]
[532,120] 1 [533,124]
[533,124] 1 [534,128]
[534,128] 1 [535,130]
[535,130] 1 [536,134]
[536,134] 1 [537,136]
[537,136] 1 [538,139]
[538,139] 1 [539,142]
[539,142] 1 [540,146]
[540,146] 1 [541,150]
[541,150] 1 [542,152]
[542,152] 1 [543,155]
[543,155] 1 [544,158]
[544,158] 1 [545,161]
[545,161] 1 [546,164]
[546,164] 1 [547,167]
[547,167] 1 [548,171]
[548,171] 1 [549,173]
[549,173] 1 [550,176]
[550,176] 1 [551,6]
[551,6] 1 [552,6]
[552,6] 1 [553,6]
[553,6] 1 [554,6]
[554,6] 1 [555,6]
[555,6] 1 [556,6]
[556,6] 1 [557,6]
[557,6] 1 [558,6]
[558,6] 1 [559,6]
[559,6] 1 [560,6]
[560,6] 1 [561,10]
[561,10] 1 [562,12]
[562,12] 1 [563,15]
[563,15] 1 [564,19]
[564,19] 0 [565,20]
[565,20] 2 [566,17]
[566,17] 1 [567,19]
[567,19] 1 [568,22]
[568,22] 1 [569,26]
[569,26] 1 [570,30]
[570,30] 1 [571,32]
[571,32] 1 [572,35]
[572,35] 1 [573,38]
[573,38] 1 [574,42]
[574,42] 1 [575,46]
[575,46] 1 [576,48]
[576,48] 1 [577,52]
[577,52] 1 [578,56]
[578,56] 1 [579,59]
[579,59] 1 [580,61]
[580,61] 1 [581,65]
[581,65] 1 [582,67]
[582,67] 1 [583,69]
[583,69] 1 [584,72]
[584,72] 1 [585,75]
[585,75] 1 [586,79]
[586,79] 1 [587,83]
[587,83] 1 [588,85]
[588,85] 1 [589,88]
[589,88] 1 [590,90]
[590,90] 1 [591,94]
[591,94] 1 [592,98]
[592,98] 1 [593,100]
[593,100] 1 [594,102]
[594,102] 1 [595,105]
[595,105] 1 [596,109]
[596,109] 1 [597,113]
[597,113] 1 [598,116]
[598,116] 1 [599,118]
[599,118] 1 [600,120]
[600,120] 1 [601,123]
[601,123] 1 [602,126]
[602,126] 1 [603,128]
[603,128] 1 [604,132]
[604,132] 1 [605,134]
[605,134] 1 [606,137]
[606,137] 1 [607,141]
[607,141] 1 [608,145]
[608,145] 1 [609,149]
[609,149] 1 [610,151]
[610,151] 1 [611,153]
[611,153] 1 [612,155]
[612,155] 1 [613,159]
[613,159] 1 [614,161]
[614,161] 1 [615,164]
[615,164] 1 [616,168]
[616,168] 1 [617,172]
[617,172] 1 [618,176]
[618,176] 1 [619,6]
[619,6] 1 [620,6]
[620,6] 1 [621,6]
[621,6] 1 [622,6]
[622,6] 1 [623,6]
[623,6] 1 [624,6]
[624,6] 1 [625,6]
[625,6] 1 [626,6]
[626,6] 1 [627,6]
[627,6] 1 [628,6]
[628,6] 0 [629,6]
[629,6] 1 [630,10]
[630,10] 1 [631,14]
[631,14] 1 [632,16]
[632,16] 2 [633,13]
[633,13] 1 [634,17]
[634,17] 1 [635,20]
[635,20] 1 [636,22]
[636,22] 1 [637,26]
[637,26] 1 [638,28]
[638,28] 2 [639,24]
[639,24] 1 [640,27]
[640,27] 1 [641,29]
[641,29] 1 [642,33]
[642,33] 1 [643,36]
[643,36] 1 [644,39]
[644,39] 1 [645,42]
[645,42] 1 [646,44]
[646,44] 1 [647,47]
[647,47] 1 [648,50]
[648,50] 1 [649,53]
[649,53] 1 [650,56]
[650,56] 1 [651,59]
[651,59] 1 [652,61]
[652,61] 1 [653,65]
[653,65] 1 [654,69]
[654,69] 1 [655,71]
[655,71] 2 [656,69]
[656,69] 1 [657,71]
[657,71] 1 [658,73]
[658,73] 1 [659,76]
[659,76] 1 [660,80]
[660,80] 1 [661,83]
[661,83] 1 [662,86]
[662,86] 1 [663,89]
[663,89] 1 [664,92]
[664,92] 1 [665,95]
[665,95] 1 [666,97]
[666,97] 1 [667,100]
[667,100] 1 [668,103]
[668,103] 1 [669,107]
[669,107] 1 [670,109]
[670,109] 1 [671,112]
[671,112] 1 [672,114]
[672,114] 1 [673,117]
[673,117] 1 [674,119]
[674,119] 1 [675,121]
[675,121] 1 [676,125]
[676,125] 1 [677,128]
[677,128] 1 [678,130]
[678,130] 1 [679,132]
[679,132] 1 [680,134]
[680,134] 1 [681,138]
[681,138] 1 [682,141]
[682,141] 1 [683,144]
[683,144] 1 [684,148]
[684,148] 1 [685,150]
[685,150] 1 [686,154]
[686,154] 1 [687,156]
[687,156] 1 [688,160]
[688,160] 1 [689,162]
[689,162] 1 [690,166]
[690,166] 1 [691,168]
[691,168] 1 [692,171]
[692,171] 1 [693,175]
[693,175] 1 [694,6]
[694,6] 1 [695,6]
[695,6] 1 [696,6]
[696,6] 1 [697,6]
[697,6] 1 [698,6]
[698,6] 1 [699,6]
[699,6] 1 [700,6]
[700,6] 1 [701,6]
[701,6] 1 [702,6]
[702,6] 1 [703,6]
[703,6] 1 [704,6]
[704,6] 1 [705,6]
[705,6] 0 [706,7]
[706,7] 1 [707,9]
[707,9] 1 [708,13]
[708,13] 1 [709,15]
[709,15] 2 [710,11]
[710,11] 1 [711,13]
[711,13] 1 [712,17]
[712,17] 1 [713,19]
[713,19] 1 [714,21]
[714,21] 1 [715,25]
[715,25] 1 [716,28]
[716,28] 1 [717,32]
[717,32] 1 [718,35]
[718,35] 1 [719,38]
[719,38] 1 [720,40]
[720,40] 1 [721,42]
[721,42] 1 [722,44]
[722,44] 1 [723,48]
[723,48] 1 [724,50]
[724,50] 1 [725,53]
[725,53] 1 [726,57]
[726,57] 1 [727,61]
[727,61] 1 [728,64]
[728,64] 1 [729,67]
[729,67] 1 [730,71]
[730,71] 1 [731,74]
[731,74] 1 [732,78]
[732,78] 1 [733,80]
[733,80] 1 [734,82]
[734,82] 1 [735,85]
[735,85] 1 [736,87]
[736,87] 1 [737,90]
[737,90] 1 [738,94]
[738,94] 1 [739,96]
[739,96] 1 [740,98]
[740,98] 1 [741,102]
[741,102] 1 [742,106]
[742,106] 1 [743,109]
[743,109] 1 [744,111]
[744,111] 1 [745,115]
[745,115] 1 [746,118]
[746,118] 1 [747,120]
[747,120] 1 [748,124]
[748,124] 1 [749,127]
[749,127] 1 [750,131]
[750,131] 1 [751,135]
[751,135] 1 [752,139]
[752,139] 1 [753,141]
[753,141] 1 [754,143]
[754,143] 1 [755,146]
[755,146] 1 [756,148]
[756,148] 1 [757,152]
[757,152] 1 [758,156]
[758,156] 1 [759,160]
[759,160] 1 [760,162]
[760,162] 1 [761,164]
[761,164] 1 [762,168]
[762,168] 1 [763,172]
[763,172] 1 [764,174]
[764,174] 1 [765,177]
[765,177] 1 [766,6]
[766,6] 1 [767,6]
[767,6] 1 [768,6]
[768,6] 1 [769,6]
[769,6] 1 [770,6]
[770,6] 1 [771,6]
[771,6] 1 [772,6]
[772,6] 1 [773,6]
[773,6] 1 [774,8]
[774,8] 1 [775,11]
[775,11] 1 [776,13]
[776,13] 1 [777,16]
[777,16] 1 [778,20]
[778,20] 1 [779,22]
[779,22] 1 [780,25]
[780,25] 1 [781,28]
[781,28] 1 [782,30]
[782,30] 1 [783,34]
[783,34] 1 [784,37]
[784,37] 1 [785,40]
[785,40] 1 [786,42]
[786,42] 1 [787,44]
[787,44] 1 [788,48]
[788,48] 1 [789,50]
[789,50] 1 [790,54]
[790,54] 1 [791,58]
[791,58] 1 [792,61]
[792,61] 1 [793,65]
[793,65] 1 [794,69]
[794,69] 1 [795,71]
[795,71] 1 [796,75]
[796,75] 1 [797,79]
[797,79] 1 [798,81]
[798,81] 1 [799,84]
[799,84] 1 [800,87]
[800,87] 1 [801,90]
[801,90] 1 [802,94]
[802,94] 1 [803,98]
[803,98] 1 [804,102]
[804,102] 1 [805,104]
[805,104] 1 [806,108]
[806,108] 1 [807,112]
[807,112] 1 [808,116]
[808,116] 1 [809,119]
[809,119] 1 [810,122]
[810,122] 1 [811,126]
[811,126] 1 [812,129]
[812,129] 1 [813,132]
[813,132] 1 [814,134]
[814,134] 1 [815,137]
[815,137] 1 [816,139]
[816,139] 1 [817,143]
[817,143] 1 [818,145]
[818,145] 1 [819,147]
[819,147] 1 [820,151]
[820,151] 1 [821,153]
[821,153] 1 [822,156]
[822,156] 1 [823,158]
[823,158] 1 [824,160]
[824,160] 1 [825,163]
[825,163] 1 [826,165]
[826,165] 1 [827,167]
[827,167] 1 [828,171]
[828,171] 1 [829,174]
[829,174] 1 [830,176]
[830,176] 1 [831,6]
[831,6] 1 [832,6]
[832,6] 1 [833,6]
[833,6] 1 [834,6]
[834,6] 1 [835,6]
[835,6] 1 [836,6]
[836,6] 1 [837,6]
[837,6] 1 [838,6]
[838,6] 1 [839,6]
[839,6] 0 [840,6]
[840,6] 1 [841,8]
[841,8] 1 [842,12]
[842,12] 1 [843,14]
[843,14] 1 [844,16]
[844,16] 1 [845,18]
[845,18] 1 [846,20]
[846,20] 1 [847,23]
[847,23] 2 [848,19]
[848,19] 1 [849,23]
[849,23] 2 [850,20]
[850,20] 2 [851,16]
[851,16] 1 [852,14]
[852,14] 1 [853,18]
[853,18] 1 [854,22]
[854,22] 1 [855,26]
[855,26] 1 [856,30]
[856,30] 1 [857,33]
[857,33] 1 [858,35]
[858,35] 1 [859,37]
[859,37] 1 [860,41]
[860,41] 1 [861,43]
[861,43] 1 [862,46]
[862,46] 1 [863,50]
[863,50] 1 [864,53]
[864,53] 1 [865,57]
[865,57] 1 [866,61]
[866,61] 1 [867,64]
[867,64] 1 [868,66]
[868,66] 1 [869,70]
[869,70] 1 [870,73]
[870,73] 1 [871,76]
[871,76] 1 [872,78]
[872,78] 1 [873,80]
[873,80] 1 [874,84]
[874,84] 1 [875,87]
[875,87] 1 [876,90]
[876,90] 1 [877,93]
[877,93] 1 [878,95]
[878,95] 1 [879,97]
[879,97] 1 [880,99]
[880,99] 1 [881,103]
[881,103] 1 [882,107]
[882,107] 1 [883,110]
[883,110] 1 [884,112]
[884,112] 1 [885,115]
[885,115] 1 [886,117]
[886,117] 1 [887,120]
[887,120] 1 [888,122]
[888,122] 1 [889,124]
[889,124] 1 [890,127]
[890,127] 1 [891,131]
[891,131] 1 [892,135]
[892,135] 1 [893,139]
[893,139] 1 [894,142]
[894,142] 1 [895,144]
[895,144] 1 [896,146]
[896,146] 1 [897,150]
[897,150] 1 [898,154]
[898,154] 1 [899,156]
[899,156] 1 [900,159]
[900,159] 1 [901,162]
[901,162] 1 [902,166]
[902,166] 1 [903,168]
[903,168] 1 [904,171]
[904,171] 1 [905,173]
[905,173] 1 [906,175]
[906,175] 1 [907,6]
[907,6] 1 [908,6]
[908,6] 1 [909,6]
[909,6] 1 [910,6]
[910,6] 1 [911,6]
[911,6] 1 [912,6]
[912,6] 1 [913,6]
[913,6] 1 [914,6]
[914,6] 1 [915,7]
[915,7] 1 [916,10]
[916,10] 0 [917,10]
[917,10] 1 [918,13]
[918,13] 1 [919,16]
[919,16] 2 [920,12]
[920,12] 1 [921,16]
[921,16] 1 [922,19]
[922,19] 1 [923,22]
[923,22] 1 [924,24]
[924,24] 1 [925,26]
[925,26] 1 [926,28]
[926,28] 1 [927,30]
[927,30] 1 [928,32]
[928,32] 1 [929,35]
[929,35] 1 [930,37]
[930,37] 1 [931,41]
[931,41] 1 [932,45]
[932,45] 1 [933,48]
[933,48] 1 [934,52]
[934,52] 1 [935,55]
[935,55] 1 [936,59]
[936,59] 1 [937,61]
[937,61] 1 [938,64]
[938,64] 1 [939,68]
[939,68] 1 [940,71]
[940,71] 1 [941,75]
[941,75] 1 [942,77]
[942,77] 1 [943,80]
[943,80] 1 [944,83]
[944,83] 1 [945,86]
[945,86] 1 [946,89]
[946,89] 1 [947,93]
[947,93] 1 [948,97]
[948,97] 1 [949,101]
[949,101] 1 [950,104]
[950,104] 1 [951,107]
[951,107] 1 [952,109]
[952,109] 1 [953,113]
[953,113] 1 [954,116]
[954,116] 1 [955,119]
[955,119] 1 [956,122]
[956,122] 1 [957,125]
[957,125] 1 [958,127]
[958,127] 1 [959,129]
[959,129] 1 [960,131]
[960,131] 1 [961,135]
[961,135] 1 [962,137]
[962,137] 1 [963,139]
[963,139] 1 [964,143]
[964,143] 1 [965,145]
[965,145] 1 [966,149]
[966,149] 1 [967,152]
[967,152] 1 [968,156]
[968,156] 1 [969,158]
[969,158] 1 [970,161]
[970,161] 1 [971,164]
[971,164] 1 [972,168]
[972,168] 1 [973,171]
[973,171] 1 [974,173]
[974,173] 1 [975,177]
[975,177] 1 [976,6]
[976,6] 1 [977,6]
[977,6] 1 [978,6]
[978,6] 1 [979,6]
[979,6] 1 [980,6]
[980,6] 1 [981,6]
[981,6] 1 [982,6]
[982,6] 1 [983,6]
[983,6] 0 [984,6]
[984,6] 1 [985,7]
[985,7] 1 [986,10]
[986,10] 1 [987,14]
[987,14] 2 [988,12]
[988,12] 2 [989,8]
[989,8] 1 [990,11]
[990,11] 2 [991,9]
[991,9] 2 [992,6]
[992,6] 1 [993,7]
[993,7] 1 [994,10]
[994,10] 1 [995,12]
[995,12] 2 [996,8]
[996,8] 1 [997,9]
[997,9] 1 [998,13]
[998,13] 1 [999,17]
[999,17] 1 [1000,20]
[1000,20] 1 [1001,22]
[1001,22] 0 [1002,22]
[1002,22] 2 [1003,19]
[1003,19] 2 [1004,15]
[1004,15] 2 [1005,11]
[1005,11] 2 [1006,8]
[1006,8] 1 [1007,11]
[1007,11] 1 [1008,15]
[1008,15] 1 [1009,17]
[1009,17] 1 [1010,19]
[1010,19] 1 [1011,22]
[1011,22] 1 [1012,25]
[1012,25] 1 [1013,28]
[1013,28] 1 [1014,32]
[1014,32] 1 [1015,36]
[1015,36] 1 [1016,38]
[1016,38] 1 [1017,41]
[1017,41] 1 [1018,44]
[1018,44] 1 [1019,47]
[1019,47] 1 [1020,49]
[1020,49] 1 [1021,51]
[1021,51] 1 [1022,55]
[1022,55] 1 [1023,59]
[1023,59] 1 [1024,63]
[1024,63] 1 [1025,66]
[1025,66] 1 [1026,70]
[1026,70] 1 [1027,74]
[1027,74] 1 [1028,76]
[1028,76] 1 [1029,78]
[1029,78] 1 [1030,81]
[1030,81] 1 [1031,85]
[1031,85] 1 [1032,88]
[1032,88] 1 [1033,90]
[1033,90] 1 [1034,93]
[1034,93] 1 [1035,96]
[1035,96] 1 [1036,100]
[1036,100] 1 [1037,104]
[1037,104] 1 [1038,107]
[1038,107] 1 [1039,110]
[1039,110] 1 [1040,114]
[1040,114] 1 [1041,116]
[1041,116] 1 [1042,120]
[1042,120] 1 [1043,124]
[1043,124] 1 [1044,127]
[1044,127] 1 [1045,129]
[1045,129] 1 [1046,132]
[1046,132] 1 [1047,135]
[1047,135] 1 [1048,139]
[1048,139] 1 [1049,142]
[1049,142] 1 [1050,144]
[1050,144] 1 [1051,148]
[1051,148] 1 [1052,150]
[1052,150] 1 [1053,154]
[1053,154] 1 [1054,157]
[1054,157] 1 [1055,161]
[1055,161] 1 [1056,165]
[1056,165] 1 [1057,167]
[1057,167] 1 [1058,170]
[1058,170] 1 [1059,172]
[1059,172] 1 [1060,176]
[1060,176] 1 [1061,6]
[1061,6] 1 [1062,6]
[1062,6] 1 [1063,6]
[1063,6] 1 [1064,6]
[1064,6] 1 [1065,6]
[1065,6] 1 [1066,6]
[1066,6] 1 [1067,6]
[1067,6] 1 [1068,6]
[1068,6] 1 [1069,6]
[1069,6] 1 [1070,6]
[1070,6] 1 [1071,6]
[1071,6] 0 [1072,6]
[1072,6] 1 [1073,8]
[1073,8] 0 [1074,8]
[1074,8] 2 [1075,6]
[1075,6] 1 [1076,8]
[1076,8] 1 [1077,12]
[1077,12] 2 [1078,10]
[1078,10] 2 [1079,6]
[1079,6] 1 [1080,8]
[1080,8] 1 [1081,11]
[1081,11] 1 [1082,15]
[1082,15] 1 [1083,18]
[1083,18] 1 [1084,22]
[1084,22] 1 [1085,25]
[1085,25] 2 [1086,21]
[1086,21] 1 [1087,23]
[1087,23] 1 [1088,26]
[1088,26] 1 [1089,29]
[1089,29] 1 [1090,32]
[1090,32] 1 [1091,34]
[1091,34] 1 [1092,37]
[1092,37] 1 [1093,39]
[1093,39] 1 [1094,41]
[1094,41] 1 [1095,43]
[1095,43] 1 [1096,47]
[1096,47] 1 [1097,49]
[1097,49] 1 [1098,53]
[1098,53] 1 [1099,56]
[1099,56] 1 [1100,58]
[1100,58] 1 [1101,62]
[1101,62] 1 [1102,65]
[1102,65] 1 [1103,67]
[1103,67] 1 [1104,71]
[1104,71] 1 [1105,73]
[1105,73] 1 [1106,76]
[1106,76] 1 [1107,79]
[1107,79] 1 [1108,82]
[1108,82] 1 [1109,86]
[1109,86] 1 [1110,90]
[1110,90] 1 [1111,94]
[1111,94] 1 [1112,96]
[1112,96] 1 [1113,99]
[1113,99] 1 [1114,103]
[1114,103] 1 [1115,106]
[1115,106] 1 [1116,109]
[1116,109] 1 [1117,113]
[1117,113] 1 [1118,115]
[1118,115] 1 [1119,118]
[1119,118] 1 [1120,120]
[1120,120] 1 [1121,122]
[1121,122] 1 [1122,124]
[1122,124] 1 [1123,126]
[1123,126] 1 [1124,128]
[1124,128] 1 [1125,130]
[1125,130] 1 [1126,132]
[1126,132] 1 [1127,134]
[1127,134] 1 [1128,138]
[1128,138] 1 [1129,140]
[1129,140] 1 [1130,143]
[1130,143] 1 [1131,147]
[1131,147] 1 [1132,151]
[1132,151] 1 [1133,154]
[1133,154] 1 [1134,157]
[1134,157] 1 [1135,159]
[1135,159] 1 [1136,161]
[1136,161] 1 [1137,163]
[1137,163] 1 [1138,167]
[1138,167] 1 [1139,171]
[1139,171] 1 [1140,175]
[1140,175] 1 [1141,6]
[1141,6] 1 [1142,6]
[1142,6] 1 [1143,6]
[1143,6] 1 [1144,6]
[1144,6] 1 [1145,6]
[1145,6] 1 [1146,6]
[1146,6] 1 [1147,6]
[1147,6] 1 [1148,6]
[1148,6] 1 [1149,6]
[1149,6] 1 [1150,6]
[1150,6] 1 [1151,7]
[1151,7] 1 [1152,9]
[1152,9] 1 [1153,13]
[1153,13] 0 [1154,14]
[1154,14] 2 [1155,10]
[1155,10] 1 [1156,13]
[1156,13] 1 [1157,15]
[1157,15] 1 [1158,19]
[1158,19] 2 [1159,15]
[1159,15] 2 [1160,12]
[1160,12] 2 [1161,8]
[1161,8] 1 [1162,11]
[1162,11] 2 [1163,9]
[1163,9] 1 [1164,7]
[1164,7] 0 [1165,7]
[1165,7] 1 [1166,8]
[1166,8] 1 [1167,10]
[1167,10] 1 [1168,14]
[1168,14] 1 [1169,16]
[1169,16] 2 [1170,12]
[1170,12] 2 [1171,8]
[1171,8] 1 [1172,11]
[1172,11] 1 [1173,14]
[1173,14] 1 [1174,17]
[1174,17] 1 [1175,21]
[1175,21] 1 [1176,24]
[1176,24] 1 [1177,28]
[1177,28] 1 [1178,32]
[1178,32] 1 [1179,34]
[1179,34] 2 [1180,30]
[1180,30] 1 [1181,30]
[1181,30] 1 [1182,34]
[1182,34] 1 [1183,36]
[1183,36] 1 [1184,38]
[1184,38] 1 [1185,40]
[1185,40] 1 [1186,43]
[1186,43] 1 [1187,46]
[1187,46] 1 [1188,50]
[1188,50] 1 [1189,52]
[1189,52] 1 [1190,55]
[1190,55] 1 [1191,58]
[1191,58] 1 [1192,62]
[1192,62] 1 [1193,65]
[1193,65] 1 [1194,69]
[1194,69] 1 [1195,71]
[1195,71] 1 [1196,75]
[1196,75] 1 [1197,77]
[1197,77] 1 [1198,80]
[1198,80] 1 [1199,84]
[1199,84] 1 [1200,87]
[1200,87] 1 [1201,91]
[1201,91] 1 [1202,93]
[1202,93] 1 [1203,97]
[1203,97] 1 [1204,100]
[1204,100] 1 [1205,102]
[1205,102] 1 [1206,106]
[1206,106] 1 [1207,109]
[1207,109] 1 [1208,113]
[1208,113] 1 [1209,116]
[1209,116] 1 [1210,119]
[1210,119] 1 [1211,121]
[1211,121] 1 [1212,123]
[1212,123] 2 [1213,119]
[1213,119] 2 [1214,116]
[1214,116] 1 [1215,114]
[1215,114] 1 [1216,116]
[1216,116] 1 [1217,120]
[1217,120] 1 [1218,124]
[1218,124] 1 [1219,126]
[1219,126] 1 [1220,130]
[1220,130] 1 [1221,133]
[1221,133] 1 [1222,135]
[1222,135] 1 [1223,137]
[1223,137] 1 [1224,139]
[1224,139] 1 [1225,143]
[1225,143] 1 [1226,145]
[1226,145] 1 [1227,148]
[1227,148] 1 [1228,151]
[1228,151] 1 [1229,153]
[1229,153] 1 [1230,156]
[1230,156] 1 [1231,159]
[1231,159] 1 [1232,163]
[1232,163] 1 [1233,165]
[1233,165] 1 [1234,167]
[1234,167] 1 [1235,169]
[1235,169] 1 [1236,172]
[1236,172] 1 [1237,176]
[1237,176] 1 [1238,6]
[1238,6] 1 [1239,6]
[1239,6] 1 [1240,6]
[1240,6] 1 [1241,6]
[1241,6] 1 [1242,6]
[1242,6] 1 [1243,6]
[1243,6] 1 [1244,6]
[1244,6] 1 [1245,6]
[1245,6] 1 [1246,6]
[1246,6] 1 [1247,8]
[1247,8] 1 [1248,10]
[1248,10] 1 [1249,14]
[1249,14] 1 [1250,16]
[1250,16] 1 [1251,18]
[1251,18] 1 [1252,22]
[1252,22] 1 [1253,25]
[1253,25] 1 [1254,27]
[1254,27] 1 [1255,29]
[1255,29] 1 [1256,31]
[1256,31] 1 [1257,33]
[1257,33] 1 [1258,37]
[1258,37] 1 [1259,41]
[1259,41] 1 [1260,43]
[1260,43] 1 [1261,46]
[1261,46] 1 [1262,50]
[1262,50] 1 [1263,54]
[1263,54] 1 [1264,57]
[1264,57] 1 [1265,60]
[1265,60] 1 [1266,64]
[1266,64] 1 [1267,68]
[1267,68] 1 [1268,70]
[1268,70] 1 [1269,73]
[1269,73] 1 [1270,75]
[1270,75] 1 [1271,78]
[1271,78] 1 [1272,82]
[1272,82] 1 [1273,85]
[1273,85] 1 [1274,89]
[1274,89] 1 [1275,91]
[1275,91] 1 [1276,94]
[1276,94] 1 [1277,97]
[1277,97] 1 [1278,99]
[1278,99] 1 [1279,101]
[1279,101] 1 [1280,105]
[1280,105] 1 [1281,109]
[1281,109] 1 [1282,111]
[1282,111] 1 [1283,114]
[1283,114] 1 [1284,118]
[1284,118] 1 [1285,120]
[1285,120] 1 [1286,122]
[1286,122] 1 [1287,124]
[1287,124] 1 [1288,128]
[1288,128] 1 [1289,130]
[1289,130] 1 [1290,134]
[1290,134] 1 [1291,138]
[1291,138] 1 [1292,141]
[1292,141] 1 [1293,145]
[1293,145] 1 [1294,148]
[1294,148] 1 [1295,151]
[1295,151] 1 [1296,153]
[1296,153] 1 [1297,155]
[1297,155] 1 [1298,157]
[1298,157] 1 [1299,161]
[1299,161] 1 [1300,165]
[1300,165] 1 [1301,169]
[1301,169] 1 [1302,172]
[1302,172] 1 [1303,174]
[1303,174] 1 [1304,177]
[1304,177] 1 [1305,6]
[1305,6] 1 [1306,6]
[1306,6] 1 [1307,6]
[1307,6] 1 [1308,6]
[1308,6] 1 [1309,6]
[1309,6] 1 [1310,6]
[1310,6] 1 [1311,6]
[1311,6] 1 [1312,6]
[1312,6] 1 [1313,8]
[1313,8] 1 [1314,12]
[1314,12] 0 [1315,12]
[1315,12] 1 [1316,15]
[1316,15] 0 [1317,15]
[1317,15] 2 [1318,12]
[1318,12] 1 [1319,14]
[1319,14] 1 [1320,17]
[1320,17] 1 [1321,19]
[1321,19] 2 [1322,15]
[1322,15] 1 [1323,17]
[1323,17] 1 [1324,19]
[1324,19] 1 [1325,21]
[1325,21] 1 [1326,25]
[1326,25] 1 [1327,28]
[1327,28] 1 [1328,30]
[1328,30] 1 [1329,34]
[1329,34] 1 [1330,36]
[1330,36] 1 [1331,40]
[1331,40] 1 [1332,42]
[1332,42] 1 [1333,44]
[1333,44] 1 [1334,48]
[1334,48] 2 [1335,44]
[1335,44] 1 [1336,48]
[1336,48] 1 [1337,51]
[1337,51] 1 [1338,55]
[1338,55] 2 [1339,52]
[1339,52] 2 [1340,50]
[1340,50] 1 [1341,52]
[1341,52] 1 [1342,54]
[1342,54] 1 [1343,56]
[1343,56] 1 [1344,59]
[1344,59] 1 [1345,62]
[1345,62] 1 [1346,66]
[1346,66] 1 [1347,68]
[1347,68] 1 [1348,70]
[1348,70] 1 [1349,74]
[1349,74] 1 [1350,77]
[1350,77] 1 [1351,79]
[1351,79] 1 [1352,81]
[1352,81] 1 [1353,85]
[1353,85] 1 [1354,87]
[1354,87] 1 [1355,90]
[1355,90] 1 [1356,92]
[1356,92] 1 [1357,94]
[1357,94] 1 [1358,96]
[1358,96] 1 [1359,99]
[1359,99] 1 [1360,102]
[1360,102] 1 [1361,106]
[1361,106] 1 [1362,108]
[1362,108] 1 [1363,112]
[1363,112] 1 [1364,114]
[1364,114] 1 [1365,118]
[1365,118] 1 [1366,120]
[1366,120] 1 [1367,123]
[1367,123] 1 [1368,125]
[1368,125] 1 [1369,127]
[1369,127] 1 [1370,130]
[1370,130] 1 [1371,134]
[1371,134] 1 [1372,136]
[1372,136] 1 [1373,138]
[1373,138] 1 [1374,141]
[1374,141] 1 [1375,144]
[1375,144] 1 [1376,146]
[1376,146] 1 [1377,149]
[1377,149] 1 [1378,152]
[1378,152] 1 [1379,156]
[1379,156] 1 [1380,159]
[1380,159] 1 [1381,161]
[1381,161] 1 [1382,164]
[1382,164] 1 [1383,168]
[1383,168] 1 [1384,172]
[1384,172] 1 [1385,175]
[1385,175] 1 [1386,6]
[1386,6] 1 [1387,6]
[1387,6] 1 [1388,6]
[1388,6] 1 [1389,6]
[1389,6] 1 [1390,6]
[1390,6] 1 [1391,6]
[1391,6] 1 [1392,6]
[1392,6] 1 [1393,6]
[1393,6] 1 [1394,6]
[1394,6] 1 [1395,6]
[1395,6] 1 [1396,6]
[1396,6] 1 [1397,10]
[1397,10] 2 [1398,12]
[1398,12] 1 [1399,8]
[1399,8] 1 [1400,9]
[1400,9] 1 [1401,12]
[1401,12] 1 [1402,15]
[1402,15] 2 [1403,11]
[1403,11] 2 [1404,8]
[1404,8] 2 [1405,6]
[1405,6] 1 [1406,8]
[1406,8] 1 [1407,12]
[1407,12] 2 [1408,9]
[1408,9] 1 [1409,11]
[1409,11] 0 [1410,12]
[1410,12] 2 [1411,8]
[1411,8] 1 [1412,6]
[1412,6] 1 [1413,8]
[1413,8] 1 [1414,12]
[1414,12] 2 [1415,10]
[1415,10] 2 [1416,6]
[1416,6] 1 [1417,10]
[1417,10] 1 [1418,12]
[1418,12] 0 [1419,12]
[1419,12] 2 [1420,8]
[1420,8] 1 [1421,9]
[1421,9] 1 [1422,13]
[1422,13] 1 [1423,15]
[1423,15] 1 [1424,19]
[1424,19] 1 [1425,22]
[1425,22] 1 [1426,24]
[1426,24] 1 [1427,27]
[1427,27] 1 [1428,29]
[1428,29] 1 [1429,31]
[1429,31] 1 [1430,35]
[1430,35] 1 [1431,38]
[1431,38] 1 [1432,40]
[1432,40] 1 [1433,43]
[1433,43] 1 [1434,45]
[1434,45] 1 [1435,49]
[1435,49] 1 [1436,53]
[1436,53] 1 [1437,56]
[1437,56] 1 [1438,59]
[1438,59] 1 [1439,62]
[1439,62] 1 [1440,65]
[1440,65] 1 [1441,69]
[1441,69] 1 [1442,71]
[1442,71] 1 [1443,74]
[1443,74] 1 [1444,78]
[1444,78] 1 [1445,80]
[1445,80] 1 [1446,82]
[1446,82] 1 [1447,84]
[1447,84] 1 [1448,88]
[1448,88] 1 [1449,90]
[1449,90] 1 [1450,93]
[1450,93] 1 [1451,96]
[1451,96] 1 [1452,100]
[1452,100] 1 [1453,103]
[1453,103] 1 [1454,107]
[1454,107] 1 [1455,110]
[1455,110] 1 [1456,113]
[1456,113] 1 [1457,117]
[1457,117] 1 [1458,120]
[1458,120] 1 [1459,124]
[1459,124] 1 [1460,127]
[1460,127] 1 [1461,130]
[1461,130] 1 [1462,134]
[1462,134] 1 [1463,136]
[1463,136] 1 [1464,139]
[1464,139] 1 [1465,142]
[1465,142] 1 [1466,146]
[1466,146] 1 [1467,150]
[1467,150] 1 [1468,154]
[1468,154] 1 [1469,158]
[1469,158] 1 [1470,160]
[1470,160] 1 [1471,164]
[1471,164] 1 [1472,166]
[1472,166] 1 [1473,169]
[1473,169] 1 [1474,173]
[1474,173] 1 [1475,175]
[1475,175] 1 [1476,177]
[1476,177] 1 [1477,6]
[1477,6] 1 [1478,6]
[1478,6] 1 [1479,6]
[1479,6] 1 [1480,6]
[1480,6] 1 [1481,6]
[1481,6] 1 [1482,6]
[1482,6] 1 [1483,6]
[1483,6] 1 [1484,6]
[1484,6] 1 [1485,6]
[1485,6] 1 [1486,6]
[1486,6] 0 [1487,7]
[1487,7] 1 [1488,10]
[1488,10] 1 [1489,14]
[1489,14] 1 [1490,18]
[1490,18] 1 [1491,20]
[1491,20] 1 [1492,23]
[1492,23] 1 [1493,27]
[1493,27] 1 [1494,31]
[1494,31] 1 [1495,34]
[1495,34] 1 [1496,36]
[1496,36] 1 [1497,39]
[1497,39] 1 [1498,41]
[1498,41] 1 [1499,45]
[1499,45] 1 [1500,48]
[1500,48] 1 [1501,52]
[1501,52] 1 [1502,54]
[1502,54] 1 [1503,56]
[1503,56] 1 [1504,60]
[1504,60] 1 [1505,64]
[1505,64] 1 [1506,68]
[1506,68] 1 [1507,70]
[1507,70] 1 [1508,74]
[1508,74] 1 [1509,77]
[1509,77] 1 [1510,80]
[1510,80] 1 [1511,83]
[1511,83] 1 [1512,86]
[1512,86] 1 [1513,88]
[1513,88] 1 [1514,92]
[1514,92] 1 [1515,96]
[1515,96] 1 [1516,98]
[1516,98] 1 [1517,101]
[1517,101] 1 [1518,104]
[1518,104] 1 [1519,108]
[1519,108] 1 [1520,112]
[1520,112] 1 [1521,116]
[1521,116] 1 [1522,118]
[1522,118] 1 [1523,122]
[1523,122] 1 [1524,125]
[1524,125] 1 [1525,128]
[1525,128] 1 [1526,130]
[1526,130] 1 [1527,132]
[1527,132] 1 [1528,134]
[1528,134] 1 [1529,136]
[1529,136] 1 [1530,139]
[1530,139] 1 [1531,141]
[1531,141] 1 [1532,143]
[1532,143] 1 [1533,146]
[1533,146] 1 [1534,149]
[1534,149] 1 [1535,152]
[1535,152] 1 [1536,155]
[1536,155] 1 [1537,158]
[1537,158] 1 [1538,160]
[1538,160] 1 [1539,164]
[1539,164] 1 [1540,167]
[1540,167] 1 [1541,171]
[1541,171] 1 [1542,173]
[1542,173] 1 [1543,175]
[1543,175] 1 [1544,6]
[1544,6] 1 [1545,6]
[1545,6] 1 [1546,6]
[1546,6] 1 [1547,6]
[1547,6] 1 [1548,6]
[1548,6] 1 [1549,6]
[1549,6] 1 [1550,6]
[1550,6] 1 [1551,6]
[1551,6] 1 [1552,6]
[1552,6] 1 [1553,6]
[1553,6] 1 [1554,8]
[1554,8] 0 [1555,9]
[1555,9] 1 [1556,11]
[1556,11] 0 [1557,11]
[1557,11] 1 [1558,12]
[1558,12] 1 [1559,16]
[1559,16] 1 [1560,20]
[1560,20] 1 [1561,23]
[1561,23] 1 [1562,25]
[1562,25] 1 [1563,29]
[1563,29] 1 [1564,33]
[1564,33] 1 [1565,37]
[1565,37] 0 [1566,37]
[1566,37] 1 [1567,41]
[1567,41] 1 [1568,44]
[1568,44] 1 [1569,46]
[1569,46] 1 [1570,49]
[1570,49] 1 [1571,51]
[1571,51] 1 [1572,53]
[1572,53] 1 [1573,55]
[1573,55] 1 [1574,59]
[1574,59] 1 [1575,62]
[1575,62] 1 [1576,66]
[1576,66] 1 [1577,68]
[1577,68] 1 [1578,70]
[1578,70] 1 [1579,74]
[1579,74] 1 [1580,76]
[1580,76] 1 [1581,79]
[1581,79] 1 [1582,82]
[1582,82] 1 [1583,86]
[1583,86] 1 [1584,89]
[1584,89] 1 [1585,92]
[1585,92] 1 [1586,95]
[1586,95] 1 [1587,97]
[1587,97] 1 [1588,100]
[1588,100] 1 [1589,103]
[1589,103] 1 [1590,105]
[1590,105] 1 [1591,109]
[1591,109] 1 [1592,112]
[1592,112] 1 [1593,114]
[1593,114] 1 [1594,118]
[1594,118] 1 [1595,121]
[1595,121] 1 [1596,125]
[1596,125] 1 [1597,127]
[1597,127] 1 [1598,131]
[1598,131] 1 [1599,135]
[1599,135] 1 [1600,138]
[1600,138] 1 [1601,141]
[1601,141] 1 [1602,145]
[1602,145] 1 [1603,147]
[1603,147] 1 [1604,151]
[1604,151] 1 [1605,153]
[1605,153] 1 [1606,155]
[1606,155] 1 [1607,158]
[1607,158] 1 [1608,161]
[1608,161] 1 [1609,164]
[1609,164] 1 [1610,167]
[1610,167] 1 [1611,170]
[1611,170] 1 [1612,173]
[1612,173] 1 [1613,176]
[1613,176] 1 [1614,6]
[1614,6] 1 [1615,6]
[1615,6] 1 [1616,6]
[1616,6] 1 [1617,6]
[1617,6] 1 [1618,6]
[1618,6] 1 [1619,6]
[1619,6] 1 [1620,6]
[1620,6] 1 [1621,6]
[1621,6] 1 [1622,6]
[1622,6] 1 [1623,6]
[1623,6] 1 [1624,6]
[1624,6] 1 [1625,8]
[1625,8] 1 [1626,10]
[1626,10] 0 [1627,10]
[1627,10] 1 [1628,11]
[1628,11] 1 [1629,13]
[1629,13] 2 [1630,9]
[1630,9] 1 [1631,11]
[1631,11] 2 [1632,7]
[1632,7] 1 [1633,9]
[1633,9] 1 [1634,13]
[1634,13] 1 [1635,16]
[1635,16] 2 [1636,12]
[1636,12] 2 [1637,8]
[1637,8] 2 [1638,6]
[1638,6] 1 [1639,8]
[1639,8] 1 [1640,10]
[1640,10] 1 [1641,14]
[1641,14] 2 [1642,10]
[1642,10] 1 [1643,12]
[1643,12] 1 [1644,15]
[1644,15] 2 [1645,11]
[1645,11] 1 [1646,11]
[1646,11] 1 [1647,13]
[1647,13] 1 [1648,15]
[1648,15] 1 [1649,19]
[1649,19] 1 [1650,21]
[1650,21] 1 [1651,23]
[1651,23] 2 [1652,19]
[1652,19] 1 [1653,22]
[1653,22] 1 [1654,25]
[1654,25] 1 [1655,29]
[1655,29] 1 [1656,33]
[1656,33] 1 [1657,37]
[1657,37] 1 [1658,40]
[1658,40] 1 [1659,44]
[1659,44] 1 [1660,47]
[1660,47] 1 [1661,50]
[1661,50] 1 [1662,53]
[1662,53] 1 [1663,56]
[1663,56] 1 [1664,60]
[1664,60] 1 [1665,64]
[1665,64] 1 [1666,66]
[1666,66] 1 [1667,68]
[1667,68] 1 [1668,71]
[1668,71] 1 [1669,74]
[1669,74] 1 [1670,76]
[1670,76] 1 [1671,80]
[1671,80] 1 [1672,83]
[1672,83] 1 [1673,85]
[1673,85] 1 [1674,88]
[1674,88] 1 [1675,91]
[1675,91] 1 [1676,93]
[1676,93] 1 [1677,95]
[1677,95] 1 [1678,98]
[1678,98] 1 [1679,102]
[1679,102] 1 [1680,105]
[1680,105] 1 [1681,108]
[1681,108] 1 [1682,111]
[1682,111] 1 [1683,115]
[1683,115] 1 [1684,119]
[1684,119] 1 [1685,123]
[1685,123] 1 [1686,126]
[1686,126] 1 [1687,128]
[1687,128] 1 [1688,131]
[1688,131] 1 [1689,135]
[1689,135] 1 [1690,139]
[1690,139] 1 [1691,141]
[1691,141] 1 [1692,144]
[1692,144] 1 [1693,148]
[1693,148] 1 [1694,151]
[1694,151] 1 [1695,153]
[1695,153] 1 [1696,157]
[1696,157] 1 [1697,161]
[1697,161] 1 [1698,165]
[1698,165] 1 [1699,167]
[1699,167] 1 [1700,169]
[1700,169] 1 [1701,172]
[1701,172] 1 [1702,175]
[1702,175] 1 [1703,6]
[1703,6] 1 [1704,6]
[1704,6] 1 [1705,6]
[1705,6] 1 [1706,6]
[1706,6] 1 [1707,6]
[1707,6] 1 [1708,6]
[1708,6] 1 [1709,6]
[1709,6] 1 [1710,6]
[1710,6] 1 [1711,6]
[1711,6] 1 [1712,6]
[1712,6] 1 [1713,6]
[1713,6] 0 [1714,6]
[1714,6] 1 [1715,6]
[1715,6] 1 [1716,9]
[1716,9] 1 [1717,11]
[1717,11] 0 [1718,11]
[1718,11] 1 [1719,12]
[1719,12] 1 [1720,15]
[1720,15] 2 [1721,12]
[1721,12] 1 [1722,15]
[1722,15] 2 [1723,12]
[1723,12] 1 [1724,14]
[1724,14] 2 [1725,10]
[1725,10] 1 [1726,12]
[1726,12] 1 [1727,15]
[1727,15] 1 [1728,19]
[1728,19] 1 [1729,22]
[1729,22] 1 [1730,25]
[1730,25] 1 [1731,27]
[1731,27] 1 [1732,30]
[1732,30] 1 [1733,33]
[1733,33] 1 [1734,37]
[1734,37] 1 [1735,40]
[1735,40] 1 [1736,43]
[1736,43] 1 [1737,46]
[1737,46] 1 [1738,49]
[1738,49] 1 [1739,52]
[1739,52] 1 [1740,55]
[1740,55] 1 [1741,57]
[1741,57] 1 [1742,61]
[1742,61] 1 [1743,65]
[1743,65] 1 [1744,68]
[1744,68] 1 [1745,70]
[1745,70] 1 [1746,73]
[1746,73] 1 [1747,77]
[1747,77] 1 [1748,81]
[1748,81] 1 [1749,84]
[1749,84] 1 [1750,86]
[1750,86] 1 [1751,90]
[1751,90] 1 [1752,92]
[1752,92] 1 [1753,95]
[1753,95] 1 [1754,98]
[1754,98] 1 [1755,102]
[1755,102] 1 [1756,104]
[1756,104] 1 [1757,106]
[1757,106] 1 [1758,108]
[1758,108] 1 [1759,111]
[1759,111] 1 [1760,114]
[1760,114] 1 [1761,116]
[1761,116] 1 [1762,118]
[1762,118] 1 [1763,120]
[1763,120] 1 [1764,122]
[1764,122] 1 [1765,125]
[1765,125] 1 [1766,128]
[1766,128] 1 [1767,132]
[1767,132] 1 [1768,135]
[1768,135] 1 [1769,139]
[1769,139] 1 [1770,143]
[1770,143] 1 [1771,145]
[1771,145] 1 [1772,149]
[1772,149] 1 [1773,151]
[1773,151] 1 [1774,154]
[1774,154] 1 [1775,158]
[1775,158] 1 [1776,162]
[1776,162] 1 [1777,164]
[1777,164] 1 [1778,166]
[1778,166] 1 [1779,169]
[1779,169] 1 [1780,173]
[1780,173] 1 [1781,175]
[1781,175] 1 [1782,6]
[1782,6] 1 [1783,6]
[1783,6] 1 [1784,6]
[1784,6] 1 [1785,6]
[1785,6] 1 [1786,6]
[1786,6] 1 [1787,6]
[1787,6] 1 [1788,6]
[1788,6] 1 [1789,6]
[1789,6] 1 [1790,6]
[1790,6] 1 [1791,6]
[1791,6] 1 [1792,6]
[1792,6] 1 [1793,8]
[1793,8] 1 [1794,10]
[1794,10] 0 [1795,10]
[1795,10] 2 [1796,7]
[1796,7] 1 [1797,7]
[1797,7] 1 [1798,10]
[1798,10] 1 [1799,13]
[1799,13] 1 [1800,15]
[1800,15] 1 [1801,18]
[1801,18] 1 [1802,20]
[1802,20] 2 [1803,16]
[1803,16] 0 [1804,15]
[1804,15] 2 [1805,11]
[1805,11] 2 [1806,7]
[1806,7] 1 [1807,9]
[1807,9] 1 [1808,12]
[1808,12] 1 [1809,15]
[1809,15] 1 [1810,17]
[1810,17] 2 [1811,15]
[1811,15] 2 [1812,11]
[1812,11] 1 [1813,13]
[1813,13] 1 [1814,15]
[1814,15] 1 [1815,19]
[1815,19] 2 [1816,15]
[1816,15] 2 [1817,12]
[1817,12] 1 [1818,12]
[1818,12] 1 [1819,16]
[1819,16] 1 [1820,19]
[1820,19] 1 [1821,23]
[1821,23] 2 [1822,20]
[1822,20] 1 [1823,22]
[1823,22] 1 [1824,26]
[1824,26] 1 [1825,30]
[1825,30] 1 [1826,32]
[1826,32] 1 [1827,36]
[1827,36] 1 [1828,39]
[1828,39] 1 [1829,43]
[1829,43] 1 [1830,45]
[1830,45] 1 [1831,49]
[1831,49] 1 [1832,51]
[1832,51] 1 [1833,54]
[1833,54] 1 [1834,57]
[1834,57] 1 [1835,59]
[1835,59] 1 [1836,63]
[1836,63] 1 [1837,66]
[1837,66] 1 [1838,69]
[1838,69] 1 [1839,71]
[1839,71] 1 [1840,75]
[1840,75] 1 [1841,77]
[1841,77] 1 [1842,79]
[1842,79] 1 [1843,81]
[1843,81] 1 [1844,84]
[1844,84] 1 [1845,87]
[1845,87] 1 [1846,90]
[1846,90] 1 [1847,93]
[1847,93] 1 [1848,95]
[1848,95] 1 [1849,97]
[1849,97] 1 [1850,100]
[1850,100] 1 [1851,102]
[1851,102] 1 [1852,106]
[1852,106] 1 [1853,109]
[1853,109] 1 [1854,112]
[1854,112] 1 [1855,114]
[1855,114] 2 [1856,110]
[1856,110] 2 [1857,107]
[1857,107] 2 [1858,103]
[1858,103] 1 [1859,106]
[1859,106] 1 [1860,108]
[1860,108] 1 [1861,112]
[1861,112] 1 [1862,115]
[1862,115] 1 [1863,118]
[1863,118] 1 [1864,122]
[1864,122] 1 [1865,126]
[1865,126] 1 [1866,129]
[1866,129] 1 [1867,133]
[1867,133] 1 [1868,137]
[1868,137] 1 [1869,140]
[1869,140] 1 [1870,144]
[1870,144] 1 [1871,147]
[1871,147] 1 [1872,149]
[1872,149] 1 [1873,152]
[1873,152] 1 [1874,155]
[1874,155] 1 [1875,159]
[1875,159] 1 [1876,161]
[1876,161] 1 [1877,164]
[1877,164] 1 [1878,167]
[1878,167] 1 [1879,171]
[1879,171] 1 [1880,175]
[1880,175] 1 [1881,6]
[1881,6] 1 [1882,6]
[1882,6] 1 [1883,6]
[1883,6] 1 [1884,6]
[1884,6] 1 [1885,6]
[1885,6] 1 [1886,6]
[1886,6] 1 [1887,6]
[1887,6] 1 [1888,6]
[1888,6] 1 [1889,6]
[1889,6] 1 [1890,6]
[1890,6] 1 [1891,6]
[1891,6] 1 [1892,6]
[1892,6] 1 [1893,10]
[1893,10] 1 [1894,12]
[1894,12] 1 [1895,15]
[1895,15] 1 [1896,18]
[1896,18] 1 [1897,22]
[1897,22] 1 [1898,24]
[1898,24] 1 [1899,28]
[1899,28] 1 [1900,31]
[1900,31] 1 [1901,33]
[1901,33] 1 [1902,35]
[1902,35] 1 [1903,37]
[1903,37] 1 [1904,41]
[1904,41] 1 [1905,45]
[1905,45] 1 [1906,49]
[1906,49] 1 [1907,51]
[1907,51] 1 [1908,55]
[1908,55] 1 [1909,57]
[1909,57] 1 [1910,61]
[1910,61] 1 [1911,65]
[1911,65] 1 [1912,68]
[1912,68] 1 [1913,70]
[1913,70] 1 [1914,72]
[1914,72] 1 [1915,75]
[1915,75] 1 [1916,78]
[1916,78] 1 [1917,82]
[1917,82] 1 [1918,85]
[1918,85] 1 [1919,88]
[1919,88] 1 [1920,90]
[1920,90] 1 [1921,94]
[1921,94] 1 [1922,98]
[1922,98] 1 [1923,100]
[1923,100] 1 [1924,102]
[1924,102] 1 [1925,106]
[1925,106] 1 [1926,108]
[1926,108] 1 [1927,112]
[1927,112] 1 [1928,116]
[1928,116] 1 [1929,118]
[1929,118] 1 [1930,122]
[1930,122] 1 [1931,124]
[1931,124] 1 [1932,126]
[1932,126] 1 [1933,129]
[1933,129] 1 [1934,132]
[1934,132] 1 [1935,135]
[1935,135] 1 [1936,137]
[1936,137] 1 [1937,141]
[1937,141] 1 [1938,143]
[1938,143] 1 [1939,146]
[1939,146] 1 [1940,150]
[1940,150] 1 [1941,153]
[1941,153] 1 [1942,156]
[1942,156] 1 [1943,160]
[1943,160] 1 [1944,164]
[1944,164] 1 [1945,166]
[1945,166] 1 [1946,170]
[1946,170] 1 [1947,172]
[1947,172] 1 [1948,175]
[1948,175] 1 [1949,177]
[1949,177] 1 [1950,6]
[1950,6] 1 [1951,6]
[1951,6] 1 [1952,6]
[1952,6] 1 [1953,6]
[1953,6] 1 [1954,6]
[1954,6] 1 [1955,6]
[1955,6] 1 [1956,6]
[1956,6] 1 [1957,6]
[1957,6] 1 [1958,6]
[1958,6] 1 [1959,6]
[1959,6] 0 [1960,6]
[1960,6] 1 [1961,8]
[1961,8] 1 [1962,11]
[1962,11] 0 [1963,11]
[1963,11] 2 [1964,9]
[1964,9] 1 [1965,9]
[1965,9] 1 [1966,12]
[1966,12] 1 [1967,15]
[1967,15] 1 [1968,18]
[1968,18] 1 [1969,21]
[1969,21] 1 [1970,25]
[1970,25] 1 [1971,27]
[1971,27] 1 [1972,29]
[1972,29] 1 [1973,32]
[1973,32] 1 [1974,34]
[1974,34] 1 [1975,36]
[1975,36] 1 [1976,38]
[1976,38] 1 [1977,42]
[1977,42] 1 [1978,45]
[1978,45] 0 [1979,45]
[1979,45] 1 [1980,48]
[1980,48] 1 [1981,50]
[1981,50] 1 [1982,52]
[1982,52] 1 [1983,55]
[1983,55] 2 [1984,51]
[1984,51] 1 [1985,51]
[1985,51] 2 [1986,47]
[1986,47] 1 [1987,50]
[1987,50] 1 [1988,52]
[1988,52] 1 [1989,54]
[1989,54] 1 [1990,57]
[1990,57] 1 [1991,59]
[1991,59] 1 [1992,61]
[1992,61] 1 [1993,64]
[1993,64] 1 [1994,68]
[1994,68] 1 [1995,70]
[1995,70] 1 [1996,73]
[1996,73] 1 [1997,77]
[1997,77] 1 [1998,80]
[1998,80] 1 [1999,82]
[1999,82] 1 [2000,85]
[2000,85] 1 [2001,88]
[2001,88] 1 [2002,90]
[2002,90] 1 [2003,94]
[2003,94] 1 [2004,96]
[2004,96] 1 [2005,98]
[2005,98] 1 [2006,101]
[2006,101] 1 [2007,103]
[2007,103] 1 [2008,106]
[2008,106] 1 [2009,108]
[2009,108] 1 [2010,111]
[2010,111] 1 [2011,113]
[2011,113] 1 [2012,115]
[2012,115] 1 [2013,119]
[2013,119] 1 [2014,123]
[2014,123] 1 [2015,126]
[2015,126] 1 [2016,130]
[2016,130] 1 [2017,133]
[2017,133] 1 [2018,136]
[2018,136] 1 [2019,138]
[2019,138] 1 [2020,141]
[2020,141] 1 [2021,145]
[2021,145] 1 [2022,147]
[2022,147] 1 [2023,151]
[2023,151] 1 [2024,154]
[2024,154] 1 [2025,158]
[2025,158] 1 [2026,160]
[2026,160] 1 [2027,162]
[2027,162] 1 [2028,165]
[2028,165] 1 [2029,167]
[2029,167] 1 [2030,169]
[2030,169] 1 [2031,171]
[2031,171] 1 [2032,175]
[2032,175] 1 [2033,177]
[2033,177] 1 [2034,6]
[2034,6] 1 [2035,6]
[2035,6] 1 [2036,6]
[2036,6] 1 [2037,6]
[2037,6] 1 [2038,6]
[2038,6] 1 [2039,6]
[2039,6] 1 [2040,6]
[2040,6] 1 [2041,6]
[2041,6] 1 [2042,6]
[2042,6] 1 [2043,6]
[2043,6] 1 [2044,7]
[2044,7] 0 [2045,7]
[2045,7] 1 [2046,10]
[2046,10] 1 [2047,13]
[2047,13] 1 [2048,16]
[2048,16] 2 [2049,13]
[2049,13] 2 [2050,9]
[2050,9] 1 [2051,11]
[2051,11] 1 [2052,13]
[2052,13] 1 [2053,15]
[2053,15] 1 [2054,18]
[2054,18] 1 [2055,22]
[2055,22] 1 [2056,25]
[2056,25] 1 [2057,29]
[2057,29] 1 [2058,33]
[2058,33] 1 [2059,36]
[2059,36] 1 [2060,40]
[2060,40] 2 [2061,36]
[2061,36] 1 [2062,39]
[2062,39] 1 [2063,42]
[2063,42] 1 [2064,44]
[2064,44] 1 [2065,47]
[2065,47] 1 [2066,49]
[2066,49] 1 [2067,53]
[2067,53] 1 [2068,55]
[2068,55] 1 [2069,58]
[2069,58] 1 [2070,61]
[2070,61] 1 [2071,63]
[2071,63] 1 [2072,67]
[2072,67] 1 [2073,71]
[2073,71] 1 [2074,73]
[2074,73] 1 [2075,77]
[2075,77] 1 [2076,81]
[2076,81] 1 [2077,85]
[2077,85] 1 [2078,87]
[2078,87] 1 [2079,89]
[2079,89] 1 [2080,92]
[2080,92] 1 [2081,96]
[2081,96] 1 [2082,100]
[2082,100] 1 [2083,102]
[2083,102] 1 [2084,106]
[2084,106] 1 [2085,108]
[2085,108] 1 [2086,110]
[2086,110] 1 [2087,113]
[2087,113] 1 [2088,117]
[2088,117] 1 [2089,119]
[2089,119] 1 [2090,121]
[2090,121] 1 [2091,125]
[2091,125] 1 [2092,128]
[2092,128] 1 [2093,131]
[2093,131] 1 [2094,134]
[2094,134] 1 [2095,138]
[2095,138] 1 [2096,141]
[2096,141] 1 [2097,144]
[2097,144] 1 [2098,147]
[2098,147] 1 [2099,150]
[2099,150] 1 [2100,154]
[2100,154] 1 [2101,156]
[2101,156] 1 [2102,158]
[2102,158] 1 [2103,160]
[2103,160] 1 [2104,163]
[2104,163] 1 [2105,166]
[2105,166] 1 [2106,169]
[2106,169] 1 [2107,171]
[2107,171] 1 [2108,174]
[2108,174] 1 [2109,177]
[2109,177] 1 [2110,6]
[2110,6] 1 [2111,6]
[2111,6] 1 [2112,6]
[2112,6] 1 [2113,6]
[2113,6] 1 [2114,6]
[2114,6] 1 [2115,6]
[2115,6] 1 [2116,6]
[2116,6] 1 [2117,6]
[2117,6] 1 [2118,6]
[2118,6] 1 [2119,6]
[2119,6] 1 [2120,9]
[2120,9] 1 [2121,13]
[2121,13] 1 [2122,15]
[2122,15] 1 [2123,18]
[2123,18] 2 [2124,14]
[2124,14] 2 [2125,10]
[2125,10] 1 [2126,12]
[2126,12] 2 [2127,10]
[2127,10] 2 [2128,6]
[2128,6] 1 [2129,8]
[2129,8] 1 [2130,10]
[2130,10] 1 [2131,12]
[2131,12] 1 [2132,15]
[2132,15] 2 [2133,11]
[2133,11] 1 [2134,12]
[2134,12] 1 [2135,16]
[2135,16] 2 [2136,13]
[2136,13] 1 [2137,15]
[2137,15] 1 [2138,17]
[2138,17] 1 [2139,19]
[2139,19] 1 [2140,21]
[2140,21] 2 [2141,17]
[2141,17] 1 [2142,19]
[2142,19] 1 [2143,21]
[2143,21] 1 [2144,24]
[2144,24] 1 [2145,27]
[2145,27] 1 [2146,30]
[2146,30] 1 [2147,33]
[2147,33] 1 [2148,36]
[2148,36] 1 [2149,38]
[2149,38] 1 [2150,41]
[2150,41] 1 [2151,44]
[2151,44] 1 [2152,47]
[2152,47] 1 [2153,50]
[2153,50] 1 [2154,53]
[2154,53] 1 [2155,57]
[2155,57] 1 [2156,59]
[2156,59] 1 [2157,61]
[2157,61] 1 [2158,64]
[2158,64] 1 [2159,68]
[2159,68] 1 [2160,72]
[2160,72] 1 [2161,75]
[2161,75] 1 [2162,77]
[2162,77] 1 [2163,80]
[2163,80] 1 [2164,82]
[2164,82] 1 [2165,86]
[2165,86] 1 [2166,90]
[2166,90] 1 [2167,92]
[2167,92] 1 [2168,94]
[2168,94] 1 [2169,96]
[2169,96] 1 [2170,100]
[2170,100] 1 [2171,102]
[2171,102] 1 [2172,105]
[2172,105] 1 [2173,108]
[2173,108] 1 [2174,110]
[2174,110] 1 [2175,114]
[2175,114] 1 [2176,116]
[2176,116] 1 [2177,120]
[2177,120] 1 [2178,123]
[2178,123] 1 [2179,126]
[2179,126] 1 [2180,130]
[2180,130] 1 [2181,134]
[2181,134] 1 [2182,137]
[2182,137] 1 [2183,141]
[2183,141] 1 [2184,144]
[2184,144] 1 [2185,147]
[2185,147] 1 [2186,149]
[2186,149] 1 [2187,153]
[2187,153] 1 [2188,156]
[2188,156] 1 [2189,158]
[2189,158] 1 [2190,161]
[2190,161] 1 [2191,163]
[2191,163] 1 [2192,166]
[2192,166] 1 [2193,170]
[2193,170] 1 [2194,173]
[2194,173] 1 [2195,176]
[2195,176] 1 [2196,6]
[2196,6] 1 [2197,6]
[2197,6] 1 [2198,6]
[2198,6] 1 [2199,6]
[2199,6] 1 [2200,6]
[2200,6] 1 [2201,6]
[2201,6] 1 [2202,6]
[2202,6] 1 [2203,6]
[2203,6] 1 [2204,6]
[2204,6] 1 [2205,6]
[2205,6] 1 [2206,6]
[2206,6] 1 [2207,10]
[2207,10] 0 [2208,10]
[2208,10] 1 [2209,13]
[2209,13] 1 [2210,16]
[2210,16] 2 [2211,12]
[2211,12] 1 [2212,11]
[2212,11] 1 [2213,15]
[2213,15] 2 [2214,11]
[2214,11] 1 [2215,13]
[2215,13] 0 [2216,14]
[2216,14] 2 [2217,10]
[2217,10] 1 [2218,12]
[2218,12] 2 [2219,8]
[2219,8] 2 [2220,6]
[2220,6] 1 [2221,9]
[2221,9] 1 [2222,12]
[2222,12] 2 [2223,8]
[2223,8] 1 [2224,10]
[2224,10] 2 [2225,6]
[2225,6] 1 [2226,9]
[2226,9] 0 [2227,9]
[2227,9] 2 [2228,6]
[2228,6] 1 [2229,8]
[2229,8] 1 [2230,12]
[2230,12] 1 [2231,14]
[2231,14] 1 [2232,16]
[2232,16] 1 [2233,20]
[2233,20] 1 [2234,24]
[2234,24] 1 [2235,27]
[2235,27] 1 [2236,30]
[2236,30] 1 [2237,34]
[2237,34] 1 [2238,38]
[2238,38] 1 [2239,41]
[2239,41] 1 [2240,44]
[2240,44] 1 [2241,47]
[2241,47] 1 [2242,50]
[2242,50] 1 [2243,54]
[2243,54] 1 [2244,57]
[2244,57] 1 [2245,60]
[2245,60] 1 [2246,64]
[2246,64] 1 [2247,66]
[2247,66] 1 [2248,70]
[2248,70] 1 [2249,73]
[2249,73] 1 [2250,76]
[2250,76] 1 [2251,79]
[2251,79] 1 [2252,82]
[2252,82] 1 [2253,85]
[2253,85] 1 [2254,87]
[2254,87] 1 [2255,89]
[2255,89] 1 [2256,93]
[2256,93] 1 [2257,95]
[2257,95] 1 [2258,98]
[2258,98] 1 [2259,102]
[2259,102] 1 [2260,106]
[2260,106] 1 [2261,109]
[2261,109] 1 [2262,111]
[2262,111] 1 [2263,114]
[2263,114] 1 [2264,117]
[2264,117] 1 [2265,121]
[2265,121] 1 [2266,123]
[2266,123] 1 [2267,127]
[2267,127] 1 [2268,130]
[2268,130] 1 [2269,132]
[2269,132] 1 [2270,136]
[2270,136] 1 [2271,139]
[2271,139] 1 [2272,141]
[2272,141] 1 [2273,145]
[2273,145] 1 [2274,149]
[2274,149] 1 [2275,153]
[2275,153] 1 [2276,155]
[2276,155] 1 [2277,159]
[2277,159] 1 [2278,162]
[2278,162] 1 [2279,164]
[2279,164] 1 [2280,168]
[2280,168] 1 [2281,171]
[2281,171] 1 [2282,175]
[2282,175] 1 [2283,177]
[2283,177] 1 [2284,6]
[2284,6] 1 [2285,6]
[2285,6] 1 [2286,6]
[2286,6] 1 [2287,6]
[2287,6] 1 [2288,6]
[2288,6] 1 [2289,6]
[2289,6] 1 [2290,6]
[2290,6] 1 [2291,6]
[2291,6] 1 [2292,6]
[2292,6] 0 [2293,6]
[2293,6] 1 [2294,7]
[2294,7] 1 [2295,10]
[2295,10] 1 [2296,14]
[2296,14] 1 [2297,17]
[2297,17] 1 [2298,21]
[2298,21] 1 [2299,23]
[2299,23] 1 [2300,25]
[2300,25] 1 [2301,27]
[2301,27] 1 [2302,29]
[2302,29] 1 [2303,31]
[2303,31] 1 [2304,35]
[2304,35] 1 [2305,37]
[2305,37] 1 [2306,40]
[2306,40] 1 [2307,43]
[2307,43] 1 [2308,46]
[2308,46] 1 [2309,50]
[2309,50] 1 [2310,52]
[2310,52] 1 [2311,56]
[2311,56] 1 [2312,59]
[2312,59] 1 [2313,63]
[2313,63] 1 [2314,66]
[2314,66] 1 [2315,69]
[2315,69] 1 [2316,72]
[2316,72] 1 [2317,75]
[2317,75] 1 [2318,78]
[2318,78] 1 [2319,82]
[2319,82] 1 [2320,84]
[2320,84] 1 [2321,86]
[2321,86] 1 [2322,90]
[2322,90] 1 [2323,92]
[2323,92] 1 [2324,95]
[2324,95] 1 [2325,97]
[2325,97] 1 [2326,101]
[2326,101] 1 [2327,103]
[2327,103] 1 [2328,105]
[2328,105] 1 [2329,107]
[2329,107] 1 [2330,111]
[2330,111] 1 [2331,114]
[2331,114] 1 [2332,116]
[2332,116] 1 [2333,119]
[2333,119] 1 [2334,121]
[2334,121] 1 [2335,124]
[2335,124] 1 [2336,127]
[2336,127] 1 [2337,131]
[2337,131] 1 [2338,135]
[2338,135] 1 [2339,139]
[2339,139] 1 [2340,142]
[2340,142] 1 [2341,145]
[2341,145] 1 [2342,148]
[2342,148] 1 [2343,151]
[2343,151] 1 [2344,153]
[2344,153] 1 [2345,156]
[2345,156] 1 [2346,160]
[2346,160] 1 [2347,164]
[2347,164] 1 [2348,168]
[2348,168] 1 [2349,172]
[2349,172] 1 [2350,175]
[2350,175] 1 [2351,6]
[2351,6] 1 [2352,6]
[2352,6] 1 [2353,6]
[2353,6] 1 [2354,6]
[2354,6] 1 [2355,6]
[2355,6] 1 [2356,6]
[2356,6] 1 [2357,6]
[2357,6] 1 [2358,6]
[2358,6] 1 [2359,6]
[2359,6] 1 [2360,6]
[2360,6] 1 [2361,6]
[2361,6] 0 [2362,6]
[2362,6] 1 [2363,10]
[2363,10] 2 [2364,11]
[2364,11] 2 [2365,7]
[2365,7] 1 [2366,9]
[2366,9] 1 [2367,13]
[2367,13] 2 [2368,9]
[2368,9] 1 [2369,9]
[2369,9] 1 [2370,12]
[2370,12] 1 [2371,16]
[2371,16] 1 [2372,19]
[2372,19] 1 [2373,23]
[2373,23] 1 [2374,27]
[2374,27] 2 [2375,24]
[2375,24] 1 [2376,27]
[2376,27] 1 [2377,29]
[2377,29] 1 [2378,33]
[2378,33] 1 [2379,37]
[2379,37] 1 [2380,40]
[2380,40] 1 [2381,43]
[2381,43] 1 [2382,47]
[2382,47] 1 [2383,50]
[2383,50] 1 [2384,52]
[2384,52] 1 [2385,56]
[2385,56] 1 [2386,58]
[2386,58] 1 [2387,61]
[2387,61] 1 [2388,64]
[2388,64] 1 [2389,66]
[2389,66] 1 [2390,68]
[2390,68] 1 [2391,70]
[2391,70] 1 [2392,74]
[2392,74] 1 [2393,76]
[2393,76] 1 [2394,78]
[2394,78] 1 [2395,81]
[2395,81] 1 [2396,84]
[2396,84] 1 [2397,86]
[2397,86] 1 [2398,90]
[2398,90] 1 [2399,92]
[2399,92] 1 [2400,94]
[2400,94] 1 [2401,98]
[2401,98] 1 [2402,102]
[2402,102] 1 [2403,105]
[2403,105] 1 [2404,107]
[2404,107] 1 [2405,109]
[2405,109] 1 [2406,111]
[2406,111] 1 [2407,113]
[2407,113] 1 [2408,117]
[2408,117] 1 [2409,119]
[2409,119] 1 [2410,123]
[2410,123] 1 [2411,127]
[2411,127] 1 [2412,131]
[2412,131] 1 [2413,133]
[2413,133] 1 [2414,135]
[2414,135] 1 [2415,137]
[2415,137] 1 [2416,141]
[2416,141] 1 [2417,145]
[2417,145] 1 [2418,147]
[2418,147] 1 [2419,149]
[2419,149] 1 [2420,152]
[2420,152] 1 [2421,156]
[2421,156] 1 [2422,160]
[2422,160] 1 [2423,163]
[2423,163] 1 [2424,167]
[2424,167] 1 [2425,170]
[2425,170] 1 [2426,173]
[2426,173] 1 [2427,175]
[2427,175] 1 [2428,6]
[2428,6] 1 [2429,6]
[2429,6] 1 [2430,6]
[2430,6] 1 [2431,6]
[2431,6] 1 [2432,6]
[2432,6] 1 [2433,6]
[2433,6] 1 [2434,6]
[2434,6] 1 [2435,6]
[2435,6] 1 [2436,6]
[2436,6] 1 [2437,8]
[2437,8] 1 [2438,11]
[2438,11] 0 [2439,11]
[2439,11] 0 [2440,11]
[2440,11] 2 [2441,8]
[2441,8] 1 [2442,10]
[2442,10] 1 [2443,13]
[2443,13] 2 [2444,10]
[2444,10] 1 [2445,12]
[2445,12] 2 [2446,11]
[2446,11] 2 [2447,9]
[2447,9] 1 [2448,11]
[2448,11] 2 [2449,9]
[2449,9] 1 [2450,11]
[2450,11] 2 [2451,7]
[2451,7] 1 [2452,9]
[2452,9] 1 [2453,11]
[2453,11] 2 [2454,11]
[2454,11] 2 [2455,8]
[2455,8] 1 [2456,6]
[2456,6] 1 [2457,9]
[2457,9] 1 [2458,11]
[2458,11] 2 [2459,7]
[2459,7] 1 [2460,10]
[2460,10] 1 [2461,12]
[2461,12] 1 [2462,14]
[2462,14] 1 [2463,17]
[2463,17] 1 [2464,19]
[2464,19] 1 [2465,22]
[2465,22] 1 [2466,24]
[2466,24] 1 [2467,27]
[2467,27] 2 [2468,23]
[2468,23] 1 [2469,26]
[2469,26] 1 [2470,29]
[2470,29] 1 [2471,31]
[2471,31] 1 [2472,33]
[2472,33] 1 [2473,36]
[2473,36] 1 [2474,39]
[2474,39] 1 [2475,43]
[2475,43] 1 [2476,46]
[2476,46] 1 [2477,50]
[2477,50] 1 [2478,54]
[2478,54] 1 [2479,56]
[2479,56] 1 [2480,59]
[2480,59] 1 [2481,61]
[2481,61] 1 [2482,65]
[2482,65] 1 [2483,68]
[2483,68] 1 [2484,70]
[2484,70] 1 [2485,74]
[2485,74] 1 [2486,78]
[2486,78] 1 [2487,81]
[2487,81] 1 [2488,85]
[2488,85] 1 [2489,89]
[2489,89] 1 [2490,91]
[2490,91] 1 [2491,93]
[2491,93] 1 [2492,95]
[2492,95] 1 [2493,99]
[2493,99] 1 [2494,101]
[2494,101] 1 [2495,105]
[2495,105] 1 [2496,108]
[2496,108] 1 [2497,110]
[2497,110] 1 [2498,113]
[2498,113] 1 [2499,117]
[2499,117] 1 [2500,119]
[2500,119] 2 [2501,115]
[2501,115] 1 [2502,118]
[2502,118] 2 [2503,114]
[2503,114] 1 [2504,113]
[2504,113] 1 [2505,116]
[2505,116] 1 [2506,120]
[2506,120] 1 [2507,124]
[2507,124] 1 [2508,126]
[2508,126] 1 [2509,129]
[2509,129] 1 [2510,131]
[2510,131] 1 [2511,133]
[2511,133] 1 [2512,136]
[2512,136] 1 [2513,139]
[2513,139] 1 [2514,142]
[2514,142] 1 [2515,144]
[2515,144] 1 [2516,147]
[2516,147] 1 [2517,149]
[2517,149] 1 [2518,153]
[2518,153] 1 [2519,156]
[2519,156] 1 [2520,159]
[2520,159] 1 [2521,162]
[2521,162] 1 [2522,165]
[2522,165] 1 [2523,168]
[2523,168] 1 [2524,172]
[2524,172] 1 [2525,174]
[2525,174] 1 [2526,176]
[2526,176] 1 [2527,6]
[2527,6] 1 [2528,6]
[2528,6] 1 [2529,6]
[2529,6] 1 [2530,6]
[2530,6] 1 [2531,6]
[2531,6] 1 [2532,6]
[2532,6] 1 [2533,6]
[2533,6] 1 [2534,6]
[2534,6] 1 [2535,6]
[2535,6] 1 [2536,6]
[2536,6] 1 [2537,8]
[2537,8] 2 [2538,6]
[2538,6] 1 [2539,9]
[2539,9] 1 [2540,11]
[2540,11] 1 [2541,14]
[2541,14] 2 [2542,10]
[2542,10] 1 [2543,12]
[2543,12] 1 [2544,14]
[2544,14] 1 [2545,16]
[2545,16] 2 [2546,12]
[2546,12] 1 [2547,15]
[2547,15] 2 [2548,13]
[2548,13] 2 [2549,10]
[2549,10] 1 [2550,12]
[2550,12] 2 [2551,8]
[2551,8] 1 [2552,10]
[2552,10] 1 [2553,12]
[2553,12] 1 [2554,15]
[2554,15] 1 [2555,17]
[2555,17] 1 [2556,20]
[2556,20] 1 [2557,23]
[2557,23] 1 [2558,25]
[2558,25] 1 [2559,29]
[2559,29] 1 [2560,32]
[2560,32] 1 [2561,34]
[2561,34] 1 [2562,37]
[2562,37] 1 [2563,39]
[2563,39] 1 [2564,42]
[2564,42] 2 [2565,40]
[2565,40] 1 [2566,39]
[2566,39] 1 [2567,42]
[2567,42] 1 [2568,44]
[2568,44] 1 [2569,48]
[2569,48] 1 [2570,51]
[2570,51] 1 [2571,54]
[2571,54] 1 [2572,56]
[2572,56] 1 [2573,58]
[2573,58] 1 [2574,61]
[2574,61] 1 [2575,63]
[2575,63] 1 [2576,65]
[2576,65] 1 [2577,68]
[2577,68] 1 [2578,72]
[2578,72] 1 [2579,76]
[2579,76] 1 [2580,79]
[2580,79] 1 [2581,83]
[2581,83] 1 [2582,86]
[2582,86] 1 [2583,88]
[2583,88] 1 [2584,92]
[2584,92] 1 [2585,95]
[2585,95] 1 [2586,99]
[2586,99] 1 [2587,103]
[2587,103] 2 [2588,99]
[2588,99] 1 [2589,99]
[2589,99] 1 [2590,101]
[2590,101] 1 [2591,105]
[2591,105] 1 [2592,107]
[2592,107] 1 [2593,109]
[2593,109] 1 [2594,113]
[2594,113] 1 [2595,115]
[2595,115] 1 [2596,118]
[2596,118] 1 [2597,121]
[2597,121] 1 [2598,125]
[2598,125] 1 [2599,127]
[2599,127] 1 [2600,131]
[2600,131] 1 [2601,134]
[2601,134] 1 [2602,137]
[2602,137] 1 [2603,141]
[2603,141] 1 [2604,145]
[2604,145] 1 [2605,149]
[2605,149] 1 [2606,152]
[2606,152] 1 [2607,154]
[2607,154] 1 [2608,157]
[2608,157] 1 [2609,161]
[2609,161] 1 [2610,165]
[2610,165] 1 [2611,169]
[2611,169] 1 [2612,171]
[2612,171] 1 [2613,175]
[2613,175] 1 [2614,6]
[2614,6] 1 [2615,6]
[2615,6] 1 [2616,6]
[2616,6] 1 [2617,6]
[2617,6] 1 [2618,6]
[2618,6] 1 [2619,6]
[2619,6] 1 [2620,6]
[2620,6] 1 [2621,6]
[2621,6] 1 [2622,6]
[2622,6] 1 [2623,6]
[2623,6] 1 [2624,6]
[2624,6] 1 [2625,9]
[2625,9] 2 [2626,6]
[2626,6] 1 [2627,9]
[2627,9] 2 [2628,6]
[2628,6] 1 [2629,7]
[2629,7] 1 [2630,10]
[2630,10] 1 [2631,13]
[2631,13] 1 [2632,17]
[2632,17] 1 [2633,19]
[2633,19] 2 [2634,15]
[2634,15] 1 [2635,16]
[2635,16] 1 [2636,20]
[2636,20] 1 [2637,23]
[2637,23] 1 [2638,26]
[2638,26] 1 [2639,28]
[2639,28] 1 [2640,32]
[2640,32] 1 [2641,36]
[2641,36] 1 [2642,40]
[2642,40] 1 [2643,42]
[2643,42] 1 [2644,46]
[2644,46] 1 [2645,50]
[2645,50] 1 [2646,52]
[2646,52] 1 [2647,56]
[2647,56] 1 [2648,59]
[2648,59] 1 [2649,61]
[2649,61] 1 [2650,64]
[2650,64] 1 [2651,68]
[2651,68] 1 [2652,70]
[2652,70] 1 [2653,74]
[2653,74] 1 [2654,76]
[2654,76] 1 [2655,79]
[2655,79] 1 [2656,82]
[2656,82] 1 [2657,86]
[2657,86] 1 [2658,90]
[2658,90] 1 [2659,93]
[2659,93] 1 [2660,96]
[2660,96] 1 [2661,100]
[2661,100] 1 [2662,103]
[2662,103] 1 [2663,105]
[2663,105] 1 [2664,107]
[2664,107] 1 [2665,109]
[2665,109] 1 [2666,112]
[2666,112] 1 [2667,116]
[2667,116] 1 [2668,119]
[2668,119] 1 [2669,123]
[2669,123] 1 [2670,125]
[2670,125] 1 [2671,128]
[2671,128] 1 [2672,131]
[2672,131] 1 [2673,134]
[2673,134] 1 [2674,138]
[2674,138] 1 [2675,142]
[2675,142] 1 [2676,145]
[2676,145] 1 [2677,149]
[2677,149] 1 [2678,153]
[2678,153] 1 [2679,155]
[2679,155] 1 [2680,159]
[2680,159] 1 [2681,161]
[2681,161] 1 [2682,164]
[2682,164] 1 [2683,167]
[2683,167] 1 [2684,169]
[2684,169] 1 [2685,173]
[2685,173] 1 [2686,175]
[2686,175] 1 [2687,177]
[2686,175] 1 [2687,177]
