[0,6] 1 [1,9]
[1,9] 1 [2,11]
[2,11] 1 [3,13]
[3,13] 1 [4,15]
[4,15] 1 [5,18]
[5,18] 1 [6,20]
[6,20] 1 [7,22]
[7,22] 1 [8,24]
[8,24] 1 [9,26]
[9,26] 1 [10,30]
[10,30] 1 [11,32]
[11,32] 1 [12,34]
[12,34] 1 [13,38]
[13,38] 1 [14,41]
[14,41] 1 [15,43]
[15,43] 1 [16,46]
[16,46] 1 [17,48]
[17,48] 1 [18,50]
[18,50] 1 [19,52]
[19,52] 1 [20,56]
[20,56] 1 [21,60]
[21,60] 1 [22,63]
[22,63] 1 [23,67]
[23,67] 1 [24,70]
[24,70] 1 [25,74]
[25,74] 1 [26,78]
[26,78] 1 [27,82]
[27,82] 1 [28,85]
[28,85] 1 [29,87]
[29,87] 1 [30,90]
[30,90] 1 [31,93]
[31,93] 1 [32,97]
[32,97] 1 [33,101]
[33,101] 1 [34,105]
[34,105] 1 [35,109]
[35,109] 1 [36,111]
[36,111] 1 [37,114]
[37,114] 1 [38,118]
[38,118] 1 [39,121]
[39,121] 1 [40,125]
[40,125] 1 [41,129]
[41,129] 1 [42,133]
[42,133] 1 [43,135]
[43,135] 1 [44,139]
[44,139] 1 [45,141]
[45,141] 1 [46,145]
[46,145] 1 [47,147]
[47,147] 1 [48,151]
[48,151] 1 [49,154]
[49,154] 1 [50,157]
[50,157] 1 [51,159]
[51,159] 1 [52,161]
[52,161] 1 [53,163]
[53,163] 1 [54,166]
[54,166] 1 [55,169]
[55,169] 1 [56,173]
[56,173] 1 [57,176]
[57,176] 1 [58,6]
[58,6] 1 [59,6]
[59,6] 1 [60,6]
[60,6] 1 [61,6]
[61,6] 1 [62,6]
[62,6] 1 [63,6]
[63,6] 1 [64,6]
[64,6] 1 [65,6]
[65,6] 1 [66,6]
[66,6] 1 [67,6]
[67,6] 1 [68,6]
[68,6] 0 [69,7]
[69,7] 1 [70,9]
[70,9] 1 [71,12]
[71,12] 2 [72,10]
[72,10] 2 [73,7]
[73,7] 1 [74,10]
[74,10] 1 [75,13]
[75,13] 2 [76,9]
[76,9] 2 [77,6]
[77,6] 1 [78,10]
[78,10] 1 [79,12]
[79,12] 2 [80,10]
[80,10] 1 [81,8]
[81,8] 0 [82,9]
[82,9] 2 [83,7]
[83,7] 1 [84,7]
[84,7] 1 [85,9]
[85,9] 2 [86,6]
[86,6] 1 [87,9]
[87,9] 0 [88,9]
[88,9] 1 [89,11]
[89,11] 1 [90,15]
[90,15] 1 [91,17]
[91,17] 1 [92,20]
[92,20] 1 [93,24]
[93,24] 1 [94,28]
[94,28] 1 [95,31]
[95,31] 1 [96,33]
[96,33] 1 [97,36]
[97,36] 1 [98,38]
[98,38] 1 [99,42]
[99,42] 1 [100,46]
[100,46] 1 [101,48]
[101,48] 1 [102,52]
[102,52] 1 [103,56]
[103,56] 1 [104,58]
[104,58] 1 [105,61]
[105,61] 1 [106,64]
[106,64] 1 [107,66]
[107,66] 1 [108,70]
[108,70] 1 [109,74]
[109,74] 1 [110,77]
[110,77] 1 [111,79]
[111,79] 1 [112,83]
[112,83] 1 [113,87]
[113,87] 1 [114,89]
[114,89] 1 [115,92]
[115,92] 1 [116,95]
[116,95] 1 [117,99]
[117,99] 1 [118,101]
[118,101] 1 [119,103]
[119,103] 1 [120,106]
[120,106] 1 [121,110]
[121,110] 1 [122,112]
[122,112] 1 [123,114]
[123,114] 1 [124,116]
[124,116] 1 [125,119]
[125,119] 1 [126,121]
[126,121] 1 [127,125]
[127,125] 1 [128,128]
[128,128] 1 [129,130]
[129,130] 1 [130,133]
[130,133] 1 [131,137]
[131,137] 1 [132,139]
[132,139] 1 [133,142]
[133,142] 1 [134,144]
[134,144] 1 [135,147]
[135,147] 1 [136,149]
[136,149] 1 [137,152]
[137,152] 1 [138,156]
[138,156] 1 [139,160]
[139,160] 1 [140,164]
[140,164] 1 [141,166]
[141,166] 1 [142,168]
[142,168] 1 [143,172]
[143,172] 1 [144,175]
[144,175] 1 [145,6]
[145,6] 1 [146,6]
[146,6] 1 [147,6]
[147,6] 1 [148,6]
[148,6] 1 [149,6]
[149,6] 1 [150,6]
[150,6] 1 [151,6]
[151,6] 1 [152,6]
[152,6] 1 [153,6]
[153,6] 1 [154,6]
[154,6] 1 [155,7]
[155,7] 1 [156,11]
[156,11] 1 [157,15]
[157,15] 0 [158,15]
[158,15] 1 [159,16]
[159,16] 1 [160,20]
[160,20] 1 [161,22]
[161,22] 1 [162,24]
[162,24] 1 [163,28]
[163,28] 1 [164,30]
[164,30] 1 [165,33]
[165,33] 1 [166,36]
[166,36] 1 [167,39]
[167,39] 1 [168,42]
[168,42] 1 [169,45]
[169,45] 1 [170,49]
[170,49] 1 [171,51]
[171,51] 1 [172,55]
[172,55] 1 [173,58]
[173,58] 1 [174,61]
[174,61] 1 [175,65]
[175,65] 1 [176,67]
[176,67] 1 [177,69]
[177,69] 1 [178,72]
[178,72] 1 [179,76]
[179,76] 1 [180,80]
[180,80] 1 [181,83]
[181,83] 1 [182,85]
[182,85] 1 [183,88]
[183,88] 1 [184,90]
[184,90] 1 [185,93]
[185,93] 1 [186,95]
[186,95] 1 [187,97]
[187,97] 1 [188,101]
[188,101] 1 [189,104]
[189,104] 1 [190,106]
[190,106] 1 [191,109]
[191,109] 1 [192,111]
[192,111] 1 [193,114]
[193,114] 1 [194,117]
[194,117] 1 [195,120]
[195,120] 1 [196,123]
[196,123] 1 [197,125]
[197,125] 1 [198,129]
[198,129] 1 [199,131]
[199,131] 1 [200,134]
[200,134] 1 [201,138]
[201,138] 1 [202,140]
[202,140] 1 [203,142]
[203,142] 1 [204,145]
[204,145] 1 [205,148]
[205,148] 1 [206,150]
[206,150] 1 [207,154]
[207,154] 1 [208,157]
[208,157] 1 [209,160]
[209,160] 1 [210,164]
[210,164] 1 [211,167]
[211,167] 1 [212,169]
[212,169] 1 [213,171]
[213,171] 1 [214,175]
[214,175] 1 [215,177]
[215,177] 1 [216,6]
[216,6] 1 [217,6]
[217,6] 1 [218,6]
[218,6] 1 [219,6]
[219,6] 1 [220,6]
[220,6] 1 [221,6]
[221,6] 1 [222,6]
[222,6] 1 [223,6]
[223,6] 1 [224,6]
[224,6] 1 [225,6]
[225,6] 0 [226,6]
[226,6] 1 [227,9]
[227,9] 1 [228,13]
[228,13] 0 [229,14]
[229,14] 2 [230,11]
[230,11] 2 [231,7]
[231,7] 1 [232,10]
[232,10] 1 [233,12]
[233,12] 1 [234,16]
[234,16] 2 [235,13]
[235,13] 1 [236,15]
[236,15] 1 [237,17]
[237,17] 1 [238,19]
[238,19] 1 [239,21]
[239,21] 1 [240,23]
[240,23] 2 [241,19]
[241,19] 2 [242,15]
[242,15] 2 [243,11]
[243,11] 2 [244,8]
[244,8] 1 [245,10]
[245,10] 1 [246,13]
[246,13] 2 [247,10]
[247,10] 1 [248,12]
[248,12] 1 [249,14]
[249,14] 1 [250,18]
[250,18] 1 [251,22]
[251,22] 1 [252,26]
[252,26] 1 [253,28]
[253,28] 1 [254,30]
[254,30] 1 [255,33]
[255,33] 1 [256,35]
[256,35] 1 [257,39]
[257,39] 1 [258,43]
[258,43] 1 [259,46]
[259,46] 1 [260,50]
[260,50] 1 [261,52]
[261,52] 1 [262,55]
[262,55] 1 [263,58]
[263,58] 1 [264,60]
[264,60] 1 [265,64]
[265,64] 1 [266,68]
[266,68] 1 [267,70]
[267,70] 1 [268,73]
[268,73] 1 [269,77]
[269,77] 1 [270,79]
[270,79] 1 [271,82]
[271,82] 1 [272,84]
[272,84] 1 [273,87]
[273,87] 1 [274,89]
[274,89] 1 [275,93]
[275,93] 1 [276,96]
[276,96] 1 [277,99]
[277,99] 1 [278,101]
[278,101] 1 [279,104]
[279,104] 1 [280,107]
[280,107] 1 [281,109]
[281,109] 1 [282,113]
[282,113] 1 [283,117]
[283,117] 1 [284,121]
[284,121] 1 [285,123]
[285,123] 1 [286,126]
[286,126] 1 [287,130]
[287,130] 1 [288,132]
[288,132] 1 [289,136]
[289,136] 1 [290,138]
[290,138] 1 [291,141]
[291,141] 1 [292,145]
[292,145] 1 [293,148]
[293,148] 1 [294,150]
[294,150] 1 [295,152]
[295,152] 1 [296,156]
[296,156] 1 [297,160]
[297,160] 1 [298,164]
[298,164] 1 [299,166]
[299,166] 1 [300,168]
[300,168] 1 [301,172]
[301,172] 1 [302,176]
[302,176] 1 [303,6]
[303,6] 1 [304,6]
[304,6] 1 [305,6]
[305,6] 1 [306,6]
[306,6] 1 [307,6]
[307,6] 1 [308,6]
[308,6] 1 [309,6]
[309,6] 1 [310,6]
[310,6] 1 [311,6]
[311,6] 1 [312,8]
[312,8] 0 [313,9]
[313,9] 0 [314,9]
[314,9] 1 [315,11]
[315,11] 1 [316,13]
[316,13] 2 [317,9]
[317,9] 1 [318,11]
[318,11] 1 [319,15]
[319,15] 2 [320,11]
[320,11] 1 [321,14]
[321,14] 1 [322,17]
[322,17] 1 [323,19]
[323,19] 2 [324,15]
[324,15] 2 [325,11]
[325,11] 1 [326,13]
[326,13] 2 [327,10]
[327,10] 1 [328,12]
[328,12] 1 [329,15]
[329,15] 1 [330,18]
[330,18] 1 [331,22]
[331,22] 1 [332,24]
[332,24] 1 [333,27]
[333,27] 1 [334,31]
[334,31] 1 [335,35]
[335,35] 1 [336,38]
[336,38] 1 [337,41]
[337,41] 1 [338,45]
[338,45] 1 [339,49]
[339,49] 1 [340,53]
[340,53] 1 [341,57]
[341,57] 1 [342,60]
[342,60] 1 [343,64]
[343,64] 1 [344,67]
[344,67] 1 [345,69]
[345,69] 1 [346,73]
[346,73] 1 [347,75]
[347,75] 1 [348,78]
[348,78] 1 [349,82]
[349,82] 1 [350,84]
[350,84] 1 [351,87]
[351,87] 1 [352,89]
[352,89] 1 [353,93]
[353,93] 1 [354,95]
[354,95] 1 [355,99]
[355,99] 1 [356,101]
[356,101] 1 [357,103]
[357,103] 1 [358,106]
[358,106] 1 [359,109]
[359,109] 1 [360,111]
[360,111] 1 [361,114]
[361,114] 1 [362,116]
[362,116] 2 [363,112]
[363,112] 1 [364,112]
[364,112] 2 [365,109]
[365,109] 1 [366,111]
[366,111] 1 [367,114]
[367,114] 1 [368,118]
[368,118] 1 [369,121]
[369,121] 1 [370,123]
[370,123] 1 [371,125]
[371,125] 1 [372,129]
[372,129] 1 [373,133]
[373,133] 1 [374,137]
[374,137] 1 [375,141]
[375,141] 1 [376,143]
[376,143] 1 [377,146]
[377,146] 1 [378,148]
[378,148] 1 [379,150]
[379,150] 1 [380,152]
[380,152] 1 [381,155]
[381,155] 1 [382,158]
[382,158] 1 [383,160]
[383,160] 1 [384,163]
[384,163] 1 [385,167]
[385,167] 1 [386,170]
[386,170] 1 [387,172]
[387,172] 1 [388,175]
[388,175] 1 [389,177]
[389,177] 1 [390,6]
[390,6] 1 [391,6]
[391,6] 1 [392,6]
[392,6] 1 [393,6]
[393,6] 1 [394,6]
[394,6] 1 [395,6]
[395,6] 1 [396,6]
[396,6] 1 [397,6]
[397,6] 1 [398,8]
[398,8] 1 [399,10]
[399,10] 1 [400,13]
[400,13] 2 [401,10]
[401,10] 1 [402,10]
[402,10] 1 [403,12]
[403,12] 1 [404,15]
[404,15] 2 [405,11]
[405,11] 1 [406,13]
[406,13] 1 [407,16]
[407,16] 1 [408,20]
[408,20] 1 [409,23]
[409,23] 2 [410,19]
[410,19] 2 [411,16]
[411,16] 2 [412,12]
[412,12] 1 [413,14]
[413,14] 1 [414,16]
[414,16] 1 [415,20]
[415,20] 1 [416,24]
[416,24] 1 [417,28]
[417,28] 1 [418,32]
[418,32] 1 [419,36]
[419,36] 2 [420,32]
[420,32] 1 [421,34]
[421,34] 1 [422,37]
[422,37] 1 [423,41]
[423,41] 1 [424,43]
[424,43] 1 [425,47]
[425,47] 1 [426,50]
[426,50] 1 [427,54]
[427,54] 1 [428,57]
[428,57] 1 [429,59]
[429,59] 1 [430,61]
[430,61] 1 [431,65]
[431,65] 1 [432,67]
[432,67] 1 [433,71]
[433,71] 1 [434,74]
[434,74] 1 [435,77]
[435,77] 1 [436,81]
[436,81] 1 [437,83]
[437,83] 1 [438,85]
[438,85] 1 [439,89]
[439,89] 1 [440,92]
[440,92] 1 [441,94]
[441,94] 1 [442,97]
[442,97] 1 [443,99]
[443,99] 1 [444,101]
[444,101] 1 [445,103]
[445,103] 2 [446,99]
[446,99] 1 [447,102]
[447,102] 1 [448,105]
[448,105] 1 [449,109]
[449,109] 2 [450,105]
[450,105] 1 [451,107]
[451,107] 1 [452,110]
[452,110] 1 [453,113]
[453,113] 1 [454,115]
[454,115] 1 [455,119]
[455,119] 1 [456,121]
[456,121] 1 [457,125]
[457,125] 1 [458,127]
[458,127] 1 [459,130]
[459,130] 1 [460,132]
[460,132] 1 [461,136]
[461,136] 1 [462,139]
[462,139] 1 [463,142]
[463,142] 1 [464,146]
[464,146] 1 [465,150]
[465,150] 1 [466,152]
[466,152] 1 [467,155]
[467,155] 1 [468,158]
[468,158] 1 [469,160]
[469,160] 1 [470,164]
[470,164] 1 [471,167]
[471,167] 1 [472,170]
[472,170] 1 [473,173]
[473,173] 1 [474,175]
[474,175] 1 [475,177]
[475,177] 1 [476,6]
[476,6] 1 [477,6]
[477,6] 1 [478,6]
[478,6] 1 [479,6]
[479,6] 1 [480,6]
[480,6] 1 [481,6]
[481,6] 1 [482,6]
[482,6] 1 [483,6]
[483,6] 1 [484,6]
[484,6] 1 [485,6]
[485,6] 1 [486,6]
[486,6] 1 [487,10]
[487,10] 1 [488,13]
[488,13] 1 [489,15]
[489,15] 0 [490,16]
[490,16] 2 [491,12]
[491,12] 1 [492,12]
[492,12] 1 [493,16]
[493,16] 1 [494,19]
[494,19] 1 [495,23]
[495,23] 2 [496,20]
[496,20] 1 [497,22]
[497,22] 1 [498,26]
[498,26] 1 [499,29]
[499,29] 1 [500,32]
[500,32] 1 [501,34]
[501,34] 1 [502,37]
[502,37] 1 [503,40]
[503,40] 1 [504,43]
[504,43] 1 [505,46]
[505,46] 1 [506,50]
[506,50] 1 [507,54]
[507,54] 1 [508,58]
[508,58] 1 [509,62]
[509,62] 1 [510,65]
[510,65] 1 [511,68]
[511,68] 0 [512,69]
[512,69] 1 [513,73]
[513,73] 1 [514,75]
[514,75] 1 [515,78]
[515,78] 1 [516,82]
[516,82] 1 [517,86]
[517,86] 1 [518,90]
[518,90] 1 [519,94]
[519,94] 1 [520,97]
[520,97] 1 [521,99]
[521,99] 1 [522,102]
[522,102] 1 [523,104]
[523,104] 1 [524,107]
[524,107] 1 [525,109]
[525,109] 1 [526,112]
[526,112] 1 [527,115]
[527,115] 1 [528,117]
[528,117] 1 [529,121]
[529,121] 1 [530,125]
[530,125] 1 [531,128]
[531,128] 1 [532,132]
[532,132] 1 [533,134]
[533,134] 1 [534,136]
[534,136] 1 [535,138]
[535,138] 1 [536,141]
[536,141] 1 [537,144]
[537,144] 1 [538,147]
[538,147] 1 [539,150]
[539,150] 1 [540,152]
[540,152] 1 [541,155]
[541,155] 1 [542,159]
[542,159] 1 [543,163]
[543,163] 1 [544,167]
[544,167] 1 [545,171]
[545,171] 1 [546,175]
[546,175] 1 [547,6]
[547,6] 1 [548,6]
[548,6] 1 [549,6]
[549,6] 1 [550,6]
[550,6] 1 [551,6]
[551,6] 1 [552,6]
[552,6] 1 [553,6]
[553,6] 1 [554,6]
[554,6] 1 [555,6]
[555,6] 1 [556,6]
[556,6] 1 [557,7]
[557,7] 1 [558,10]
[558,10] 1 [559,14]
[559,14] 1 [560,16]
[560,16] 1 [561,19]
[561,19] 1 [562,21]
[562,21] 1 [563,24]
[563,24] 2 [564,20]
[564,20] 1 [565,22]
[565,22] 1 [566,26]
[566,26] 1 [567,29]
[567,29] 1 [568,32]
[568,32] 1 [569,34]
[569,34] 1 [570,37]
[570,37] 1 [571,40]
[571,40] 1 [572,44]
[572,44] 1 [573,47]
[573,47] 1 [574,49]
[574,49] 1 [575,51]
[575,51] 1 [576,55]
[576,55] 1 [577,57]
[577,57] 1 [578,61]
[578,61] 1 [579,64]
[579,64] 1 [580,68]
[580,68] 1 [581,71]
[581,71] 1 [582,75]
[582,75] 1 [583,78]
[583,78] 1 [584,81]
[584,81] 1 [585,83]
[585,83] 1 [586,85]
[586,85] 1 [587,87]
[587,87] 1 [588,89]
[588,89] 1 [589,92]
[589,92] 1 [590,94]
[590,94] 1 [591,96]
[591,96] 1 [592,100]
[592,100] 1 [593,104]
[593,104] 1 [594,106]
[594,106] 1 [595,110]
[595,110] 1 [596,114]
[596,114] 1 [597,118]
[597,118] 1 [598,120]
[598,120] 1 [599,123]
[599,123] 1 [600,126]
[600,126] 1 [601,128]
[601,128] 1 [602,131]
[602,131] 1 [603,134]
[603,134] 1 [604,138]
[604,138] 1 [605,142]
[605,142] 1 [606,146]
[606,146] 1 [607,149]
[607,149] 1 [608,152]
[608,152] 1 [609,155]
[609,155] 1 [610,159]
[610,159] 1 [611,163]
[611,163] 1 [612,166]
[612,166] 1 [613,170]
[613,170] 1 [614,172]
[614,172] 1 [615,176]
[615,176] 1 [616,6]
[616,6] 1 [617,6]
[617,6] 1 [618,6]
[618,6] 1 [619,6]
[619,6] 1 [620,6]
[620,6] 1 [621,6]
[621,6] 1 [622,6]
[622,6] 1 [623,6]
[623,6] 1 [624,6]
[624,6] 1 [625,7]
[625,7] 1 [626,9]
[626,9] 1 [627,13]
[627,13] 2 [628,10]
[628,10] 1 [629,12]
[629,12] 2 [630,8]
[630,8] 1 [631,7]
[631,7] 1 [632,11]
[632,11] 1 [633,15]
[633,15] 2 [634,12]
[634,12] 1 [635,14]
[635,14] 1 [636,16]
[636,16] 1 [637,20]
[637,20] 1 [638,23]
[638,23] 1 [639,26]
[639,26] 1 [640,30]
[640,30] 1 [641,33]
[641,33] 1 [642,36]
[642,36] 1 [643,40]
[643,40] 1 [644,43]
[644,43] 1 [645,47]
[645,47] 1 [646,51]
[646,51] 1 [647,54]
[647,54] 1 [648,58]
[648,58] 1 [649,60]
[649,60] 1 [650,63]
[650,63] 1 [651,65]
[651,65] 1 [652,67]
[652,67] 1 [653,71]
[653,71] 1 [654,75]
[654,75] 1 [655,78]
[655,78] 1 [656,80]
[656,80] 1 [657,84]
[657,84] 1 [658,86]
[658,86] 1 [659,90]
[659,90] 1 [660,94]
[660,94] 1 [661,98]
[661,98] 1 [662,102]
[662,102] 1 [663,104]
[663,104] 1 [664,107]
[664,107] 1 [665,109]
[665,109] 1 [666,111]
[666,111] 1 [667,115]
[667,115] 1 [668,119]
[668,119] 1 [669,122]
[669,122] 1 [670,126]
[670,126] 1 [671,128]
[671,128] 1 [672,131]
[672,131] 1 [673,134]
[673,134] 1 [674,136]
[674,136] 1 [675,140]
[675,140] 1 [676,144]
[676,144] 1 [677,147]
[677,147] 1 [678,149]
[678,149] 1 [679,152]
[679,152] 1 [680,155]
[680,155] 1 [681,158]
[681,158] 1 [682,161]
[682,161] 1 [683,163]
[683,163] 1 [684,165]
[684,165] 1 [685,169]
[685,169] 1 [686,171]
[686,171] 1 [687,175]
[687,175] 1 [688,177]
[688,177] 1 [689,6]
[689,6] 1 [690,6]
[690,6] 1 [691,6]
[691,6] 1 [692,6]
[692,6] 1 [693,6]
[693,6] 1 [694,6]
[694,6] 1 [695,6]
[695,6] 1 [696,6]
[696,6] 1 [697,6]
[697,6] 1 [698,6]
[698,6] 1 [699,6]
[699,6] 1 [700,6]
[700,6] 2 [701,6]
[701,6] 1 [702,9]
[702,9] 2 [703,7]
[703,7] 1 [704,10]
[704,10] 1 [705,14]
[705,14] 1 [706,17]
[706,17] 1 [707,20]
[707,20] 1 [708,22]
[708,22] 1 [709,24]
[709,24] 1 [710,28]
[710,28] 1 [711,32]
[711,32] 1 [712,36]
[712,36] 1 [713,38]
[713,38] 1 [714,42]
[714,42] 1 [715,46]
[715,46] 1 [716,50]
[716,50] 1 [717,54]
[717,54] 1 [718,56]
[718,56] 1 [719,60]
[719,60] 1 [720,62]
[720,62] 1 [721,64]
[721,64] 1 [722,66]
[722,66] 1 [723,70]
[723,70] 1 [724,74]
[724,74] 1 [725,78]
[725,78] 1 [726,82]
[726,82] 1 [727,86]
[727,86] 1 [728,90]
[728,90] 1 [729,94]
[729,94] 1 [730,96]
[730,96] 1 [731,99]
[731,99] 1 [732,101]
[732,101] 1 [733,105]
[733,105] 1 [734,109]
[734,109] 1 [735,113]
[735,113] 1 [736,115]
[736,115] 1 [737,117]
[737,117] 1 [738,119]
[738,119] 1 [739,121]
[739,121] 1 [740,124]
[740,124] 1 [741,127]
[741,127] 1 [742,130]
[742,130] 1 [743,132]
[743,132] 1 [744,134]
[744,134] 1 [745,138]
[745,138] 1 [746,141]
[746,141] 1 [747,143]
[747,143] 1 [748,147]
[748,147] 1 [749,151]
[749,151] 1 [750,154]
[750,154] 1 [751,157]
[751,157] 1 [752,160]
[752,160] 1 [753,162]
[753,162] 1 [754,164]
[754,164] 1 [755,168]
[755,168] 1 [756,171]
[756,171] 1 [757,173]
[757,173] 1 [758,176]
[758,176] 1 [759,6]
[759,6] 1 [760,6]
[760,6] 1 [761,6]
[761,6] 1 [762,6]
[762,6] 1 [763,6]
[763,6] 1 [764,6]
[764,6] 1 [765,6]
[765,6] 1 [766,6]
[766,6] 1 [767,6]
[767,6] 1 [768,6]
[768,6] 1 [769,6]
[769,6] 1 [770,8]
[770,8] 1 [771,10]
[771,10] 1 [772,12]
[772,12] 1 [773,15]
[773,15] 1 [774,18]
[774,18] 1 [775,21]
[775,21] 1 [776,25]
[776,25] 1 [777,27]
[777,27] 1 [778,30]
[778,30] 1 [779,32]
[779,32] 1 [780,35]
[780,35] 1 [781,38]
[781,38] 1 [782,41]
[782,41] 1 [783,44]
[783,44] 1 [784,47]
[784,47] 1 [785,50]
[785,50] 1 [786,52]
[786,52] 1 [787,54]
[787,54] 1 [788,57]
[788,57] 1 [789,59]
[789,59] 1 [790,61]
[790,61] 1 [791,64]
[791,64] 1 [792,67]
[792,67] 1 [793,70]
[793,70] 1 [794,74]
[794,74] 1 [795,77]
[795,77] 1 [796,81]
[796,81] 1 [797,83]
[797,83] 1 [798,86]
[798,86] 1 [799,88]
[799,88] 1 [800,91]
[800,91] 1 [801,95]
[801,95] 1 [802,98]
[802,98] 1 [803,102]
[803,102] 1 [804,106]
[804,106] 1 [805,108]
[805,108] 1 [806,112]
[806,112] 1 [807,114]
[807,114] 1 [808,117]
[808,117] 1 [809,119]
[809,119] 1 [810,122]
[810,122] 1 [811,126]
[811,126] 1 [812,130]
[812,130] 1 [813,133]
[813,133] 1 [814,137]
[814,137] 1 [815,140]
[815,140] 1 [816,143]
[816,143] 1 [817,147]
[817,147] 1 [818,149]
[818,149] 1 [819,153]
[819,153] 1 [820,157]
[820,157] 1 [821,161]
[821,161] 1 [822,163]
[822,163] 1 [823,167]
[823,167] 1 [824,169]
[824,169] 1 [825,173]
[825,173] 1 [826,176]
[826,176] 1 [827,6]
[827,6] 1 [828,6]
[828,6] 1 [829,6]
[829,6] 1 [830,6]
[830,6] 1 [831,6]
[831,6] 1 [832,6]
[832,6] 1 [833,6]
[833,6] 1 [834,6]
[834,6] 1 [835,6]
[835,6] 1 [836,6]
[836,6] 0 [837,6]
[837,6] 1 [838,9]
[838,9] 1 [839,11]
[839,11] 1 [840,14]
[840,14] 1 [841,17]
[841,17] 1 [842,20]
[842,20] 2 [843,16]
[843,16] 2 [844,12]
[844,12] 1 [845,11]
[845,11] 1 [846,14]
[846,14] 1 [847,18]
[847,18] 1 [848,22]
[848,22] 1 [849,25]
[849,25] 1 [850,29]
[850,29] 1 [851,33]
[851,33] 1 [852,37]
[852,37] 1 [853,40]
[853,40] 1 [854,43]
[854,43] 1 [855,47]
[855,47] 1 [856,51]
[856,51] 1 [857,53]
[857,53] 1 [858,56]
[858,56] 1 [859,59]
[859,59] 1 [860,63]
[860,63] 1 [861,67]
[861,67] 2 [862,64]
[862,64] 1 [863,67]
[863,67] 1 [864,71]
[864,71] 1 [865,74]
[865,74] 1 [866,78]
[866,78] 1 [867,80]
[867,80] 1 [868,84]
[868,84] 1 [869,87]
[869,87] 1 [870,91]
[870,91] 1 [871,95]
[871,95] 1 [872,99]
[872,99] 1 [873,101]
[873,101] 1 [874,105]
[874,105] 1 [875,108]
[875,108] 1 [876,112]
[876,112] 1 [877,116]
[877,116] 1 [878,118]
[878,118] 1 [879,120]
[879,120] 1 [880,124]
[880,124] 1 [881,128]
[881,128] 1 [882,132]
[882,132] 1 [883,136]
[883,136] 1 [884,139]
[884,139] 1 [885,142]
[885,142] 1 [886,144]
[886,144] 1 [887,146]
[887,146] 1 [888,148]
[888,148] 1 [889,152]
[889,152] 1 [890,154]
[890,154] 1 [891,156]
[891,156] 1 [892,158]
[892,158] 1 [893,162]
[893,162] 1 [894,165]
[894,165] 1 [895,168]
[895,168] 1 [896,172]
[896,172] 1 [897,175]
[897,175] 1 [898,177]
[898,177] 1 [899,6]
[899,6] 1 [900,6]
[900,6] 1 [901,6]
[901,6] 1 [902,6]
[902,6] 1 [903,6]
[903,6] 1 [904,6]
[904,6] 1 [905,6]
[905,6] 1 [906,6]
[906,6] 1 [907,6]
[907,6] 0 [908,6]
[908,6] 1 [909,10]
[909,10] 1 [910,13]
[910,13] 2 [911,9]
[911,9] 1 [912,11]
[912,11] 1 [913,15]
[913,15] 1 [914,19]
[914,19] 1 [915,23]
[915,23] 1 [916,25]
[916,25] 1 [917,27]
[917,27] 1 [918,30]
[918,30] 1 [919,32]
[919,32] 1 [920,36]
[920,36] 1 [921,38]
[921,38] 1 [922,41]
[922,41] 1 [923,45]
[923,45] 1 [924,49]
[924,49] 1 [925,52]
[925,52] 1 [926,54]
[926,54] 1 [927,56]
[927,56] 1 [928,58]
[928,58] 1 [929,60]
[929,60] 1 [930,64]
[930,64] 1 [931,66]
[931,66] 1 [932,70]
[932,70] 1 [933,74]
[933,74] 1 [934,78]
[934,78] 1 [935,82]
[935,82] 1 [936,84]
[936,84] 1 [937,86]
[937,86] 1 [938,88]
[938,88] 1 [939,90]
[939,90] 1 [940,92]
[940,92] 1 [941,94]
[941,94] 1 [942,96]
[942,96] 1 [943,99]
[943,99] 1 [944,102]
[944,102] 1 [945,104]
[945,104] 1 [946,107]
[946,107] 1 [947,109]
[947,109] 1 [948,111]
[948,111] 1 [949,113]
[949,113] 1 [950,116]
[950,116] 1 [951,119]
[951,119] 1 [952,121]
[952,121] 1 [953,124]
[953,124] 1 [954,126]
[954,126] 1 [955,129]
[955,129] 1 [956,132]
[956,132] 1 [957,136]
[957,136] 1 [958,139]
[958,139] 1 [959,142]
[959,142] 1 [960,146]
[960,146] 1 [961,149]
[961,149] 1 [962,152]
[962,152] 1 [963,154]
[963,154] 1 [964,158]
[964,158] 1 [965,162]
[965,162] 1 [966,164]
[966,164] 1 [967,166]
[967,166] 1 [968,169]
[968,169] 1 [969,171]
[969,171] 1 [970,174]
[970,174] 1 [971,176]
[971,176] 1 [972,6]
[972,6] 1 [973,6]
[973,6] 1 [974,6]
[974,6] 1 [975,6]
[975,6] 1 [976,6]
[976,6] 1 [977,6]
[977,6] 1 [978,6]
[978,6] 1 [979,6]
[979,6] 1 [980,6]
[980,6] 0 [981,6]
[981,6] 1 [982,10]
[982,10] 1 [983,13]
[983,13] 1 [984,15]
[984,15] 2 [985,11]
[985,11] 1 [986,13]
[986,13] 1 [987,16]
[987,16] 2 [988,12]
[988,12] 2 [989,8]
[989,8] 1 [990,11]
[990,11] 2 [991,8]
[991,8] 1 [992,10]
[992,10] 1 [993,12]
[993,12] 1 [994,15]
[994,15] 1 [995,19]
[995,19] 1 [996,23]
[996,23] 2 [997,20]
[997,20] 2 [998,16]
[998,16] 2 [999,12]
[999,12] 2 [1000,8]
[1000,8] 1 [1001,11]
[1001,11] 1 [1002,14]
[1002,14] 1 [1003,18]
[1003,18] 1 [1004,21]
[1004,21] 1 [1005,25]
[1005,25] 2 [1006,21]
[1006,21] 1 [1007,23]
[1007,23] 1 [1008,26]
[1008,26] 1 [1009,29]
[1009,29] 1 [1010,32]
[1010,32] 1 [1011,34]
[1011,34] 1 [1012,36]
[1012,36] 1 [1013,39]
[1013,39] 1 [1014,42]
[1014,42] 1 [1015,45]
[1015,45] 1 [1016,48]
[1016,48] 1 [1017,52]
[1017,52] 1 [1018,54]
[1018,54] 1 [1019,57]
[1019,57] 1 [1020,61]
[1020,61] 1 [1021,63]
[1021,63] 1 [1022,67]
[1022,67] 1 [1023,70]
[1023,70] 1 [1024,74]
[1024,74] 1 [1025,77]
[1025,77] 1 [1026,80]
[1026,80] 1 [1027,83]
[1027,83] 1 [1028,86]
[1028,86] 1 [1029,88]
[1029,88] 1 [1030,90]
[1030,90] 1 [1031,93]
[1031,93] 1 [1032,96]
[1032,96] 1 [1033,98]
[1033,98] 1 [1034,101]
[1034,101] 1 [1035,105]
[1035,105] 1 [1036,109]
[1036,109] 1 [1037,112]
[1037,112] 1 [1038,115]
[1038,115] 1 [1039,117]
[1039,117] 1 [1040,121]
[1040,121] 1 [1041,124]
[1041,124] 1 [1042,128]
[1042,128] 1 [1043,131]
[1043,131] 1 [1044,133]
[1044,133] 1 [1045,136]
[1045,136] 1 [1046,140]
[1046,140] 1 [1047,142]
[1047,142] 1 [1048,144]
[1048,144] 1 [1049,146]
[1049,146] 1 [1050,148]
[1050,148] 1 [1051,151]
[1051,151] 1 [1052,154]
[1052,154] 1 [1053,157]
[1053,157] 1 [1054,159]
[1054,159] 1 [1055,161]
[1055,161] 1 [1056,165]
[1056,165] 1 [1057,167]
[1057,167] 1 [1058,170]
[1058,170] 1 [1059,173]
[1059,173] 1 [1060,176]
[1060,176] 1 [1061,6]
[1061,6] 1 [1062,6]
[1062,6] 1 [1063,6]
[1063,6] 1 [1064,6]
[1064,6] 1 [1065,6]
[1065,6] 1 [1066,6]
[1066,6] 1 [1067,6]
[1067,6] 1 [1068,6]
[1068,6] 1 [1069,6]
[1069,6] 1 [1070,7]
[1070,7] 2 [1071,6]
[1071,6] 1 [1072,9]
[1072,9] 1 [1073,12]
[1073,12] 1 [1074,15]
[1074,15] 2 [1075,12]
[1075,12] 1 [1076,11]
[1076,11] 1 [1077,15]
[1077,15] 1 [1078,18]
[1078,18] 1 [1079,22]
[1079,22] 1 [1080,25]
[1080,25] 1 [1081,27]
[1081,27] 1 [1082,31]
[1082,31] 2 [1083,27]
[1083,27] 1 [1084,24]
[1084,24] 1 [1085,26]
[1085,26] 1 [1086,30]
[1086,30] 1 [1087,32]
[1087,32] 1 [1088,36]
[1088,36] 1 [1089,38]
[1089,38] 1 [1090,42]
[1090,42] 1 [1091,46]
[1091,46] 1 [1092,48]
[1092,48] 1 [1093,52]
[1093,52] 1 [1094,54]
[1094,54] 1 [1095,58]
[1095,58] 1 [1096,60]
[1096,60] 1 [1097,62]
[1097,62] 1 [1098,64]
[1098,64] 1 [1099,66]
[1099,66] 1 [1100,68]
[1100,68] 1 [1101,72]
[1101,72] 1 [1102,74]
[1102,74] 1 [1103,78]
[1103,78] 1 [1104,81]
[1104,81] 1 [1105,83]
[1105,83] 1 [1106,86]
[1106,86] 1 [1107,90]
[1107,90] 1 [1108,92]
[1108,92] 1 [1109,95]
[1109,95] 1 [1110,98]
[1110,98] 1 [1111,102]
[1111,102] 1 [1112,105]
[1112,105] 1 [1113,107]
[1113,107] 1 [1114,109]
[1114,109] 1 [1115,111]
[1115,111] 1 [1116,115]
[1116,115] 1 [1117,118]
[1117,118] 1 [1118,122]
[1118,122] 1 [1119,124]
[1119,124] 1 [1120,127]
[1120,127] 1 [1121,130]
[1121,130] 1 [1122,134]
[1122,134] 1 [1123,138]
[1123,138] 1 [1124,140]
[1124,140] 1 [1125,142]
[1125,142] 1 [1126,146]
[1126,146] 1 [1127,149]
[1127,149] 1 [1128,152]
[1128,152] 1 [1129,154]
[1129,154] 1 [1130,157]
[1130,157] 1 [1131,159]
[1131,159] 1 [1132,161]
[1132,161] 1 [1133,165]
[1133,165] 1 [1134,169]
[1134,169] 1 [1135,171]
[1135,171] 1 [1136,173]
[1136,173] 1 [1137,175]
[1137,175] 1 [1138,6]
[1138,6] 1 [1139,6]
[1139,6] 1 [1140,6]
[1140,6] 1 [1141,6]
[1141,6] 1 [1142,6]
[1142,6] 1 [1143,6]
[1143,6] 1 [1144,6]
[1144,6] 1 [1145,6]
[1145,6] 1 [1146,6]
[1146,6] 1 [1147,6]
[1147,6] 1 [1148,8]
[1148,8] 0 [1149,8]
[1149,8] 1 [1150,10]
[1150,10] 0 [1151,10]
[1151,10] 2 [1152,6]
[1152,6] 1 [1153,8]
[1153,8] 1 [1154,10]
[1154,10] 1 [1155,12]
[1155,12] 2 [1156,8]
[1156,8] 1 [1157,11]
[1157,11] 1 [1158,14]
[1158,14] 1 [1159,17]
[1159,17] 2 [1160,15]
[1160,15] 2 [1161,13]
[1161,13] 0 [1162,12]
[1162,12] 2 [1163,8]
[1163,8] 1 [1164,10]
[1164,10] 2 [1165,6]
[1165,6] 1 [1166,8]
[1166,8] 1 [1167,10]
[1167,10] 1 [1168,13]
[1168,13] 1 [1169,16]
[1169,16] 2 [1170,13]
[1170,13] 1 [1171,14]
[1171,14] 1 [1172,16]
[1172,16] 2 [1173,12]
[1173,12] 2 [1174,9]
[1174,9] 1 [1175,11]
[1175,11] 1 [1176,13]
[1176,13] 1 [1177,16]
[1177,16] 1 [1178,18]
[1178,18] 1 [1179,21]
[1179,21] 1 [1180,23]
[1180,23] 1 [1181,26]
[1181,26] 1 [1182,30]
[1182,30] 1 [1183,32]
[1183,32] 1 [1184,35]
[1184,35] 1 [1185,39]
[1185,39] 1 [1186,43]
[1186,43] 1 [1187,47]
[1187,47] 1 [1188,49]
[1188,49] 1 [1189,52]
[1189,52] 1 [1190,55]
[1190,55] 1 [1191,57]
[1191,57] 1 [1192,61]
[1192,61] 1 [1193,63]
[1193,63] 1 [1194,65]
[1194,65] 1 [1195,68]
[1195,68] 1 [1196,71]
[1196,71] 1 [1197,74]
[1197,74] 1 [1198,78]
[1198,78] 1 [1199,81]
[1199,81] 1 [1200,84]
[1200,84] 1 [1201,87]
[1201,87] 1 [1202,91]
[1202,91] 1 [1203,94]
[1203,94] 1 [1204,96]
[1204,96] 1 [1205,100]
[1205,100] 1 [1206,102]
[1206,102] 1 [1207,104]
[1207,104] 1 [1208,106]
[1208,106] 1 [1209,109]
[1209,109] 1 [1210,113]
[1210,113] 1 [1211,116]
[1211,116] 2 [1212,112]
[1212,112] 1 [1213,114]
[1213,114] 1 [1214,117]
[1214,117] 1 [1215,120]
[1215,120] 1 [1216,124]
[1216,124] 1 [1217,128]
[1217,128] 1 [1218,131]
[1218,131] 1 [1219,134]
[1219,134] 2 [1220,132]
[1220,132] 2 [1221,130]
[1221,130] 1 [1222,132]
[1222,132] 1 [1223,134]
[1223,134] 1 [1224,138]
[1224,138] 1 [1225,140]
[1225,140] 1 [1226,142]
[1226,142] 1 [1227,144]
[1227,144] 1 [1228,147]
[1228,147] 1 [1229,150]
[1229,150] 1 [1230,152]
[1230,152] 1 [1231,156]
[1231,156] 1 [1232,159]
[1232,159] 1 [1233,161]
[1233,161] 1 [1234,164]
[1234,164] 1 [1235,168]
[1235,168] 1 [1236,170]
[1236,170] 1 [1237,172]
[1237,172] 1 [1238,176]
[1238,176] 1 [1239,6]
[1239,6] 1 [1240,6]
[1240,6] 1 [1241,6]
[1241,6] 1 [1242,6]
[1242,6] 1 [1243,6]
[1243,6] 1 [1244,6]
[1244,6] 1 [1245,6]
[1245,6] 1 [1246,6]
[1246,6] 1 [1247,6]
[1247,6] 1 [1248,6]
[1248,6] 1 [1249,8]
[1249,8] 1 [1250,12]
[1250,12] 1 [1251,15]
[1251,15] 1 [1252,19]
[1252,19] 1 [1253,23]
[1253,23] 1 [1254,26]
[1254,26] 1 [1255,28]
[1255,28] 1 [1256,32]
[1256,32] 1 [1257,35]
[1257,35] 1 [1258,39]
[1258,39] 1 [1259,42]
[1259,42] 1 [1260,44]
[1260,44] 1 [1261,46]
[1261,46] 1 [1262,48]
[1262,48] 1 [1263,51]
[1263,51] 1 [1264,53]
[1264,53] 1 [1265,56]
[1265,56] 1 [1266,59]
[1266,59] 1 [1267,63]
[1267,63] 1 [1268,66]
[1268,66] 1 [1269,70]
[1269,70] 1 [1270,72]
[1270,72] 1 [1271,75]
[1271,75] 1 [1272,79]
[1272,79] 1 [1273,81]
[1273,81] 1 [1274,83]
[1274,83] 1 [1275,85]
[1275,85] 1 [1276,89]
[1276,89] 1 [1277,91]
[1277,91] 1 [1278,93]
[1278,93] 1 [1279,95]
[1279,95] 1 [1280,99]
[1280,99] 1 [1281,102]
[1281,102] 1 [1282,105]
[1282,105] 1 [1283,108]
[1283,108] 1 [1284,111]
[1284,111] 1 [1285,114]
[1285,114] 1 [1286,118]
[1286,118] 1 [1287,122]
[1287,122] 1 [1288,125]
[1288,125] 1 [1289,129]
[1289,129] 1 [1290,133]
[1290,133] 1 [1291,136]
[1291,136] 1 [1292,138]
[1292,138] 1 [1293,140]
[1293,140] 1 [1294,144]
[1294,144] 1 [1295,146]
[1295,146] 1 [1296,149]
[1296,149] 1 [1297,153]
[1297,153] 1 [1298,156]
[1298,156] 1 [1299,159]
[1299,159] 1 [1300,161]
[1300,161] 1 [1301,163]
[1301,163] 1 [1302,166]
[1302,166] 1 [1303,169]
[1303,169] 1 [1304,173]
[1304,173] 1 [1305,177]
[1305,177] 1 [1306,6]
[1306,6] 1 [1307,6]
[1307,6] 1 [1308,6]
[1308,6] 1 [1309,6]
[1309,6] 1 [1310,6]
[1310,6] 1 [1311,6]
[1311,6] 1 [1312,6]
[1312,6] 1 [1313,6]
[1313,6] 1 [1314,6]
[1314,6] 1 [1315,6]
[1315,6] 1 [1316,6]
[1316,6] 1 [1317,8]
[1317,8] 0 [1318,8]
[1318,8] 2 [1319,6]
[1319,6] 1 [1320,8]
[1320,8] 1 [1321,12]
[1321,12] 1 [1322,14]
[1322,14] 1 [1323,17]
[1323,17] 1 [1324,20]
[1324,20] 1 [1325,23]
[1325,23] 1 [1326,27]
[1326,27] 2 [1327,23]
[1327,23] 1 [1328,26]
[1328,26] 1 [1329,28]
[1329,28] 1 [1330,32]
[1330,32] 1 [1331,36]
[1331,36] 1 [1332,38]
[1332,38] 1 [1333,41]
[1333,41] 1 [1334,44]
[1334,44] 1 [1335,48]
[1335,48] 2 [1336,45]
[1336,45] 1 [1337,49]
[1337,49] 1 [1338,51]
[1338,51] 1 [1339,53]
[1339,53] 1 [1340,56]
[1340,56] 2 [1341,52]
[1341,52] 1 [1342,55]
[1342,55] 2 [1343,52]
[1343,52] 1 [1344,54]
[1344,54] 1 [1345,58]
[1345,58] 1 [1346,62]
[1346,62] 1 [1347,66]
[1347,66] 1 [1348,70]
[1348,70] 1 [1349,73]
[1349,73] 1 [1350,75]
[1350,75] 1 [1351,79]
[1351,79] 1 [1352,81]
[1352,81] 1 [1353,83]
[1353,83] 1 [1354,86]
[1354,86] 1 [1355,88]
[1355,88] 1 [1356,90]
[1356,90] 1 [1357,93]
[1357,93] 1 [1358,96]
[1358,96] 1 [1359,99]
[1359,99] 1 [1360,102]
[1360,102] 1 [1361,106]
[1361,106] 1 [1362,109]
[1362,109] 1 [1363,113]
[1363,113] 1 [1364,116]
[1364,116] 1 [1365,120]
[1365,120] 1 [1366,124]
[1366,124] 1 [1367,128]
[1367,128] 1 [1368,131]
[1368,131] 1 [1369,133]
[1369,133] 1 [1370,137]
[1370,137] 1 [1371,141]
[1371,141] 1 [1372,144]
[1372,144] 1 [1373,148]
[1373,148] 1 [1374,152]
[1374,152] 1 [1375,155]
[1375,155] 1 [1376,157]
[1376,157] 1 [1377,160]
[1377,160] 1 [1378,162]
[1378,162] 1 [1379,166]
[1379,166] 1 [1380,169]
[1380,169] 1 [1381,171]
[1381,171] 1 [1382,174]
[1382,174] 1 [1383,176]
[1383,176] 1 [1384,6]
[1384,6] 1 [1385,6]
[1385,6] 1 [1386,6]
[1386,6] 1 [1387,6]
[1387,6] 1 [1388,6]
[1388,6] 1 [1389,6]
[1389,6] 1 [1390,6]
[1390,6] 1 [1391,6]
[1391,6] 1 [1392,6]
[1392,6] 1 [1393,6]
[1393,6] 1 [1394,7]
[1394,7] 0 [1395,7]
[1395,7] 2 [1396,6]
[1396,6] 1 [1397,9]
[1397,9] 1 [1398,11]
[1398,11] 2 [1399,7]
[1399,7] 1 [1400,7]
[1400,7] 1 [1401,10]
[1401,10] 2 [1402,6]
[1402,6] 1 [1403,8]
[1403,8] 1 [1404,12]
[1404,12] 2 [1405,8]
[1405,8] 1 [1406,11]
[1406,11] 2 [1407,9]
[1407,9] 1 [1408,11]
[1408,11] 2 [1409,11]
[1409,11] 0 [1410,11]
[1410,11] 1 [1411,13]
[1411,13] 2 [1412,10]
[1412,10] 1 [1413,10]
[1413,10] 2 [1414,7]
[1414,7] 1 [1415,8]
[1415,8] 0 [1416,8]
[1416,8] 1 [1417,10]
[1417,10] 2 [1418,6]
[1418,6] 1 [1419,9]
[1419,9] 1 [1420,11]
[1420,11] 0 [1421,11]
[1421,11] 1 [1422,15]
[1422,15] 1 [1423,18]
[1423,18] 1 [1424,20]
[1424,20] 1 [1425,22]
[1425,22] 1 [1426,24]
[1426,24] 1 [1427,26]
[1427,26] 1 [1428,30]
[1428,30] 1 [1429,34]
[1429,34] 1 [1430,36]
[1430,36] 1 [1431,39]
[1431,39] 1 [1432,42]
[1432,42] 1 [1433,45]
[1433,45] 1 [1434,48]
[1434,48] 1 [1435,51]
[1435,51] 1 [1436,53]
[1436,53] 1 [1437,57]
[1437,57] 1 [1438,59]
[1438,59] 1 [1439,63]
[1439,63] 1 [1440,65]
[1440,65] 1 [1441,67]
[1441,67] 1 [1442,70]
[1442,70] 1 [1443,74]
[1443,74] 1 [1444,76]
[1444,76] 1 [1445,79]
[1445,79] 1 [1446,82]
[1446,82] 1 [1447,86]
[1447,86] 1 [1448,90]
[1448,90] 1 [1449,92]
[1449,92] 1 [1450,94]
[1450,94] 1 [1451,97]
[1451,97] 1 [1452,99]
[1452,99] 1 [1453,102]
[1453,102] 1 [1454,105]
[1454,105] 1 [1455,107]
[1455,107] 1 [1456,109]
[1456,109] 1 [1457,111]
[1457,111] 1 [1458,114]
[1458,114] 1 [1459,118]
[1459,118] 1 [1460,121]
[1460,121] 1 [1461,124]
[1461,124] 1 [1462,127]
[1462,127] 1 [1463,131]
[1463,131] 1 [1464,135]
[1464,135] 1 [1465,137]
[1465,137] 1 [1466,141]
[1466,141] 1 [1467,145]
[1467,145] 1 [1468,147]
[1468,147] 1 [1469,150]
[1469,150] 1 [1470,154]
[1470,154] 1 [1471,158]
[1471,158] 1 [1472,161]
[1472,161] 1 [1473,163]
[1473,163] 1 [1474,167]
[1474,167] 1 [1475,170]
[1475,170] 1 [1476,172]
[1476,172] 1 [1477,176]
[1477,176] 1 [1478,6]
[1478,6] 1 [1479,6]
[1479,6] 1 [1480,6]
[1480,6] 1 [1481,6]
[1481,6] 1 [1482,6]
[1482,6] 1 [1483,6]
[1483,6] 1 [1484,6]
[1484,6] 1 [1485,6]
[1485,6] 1 [1486,6]
[1486,6] 1 [1487,7]
[1487,7] 2 [1488,6]
[1488,6] 1 [1489,10]
[1489,10] 1 [1490,13]
[1490,13] 1 [1491,16]
[1491,16] 1 [1492,18]
[1492,18] 1 [1493,20]
[1493,20] 1 [1494,23]
[1494,23] 1 [1495,27]
[1495,27] 1 [1496,29]
[1496,29] 1 [1497,32]
[1497,32] 1 [1498,36]
[1498,36] 1 [1499,39]
[1499,39] 1 [1500,42]
[1500,42] 1 [1501,44]
[1501,44] 1 [1502,48]
[1502,48] 1 [1503,51]
[1503,51] 1 [1504,54]
[1504,54] 1 [1505,58]
[1505,58] 1 [1506,61]
[1506,61] 1 [1507,65]
[1507,65] 1 [1508,68]
[1508,68] 1 [1509,71]
[1509,71] 1 [1510,74]
[1510,74] 1 [1511,76]
[1511,76] 1 [1512,79]
[1512,79] 1 [1513,81]
[1513,81] 1 [1514,85]
[1514,85] 1 [1515,87]
[1515,87] 1 [1516,90]
[1516,90] 1 [1517,92]
[1517,92] 1 [1518,96]
[1518,96] 1 [1519,98]
[1519,98] 1 [1520,102]
[1520,102] 1 [1521,104]
[1521,104] 1 [1522,107]
[1522,107] 1 [1523,109]
[1523,109] 1 [1524,111]
[1524,111] 1 [1525,113]
[1525,113] 1 [1526,117]
[1526,117] 1 [1527,119]
[1527,119] 1 [1528,122]
[1528,122] 1 [1529,124]
[1529,124] 1 [1530,128]
[1530,128] 1 [1531,131]
[1531,131] 1 [1532,133]
[1532,133] 1 [1533,135]
[1533,135] 1 [1534,137]
[1534,137] 1 [1535,140]
[1535,140] 1 [1536,143]
[1536,143] 1 [1537,146]
[1537,146] 1 [1538,149]
[1538,149] 1 [1539,152]
[1539,152] 1 [1540,156]
[1540,156] 1 [1541,160]
[1541,160] 1 [1542,162]
[1542,162] 1 [1543,164]
[1543,164] 1 [1544,167]
[1544,167] 1 [1545,170]
[1545,170] 1 [1546,172]
[1546,172] 1 [1547,175]
[1547,175] 1 [1548,6]
[1548,6] 1 [1549,6]
[1549,6] 1 [1550,6]
[1550,6] 1 [1551,6]
[1551,6] 1 [1552,6]
[1552,6] 1 [1553,6]
[1553,6] 1 [1554,6]
[1554,6] 1 [1555,6]
[1555,6] 1 [1556,6]
[1556,6] 1 [1557,7]
[1557,7] 0 [1558,7]
[1558,7] 1 [1559,9]
[1559,9] 1 [1560,11]
[1560,11] 1 [1561,13]
[1561,13] 1 [1562,16]
[1562,16] 2 [1563,12]
[1563,12] 1 [1564,16]
[1564,16] 1 [1565,19]
[1565,19] 1 [1566,22]
[1566,22] 1 [1567,24]
[1567,24] 1 [1568,26]
[1568,26] 1 [1569,28]
[1569,28] 1 [1570,31]
[1570,31] 1 [1571,35]
[1571,35] 1 [1572,37]
[1572,37] 1 [1573,41]
[1573,41] 1 [1574,43]
[1574,43] 1 [1575,46]
[1575,46] 1 [1576,49]
[1576,49] 1 [1577,51]
[1577,51] 1 [1578,55]
[1578,55] 1 [1579,59]
[1579,59] 1 [1580,62]
[1580,62] 1 [1581,64]
[1581,64] 1 [1582,68]
[1582,68] 1 [1583,71]
[1583,71] 1 [1584,73]
[1584,73] 1 [1585,77]
[1585,77] 1 [1586,80]
[1586,80] 1 [1587,84]
[1587,84] 1 [1588,87]
[1588,87] 1 [1589,91]
[1589,91] 1 [1590,95]
[1590,95] 1 [1591,97]
[1591,97] 1 [1592,99]
[1592,99] 1 [1593,103]
[1593,103] 1 [1594,105]
[1594,105] 1 [1595,109]
[1595,109] 1 [1596,113]
[1596,113] 1 [1597,117]
[1597,117] 1 [1598,120]
[1598,120] 1 [1599,123]
[1599,123] 1 [1600,127]
[1600,127] 1 [1601,129]
[1601,129] 1 [1602,132]
[1602,132] 1 [1603,135]
[1603,135] 1 [1604,139]
[1604,139] 1 [1605,142]
[1605,142] 1 [1606,146]
[1606,146] 1 [1607,150]
[1607,150] 1 [1608,154]
[1608,154] 1 [1609,156]
[1609,156] 1 [1610,160]
[1610,160] 1 [1611,163]
[1611,163] 1 [1612,166]
[1612,166] 1 [1613,169]
[1613,169] 1 [1614,171]
[1614,171] 1 [1615,175]
[1615,175] 1 [1616,6]
[1616,6] 1 [1617,6]
[1617,6] 1 [1618,6]
[1618,6] 1 [1619,6]
[1619,6] 1 [1620,6]
[1620,6] 1 [1621,6]
[1621,6] 1 [1622,6]
[1622,6] 1 [1623,6]
[1623,6] 1 [1624,6]
[1624,6] 1 [1625,6]
[1625,6] 0 [1626,6]
[1626,6] 1 [1627,7]
[1627,7] 1 [1628,9]
[1628,9] 1 [1629,12]
[1629,12] 1 [1630,15]
[1630,15] 2 [1631,11]
[1631,11] 1 [1632,15]
[1632,15] 2 [1633,12]
[1633,12] 1 [1634,15]
[1634,15] 2 [1635,11]
[1635,11] 2 [1636,8]
[1636,8] 1 [1637,8]
[1637,8] 1 [1638,10]
[1638,10] 1 [1639,12]
[1639,12] 2 [1640,8]
[1640,8] 1 [1641,11]
[1641,11] 2 [1642,7]
[1642,7] 1 [1643,10]
[1643,10] 2 [1644,6]
[1644,6] 1 [1645,8]
[1645,8] 1 [1646,10]
[1646,10] 1 [1647,13]
[1647,13] 1 [1648,16]
[1648,16] 2 [1649,13]
[1649,13] 2 [1650,10]
[1650,10] 1 [1651,12]
[1651,12] 1 [1652,16]
[1652,16] 1 [1653,19]
[1653,19] 1 [1654,21]
[1654,21] 1 [1655,25]
[1655,25] 1 [1656,27]
[1656,27] 1 [1657,29]
[1657,29] 1 [1658,33]
[1658,33] 1 [1659,35]
[1659,35] 1 [1660,38]
[1660,38] 1 [1661,40]
[1661,40] 1 [1662,44]
[1662,44] 1 [1663,46]
[1663,46] 1 [1664,50]
[1664,50] 1 [1665,52]
[1665,52] 1 [1666,54]
[1666,54] 1 [1667,58]
[1667,58] 1 [1668,62]
[1668,62] 1 [1669,64]
[1669,64] 1 [1670,67]
[1670,67] 1 [1671,70]
[1671,70] 1 [1672,74]
[1672,74] 1 [1673,76]
[1673,76] 1 [1674,78]
[1674,78] 1 [1675,81]
[1675,81] 1 [1676,84]
[1676,84] 1 [1677,88]
[1677,88] 1 [1678,91]
[1678,91] 1 [1679,95]
[1679,95] 1 [1680,97]
[1680,97] 1 [1681,99]
[1681,99] 1 [1682,101]
[1682,101] 1 [1683,103]
[1683,103] 1 [1684,107]
[1684,107] 1 [1685,109]
[1685,109] 1 [1686,111]
[1686,111] 1 [1687,113]
[1687,113] 1 [1688,115]
[1688,115] 1 [1689,118]
[1689,118] 1 [1690,121]
[1690,121] 1 [1691,123]
[1691,123] 1 [1692,125]
[1692,125] 1 [1693,127]
[1693,127] 1 [1694,131]
[1694,131] 1 [1695,133]
[1695,133] 1 [1696,136]
[1696,136] 1 [1697,139]
[1697,139] 1 [1698,143]
[1698,143] 1 [1699,145]
[1699,145] 1 [1700,149]
[1700,149] 1 [1701,151]
[1701,151] 1 [1702,153]
[1702,153] 1 [1703,157]
[1703,157] 1 [1704,161]
[1704,161] 1 [1705,164]
[1705,164] 1 [1706,168]
[1706,168] 1 [1707,172]
[1707,172] 1 [1708,174]
[1708,174] 1 [1709,177]
[1709,177] 1 [1710,6]
[1710,6] 1 [1711,6]
[1711,6] 1 [1712,6]
[1712,6] 1 [1713,6]
[1713,6] 1 [1714,6]
[1714,6] 1 [1715,6]
[1715,6] 1 [1716,6]
[1716,6] 1 [1717,6]
[1717,6] 1 [1718,6]
[1718,6] 1 [1719,8]
[1719,8] 1 [1720,11]
[1720,11] 2 [1721,8]
[1721,8] 1 [1722,10]
[1722,10] 1 [1723,12]
[1723,12] 1 [1724,15]
[1724,15] 1 [1725,18]
[1725,18] 1 [1726,22]
[1726,22] 1 [1727,26]
[1727,26] 1 [1728,29]
[1728,29] 1 [1729,31]
[1729,31] 2 [1730,27]
[1730,27] 2 [1731,23]
[1731,23] 2 [1732,20]
[1732,20] 1 [1733,22]
[1733,22] 1 [1734,26]
[1734,26] 1 [1735,30]
[1735,30] 1 [1736,34]
[1736,34] 1 [1737,36]
[1737,36] 1 [1738,39]
[1738,39] 1 [1739,43]
[1739,43] 1 [1740,45]
[1740,45] 1 [1741,48]
[1741,48] 1 [1742,52]
[1742,52] 1 [1743,55]
[1743,55] 1 [1744,58]
[1744,58] 1 [1745,60]
[1745,60] 1 [1746,62]
[1746,62] 1 [1747,65]
[1747,65] 1 [1748,67]
[1748,67] 1 [1749,69]
[1749,69] 1 [1750,71]
[1750,71] 1 [1751,73]
[1751,73] 1 [1752,75]
[1752,75] 1 [1753,78]
[1753,78] 1 [1754,80]
[1754,80] 1 [1755,84]
[1755,84] 1 [1756,87]
[1756,87] 1 [1757,90]
[1757,90] 1 [1758,92]
[1758,92] 1 [1759,95]
[1759,95] 1 [1760,99]
[1760,99] 1 [1761,101]
[1761,101] 1 [1762,103]
[1762,103] 1 [1763,105]
[1763,105] 1 [1764,109]
[1764,109] 1 [1765,111]
[1765,111] 1 [1766,115]
[1766,115] 1 [1767,118]
[1767,118] 1 [1768,122]
[1768,122] 1 [1769,126]
[1769,126] 1 [1770,128]
[1770,128] 1 [1771,131]
[1771,131] 1 [1772,133]
[1772,133] 1 [1773,137]
[1773,137] 1 [1774,141]
[1774,141] 1 [1775,144]
[1775,144] 1 [1776,148]
[1776,148] 1 [1777,151]
[1777,151] 1 [1778,153]
[1778,153] 1 [1779,155]
[1779,155] 1 [1780,157]
[1780,157] 1 [1781,159]
[1781,159] 1 [1782,161]
[1782,161] 1 [1783,163]
[1783,163] 1 [1784,165]
[1784,165] 1 [1785,167]
[1785,167] 1 [1786,170]
[1786,170] 1 [1787,172]
[1787,172] 1 [1788,176]
[1788,176] 1 [1789,6]
[1789,6] 1 [1790,6]
[1790,6] 1 [1791,6]
[1791,6] 1 [1792,6]
[1792,6] 1 [1793,6]
[1793,6] 1 [1794,6]
[1794,6] 1 [1795,6]
[1795,6] 1 [1796,6]
[1796,6] 1 [1797,6]
[1797,6] 1 [1798,6]
[1798,6] 1 [1799,7]
[1799,7] 1 [1800,11]
[1800,11] 0 [1801,11]
[1801,11] 1 [1802,14]
[1802,14] 1 [1803,16]
[1803,16] 1 [1804,19]
[1804,19] 2 [1805,15]
[1805,15] 2 [1806,12]
[1806,12] 1 [1807,14]
[1807,14] 1 [1808,17]
[1808,17] 2 [1809,13]
[1809,13] 2 [1810,9]
[1810,9] 1 [1811,11]
[1811,11] 1 [1812,15]
[1812,15] 2 [1813,11]
[1813,11] 2 [1814,7]
[1814,7] 1 [1815,9]
[1815,9] 1 [1816,12]
[1816,12] 1 [1817,16]
[1817,16] 1 [1818,20]
[1818,20] 2 [1819,16]
[1819,16] 2 [1820,13]
[1820,13] 1 [1821,15]
[1821,15] 2 [1822,11]
[1822,11] 1 [1823,13]
[1823,13] 1 [1824,17]
[1824,17] 1 [1825,19]
[1825,19] 1 [1826,23]
[1826,23] 1 [1827,26]
[1827,26] 1 [1828,28]
[1828,28] 1 [1829,31]
[1829,31] 1 [1830,33]
[1830,33] 1 [1831,37]
[1831,37] 1 [1832,40]
[1832,40] 1 [1833,44]
[1833,44] 1 [1834,48]
[1834,48] 1 [1835,50]
[1835,50] 1 [1836,53]
[1836,53] 1 [1837,57]
[1837,57] 1 [1838,59]
[1838,59] 1 [1839,61]
[1839,61] 1 [1840,64]
[1840,64] 1 [1841,66]
[1841,66] 1 [1842,70]
[1842,70] 1 [1843,74]
[1843,74] 1 [1844,78]
[1844,78] 1 [1845,80]
[1845,80] 1 [1846,83]
[1846,83] 1 [1847,85]
[1847,85] 1 [1848,88]
[1848,88] 1 [1849,92]
[1849,92] 1 [1850,94]
[1850,94] 1 [1851,97]
[1851,97] 1 [1852,99]
[1852,99] 1 [1853,101]
[1853,101] 1 [1854,105]
[1854,105] 1 [1855,107]
[1855,107] 1 [1856,111]
[1856,111] 1 [1857,114]
[1857,114] 2 [1858,110]
[1858,110] 1 [1859,112]
[1859,112] 1 [1860,115]
[1860,115] 2 [1861,113]
[1861,113] 2 [1862,109]
[1862,109] 1 [1863,109]
[1863,109] 1 [1864,113]
[1864,113] 1 [1865,117]
[1865,117] 1 [1866,120]
[1866,120] 1 [1867,124]
[1867,124] 1 [1868,128]
[1868,128] 1 [1869,131]
[1869,131] 1 [1870,135]
[1870,135] 1 [1871,138]
[1871,138] 1 [1872,140]
[1872,140] 1 [1873,142]
[1873,142] 1 [1874,146]
[1874,146] 1 [1875,148]
[1875,148] 1 [1876,152]
[1876,152] 1 [1877,156]
[1877,156] 1 [1878,158]
[1878,158] 1 [1879,162]
[1879,162] 1 [1880,165]
[1880,165] 1 [1881,168]
[1881,168] 1 [1882,171]
[1882,171] 1 [1883,175]
[1883,175] 1 [1884,177]
[1884,177] 1 [1885,6]
[1885,6] 1 [1886,6]
[1886,6] 1 [1887,6]
[1887,6] 1 [1888,6]
[1888,6] 1 [1889,6]
[1889,6] 1 [1890,6]
[1890,6] 1 [1891,6]
[1891,6] 1 [1892,6]
[1892,6] 1 [1893,6]
[1893,6] 1 [1894,7]
[1894,7] 1 [1895,9]
[1895,9] 1 [1896,13]
[1896,13] 1 [1897,15]
[1897,15] 1 [1898,18]
[1898,18] 1 [1899,20]
[1899,20] 1 [1900,23]
[1900,23] 1 [1901,26]
[1901,26] 1 [1902,28]
[1902,28] 1 [1903,30]
[1903,30] 1 [1904,33]
[1904,33] 1 [1905,37]
[1905,37] 1 [1906,39]
[1906,39] 1 [1907,42]
[1907,42] 1 [1908,46]
[1908,46] 1 [1909,50]
[1909,50] 1 [1910,52]
[1910,52] 1 [1911,54]
[1911,54] 1 [1912,57]
[1912,57] 1 [1913,60]
[1913,60] 1 [1914,62]
[1914,62] 1 [1915,64]
[1915,64] 1 [1916,67]
[1916,67] 1 [1917,70]
[1917,70] 1 [1918,73]
[1918,73] 1 [1919,76]
[1919,76] 1 [1920,78]
[1920,78] 1 [1921,80]
[1921,80] 1 [1922,83]
[1922,83] 1 [1923,86]
[1923,86] 1 [1924,88]
[1924,88] 1 [1925,90]
[1925,90] 1 [1926,94]
[1926,94] 1 [1927,98]
[1927,98] 1 [1928,102]
[1928,102] 1 [1929,105]
[1929,105] 1 [1930,108]
[1930,108] 1 [1931,110]
[1931,110] 1 [1932,114]
[1932,114] 1 [1933,117]
[1933,117] 1 [1934,121]
[1934,121] 1 [1935,123]
[1935,123] 1 [1936,125]
[1936,125] 1 [1937,127]
[1937,127] 1 [1938,130]
[1938,130] 1 [1939,134]
[1939,134] 1 [1940,137]
[1940,137] 1 [1941,139]
[1941,139] 1 [1942,143]
[1942,143] 1 [1943,146]
[1943,146] 1 [1944,150]
[1944,150] 1 [1945,153]
[1945,153] 1 [1946,157]
[1946,157] 1 [1947,161]
[1947,161] 1 [1948,163]
[1948,163] 1 [1949,167]
[1949,167] 1 [1950,169]
[1950,169] 1 [1951,171]
[1951,171] 1 [1952,174]
[1952,174] 1 [1953,176]
[1953,176] 1 [1954,6]
[1954,6] 1 [1955,6]
[1955,6] 1 [1956,6]
[1956,6] 1 [1957,6]
[1957,6] 1 [1958,6]
[1958,6] 1 [1959,6]
[1959,6] 1 [1960,6]
[1960,6] 1 [1961,6]
[1961,6] 1 [1962,6]
[1962,6] 0 [1963,6]
[1963,6] 1 [1964,10]
[1964,10] 0 [1965,11]
[1965,11] 2 [1966,7]
[1966,7] 1 [1967,9]
[1967,9] 1 [1968,13]
[1968,13] 1 [1969,15]
[1969,15] 1 [1970,19]
[1970,19] 1 [1971,22]
[1971,22] 1 [1972,24]
[1972,24] 1 [1973,26]
[1973,26] 1 [1974,28]
[1974,28] 1 [1975,31]
[1975,31] 1 [1976,35]
[1976,35] 1 [1977,39]
[1977,39] 1 [1978,41]
[1978,41] 1 [1979,43]
[1979,43] 1 [1980,47]
[1980,47] 2 [1981,45]
[1981,45] 1 [1982,49]
[1982,49] 0 [1983,49]
[1983,49] 1 [1984,52]
[1984,52] 2 [1985,52]
[1985,52] 1 [1986,52]
[1986,52] 2 [1987,51]
[1987,51] 2 [1988,48]
[1988,48] 1 [1989,50]
[1989,50] 1 [1990,52]
[1990,52] 1 [1991,54]
[1991,54] 1 [1992,57]
[1992,57] 1 [1993,60]
[1993,60] 1 [1994,64]
[1994,64] 1 [1995,68]
[1995,68] 1 [1996,71]
[1996,71] 1 [1997,73]
[1997,73] 1 [1998,76]
[1998,76] 1 [1999,78]
[1999,78] 1 [2000,81]
[2000,81] 1 [2001,84]
[2001,84] 1 [2002,87]
[2002,87] 1 [2003,89]
[2003,89] 1 [2004,91]
[2004,91] 1 [2005,94]
[2005,94] 1 [2006,97]
[2006,97] 1 [2007,101]
[2007,101] 1 [2008,103]
[2008,103] 1 [2009,105]
[2009,105] 1 [2010,107]
[2010,107] 1 [2011,111]
[2011,111] 1 [2012,115]
[2012,115] 1 [2013,118]
[2013,118] 1 [2014,121]
[2014,121] 1 [2015,123]
[2015,123] 1 [2016,125]
[2016,125] 1 [2017,127]
[2017,127] 1 [2018,131]
[2018,131] 1 [2019,133]
[2019,133] 1 [2020,136]
[2020,136] 1 [2021,139]
[2021,139] 1 [2022,143]
[2022,143] 1 [2023,147]
[2023,147] 1 [2024,151]
[2024,151] 1 [2025,155]
[2025,155] 1 [2026,158]
[2026,158] 1 [2027,160]
[2027,160] 1 [2028,163]
[2028,163] 1 [2029,166]
[2029,166] 1 [2030,168]
[2030,168] 1 [2031,171]
[2031,171] 1 [2032,173]
[2032,173] 1 [2033,175]
[2033,175] 1 [2034,6]
[2034,6] 1 [2035,6]
[2035,6] 1 [2036,6]
[2036,6] 1 [2037,6]
[2037,6] 1 [2038,6]
[2038,6] 1 [2039,6]
[2039,6] 1 [2040,6]
[2040,6] 1 [2041,6]
[2041,6] 1 [2042,6]
[2042,6] 1 [2043,6]
[2043,6] 1 [2044,6]
[2044,6] 1 [2045,6]
[2045,6] 1 [2046,8]
[2046,8] 0 [2047,8]
[2047,8] 1 [2048,12]
[2048,12] 1 [2049,14]
[2049,14] 1 [2050,17]
[2050,17] 1 [2051,19]
[2051,19] 1 [2052,21]
[2052,21] 2 [2053,17]
[2053,17] 2 [2054,13]
[2054,13] 1 [2055,15]
[2055,15] 1 [2056,17]
[2056,17] 1 [2057,19]
[2057,19] 2 [2058,15]
[2058,15] 1 [2059,17]
[2059,17] 1 [2060,20]
[2060,20] 1 [2061,24]
[2061,24] 1 [2062,26]
[2062,26] 1 [2063,28]
[2063,28] 1 [2064,30]
[2064,30] 1 [2065,33]
[2065,33] 1 [2066,37]
[2066,37] 1 [2067,40]
[2067,40] 1 [2068,42]
[2068,42] 1 [2069,45]
[2069,45] 1 [2070,47]
[2070,47] 1 [2071,49]
[2071,49] 1 [2072,51]
[2072,51] 1 [2073,54]
[2073,54] 1 [2074,58]
[2074,58] 1 [2075,60]
[2075,60] 1 [2076,62]
[2076,62] 1 [2077,65]
[2077,65] 1 [2078,67]
[2078,67] 1 [2079,71]
[2079,71] 1 [2080,75]
[2080,75] 1 [2081,77]
[2081,77] 1 [2082,79]
[2082,79] 1 [2083,82]
[2083,82] 1 [2084,85]
[2084,85] 1 [2085,88]
[2085,88] 1 [2086,90]
[2086,90] 1 [2087,94]
[2087,94] 1 [2088,98]
[2088,98] 1 [2089,101]
[2089,101] 1 [2090,105]
[2090,105] 1 [2091,107]
[2091,107] 1 [2092,111]
[2092,111] 1 [2093,114]
[2093,114] 1 [2094,118]
[2094,118] 1 [2095,122]
[2095,122] 1 [2096,125]
[2096,125] 1 [2097,127]
[2097,127] 1 [2098,130]
[2098,130] 1 [2099,134]
[2099,134] 1 [2100,137]
[2100,137] 1 [2101,139]
[2101,139] 1 [2102,142]
[2102,142] 1 [2103,145]
[2103,145] 1 [2104,149]
[2104,149] 1 [2105,152]
[2105,152] 1 [2106,156]
[2106,156] 1 [2107,158]
[2107,158] 1 [2108,160]
[2108,160] 1 [2109,162]
[2109,162] 1 [2110,165]
[2110,165] 1 [2111,169]
[2111,169] 1 [2112,173]
[2112,173] 1 [2113,175]
[2113,175] 1 [2114,177]
[2114,177] 1 [2115,6]
[2115,6] 1 [2116,6]
[2116,6] 1 [2117,6]
[2117,6] 1 [2118,6]
[2118,6] 1 [2119,6]
[2119,6] 1 [2120,6]
[2120,6] 1 [2121,6]
[2121,6] 1 [2122,6]
[2122,6] 1 [2123,6]
[2123,6] 1 [2124,6]
[2124,6] 0 [2125,6]
[2125,6] 1 [2126,10]
[2126,10] 1 [2127,12]
[2127,12] 1 [2128,15]
[2128,15] 0 [2129,16]
[2129,16] 2 [2130,13]
[2130,13] 1 [2131,12]
[2131,12] 1 [2132,16]
[2132,16] 1 [2133,19]
[2133,19] 1 [2134,22]
[2134,22] 2 [2135,18]
[2135,18] 2 [2136,14]
[2136,14] 2 [2137,10]
[2137,10] 2 [2138,6]
[2138,6] 1 [2139,8]
[2139,8] 1 [2140,11]
[2140,11] 1 [2141,13]
[2141,13] 1 [2142,17]
[2142,17] 1 [2143,21]
[2143,21] 1 [2144,24]
[2144,24] 2 [2145,21]
[2145,21] 1 [2146,23]
[2146,23] 1 [2147,26]
[2147,26] 1 [2148,30]
[2148,30] 1 [2149,32]
[2149,32] 1 [2150,34]
[2150,34] 1 [2151,38]
[2151,38] 1 [2152,41]
[2152,41] 1 [2153,43]
[2153,43] 1 [2154,45]
[2154,45] 1 [2155,49]
[2155,49] 1 [2156,52]
[2156,52] 1 [2157,55]
[2157,55] 1 [2158,58]
[2158,58] 1 [2159,60]
[2159,60] 1 [2160,64]
[2160,64] 1 [2161,68]
[2161,68] 1 [2162,72]
[2162,72] 1 [2163,74]
[2163,74] 1 [2164,76]
[2164,76] 1 [2165,79]
[2165,79] 1 [2166,82]
[2166,82] 1 [2167,85]
[2167,85] 1 [2168,87]
[2168,87] 1 [2169,91]
[2169,91] 1 [2170,93]
[2170,93] 1 [2171,97]
[2171,97] 1 [2172,100]
[2172,100] 1 [2173,102]
[2173,102] 1 [2174,104]
[2174,104] 1 [2175,106]
[2175,106] 1 [2176,109]
[2176,109] 1 [2177,113]
[2177,113] 1 [2178,116]
[2178,116] 1 [2179,120]
[2179,120] 1 [2180,124]
[2180,124] 1 [2181,126]
[2181,126] 1 [2182,130]
[2182,130] 1 [2183,132]
[2183,132] 1 [2184,134]
[2184,134] 1 [2185,138]
[2185,138] 1 [2186,140]
[2186,140] 1 [2187,142]
[2187,142] 1 [2188,144]
[2188,144] 1 [2189,147]
[2189,147] 1 [2190,149]
[2190,149] 1 [2191,151]
[2191,151] 1 [2192,155]
[2192,155] 1 [2193,159]
[2193,159] 1 [2194,161]
[2194,161] 1 [2195,163]
[2195,163] 1 [2196,165]
[2196,165] 1 [2197,168]
[2197,168] 1 [2198,170]
[2198,170] 1 [2199,173]
[2199,173] 1 [2200,176]
[2200,176] 1 [2201,6]
[2201,6] 1 [2202,6]
[2202,6] 1 [2203,6]
[2203,6] 1 [2204,6]
[2204,6] 1 [2205,6]
[2205,6] 1 [2206,6]
[2206,6] 1 [2207,6]
[2207,6] 1 [2208,6]
[2208,6] 1 [2209,6]
[2209,6] 1 [2210,6]
[2210,6] 1 [2211,6]
[2211,6] 1 [2212,9]
[2212,9] 2 [2213,6]
[2213,6] 1 [2214,8]
[2214,8] 1 [2215,12]
[2215,12] 0 [2216,13]
[2216,13] 2 [2217,9]
[2217,9] 1 [2218,11]
[2218,11] 2 [2219,9]
[2219,9] 1 [2220,9]
[2220,9] 1 [2221,13]
[2221,13] 2 [2222,9]
[2222,9] 1 [2223,11]
[2223,11] 2 [2224,9]
[2224,9] 1 [2225,10]
[2225,10] 1 [2226,12]
[2226,12] 2 [2227,9]
[2227,9] 1 [2228,12]
[2228,12] 2 [2229,11]
[2229,11] 1 [2230,13]
[2230,13] 2 [2231,9]
[2231,9] 2 [2232,6]
[2232,6] 1 [2233,9]
[2233,9] 2 [2234,7]
[2234,7] 0 [2235,7]
[2235,7] 1 [2236,10]
[2236,10] 1 [2237,14]
[2237,14] 1 [2238,17]
[2238,17] 1 [2239,21]
[2239,21] 1 [2240,24]
[2240,24] 1 [2241,28]
[2241,28] 1 [2242,30]
[2242,30] 1 [2243,33]
[2243,33] 1 [2244,37]
[2244,37] 1 [2245,39]
[2245,39] 1 [2246,42]
[2246,42] 1 [2247,44]
[2247,44] 1 [2248,46]
[2248,46] 1 [2249,50]
[2249,50] 1 [2250,54]
[2250,54] 1 [2251,56]
[2251,56] 1 [2252,60]
[2252,60] 1 [2253,63]
[2253,63] 1 [2254,67]
[2254,67] 1 [2255,70]
[2255,70] 1 [2256,73]
[2256,73] 1 [2257,75]
[2257,75] 1 [2258,77]
[2258,77] 1 [2259,80]
[2259,80] 1 [2260,84]
[2260,84] 1 [2261,87]
[2261,87] 1 [2262,89]
[2262,89] 1 [2263,92]
[2263,92] 1 [2264,95]
[2264,95] 1 [2265,99]
[2265,99] 1 [2266,103]
[2266,103] 1 [2267,105]
[2267,105] 1 [2268,109]
[2268,109] 1 [2269,113]
[2269,113] 1 [2270,116]
[2270,116] 1 [2271,118]
[2271,118] 1 [2272,122]
[2272,122] 1 [2273,125]
[2273,125] 1 [2274,127]
[2274,127] 1 [2275,129]
[2275,129] 1 [2276,131]
[2276,131] 1 [2277,134]
[2277,134] 1 [2278,136]
[2278,136] 1 [2279,140]
[2279,140] 1 [2280,142]
[2280,142] 1 [2281,144]
[2281,144] 1 [2282,148]
[2282,148] 1 [2283,151]
[2283,151] 1 [2284,154]
[2284,154] 1 [2285,157]
[2285,157] 1 [2286,159]
[2286,159] 1 [2287,163]
[2287,163] 1 [2288,166]
[2288,166] 1 [2289,168]
[2289,168] 1 [2290,170]
[2290,170] 1 [2291,172]
[2291,172] 1 [2292,175]
[2292,175] 1 [2293,6]
[2293,6] 1 [2294,6]
[2294,6] 1 [2295,6]
[2295,6] 1 [2296,6]
[2296,6] 1 [2297,6]
[2297,6] 1 [2298,6]
[2298,6] 1 [2299,6]
[2299,6] 1 [2300,6]
[2300,6] 1 [2301,6]
[2301,6] 1 [2302,7]
[2302,7] 1 [2303,11]
[2303,11] 1 [2304,15]
[2304,15] 2 [2305,12]
[2305,12] 1 [2306,15]
[2306,15] 1 [2307,19]
[2307,19] 1 [2308,23]
[2308,23] 1 [2309,26]
[2309,26] 1 [2310,30]
[2310,30] 1 [2311,34]
[2311,34] 1 [2312,38]
[2312,38] 1 [2313,40]
[2313,40] 1 [2314,43]
[2314,43] 1 [2315,46]
[2315,46] 1 [2316,49]
[2316,49] 1 [2317,52]
[2317,52] 1 [2318,56]
[2318,56] 1 [2319,58]
[2319,58] 1 [2320,62]
[2320,62] 1 [2321,66]
[2321,66] 1 [2322,70]
[2322,70] 1 [2323,72]
[2323,72] 1 [2324,75]
[2324,75] 1 [2325,78]
[2325,78] 1 [2326,82]
[2326,82] 1 [2327,84]
[2327,84] 1 [2328,87]
[2328,87] 1 [2329,91]
[2329,91] 1 [2330,94]
[2330,94] 1 [2331,98]
[2331,98] 1 [2332,102]
[2332,102] 1 [2333,106]
[2333,106] 1 [2334,108]
[2334,108] 1 [2335,110]
[2335,110] 1 [2336,113]
[2336,113] 1 [2337,116]
[2337,116] 1 [2338,120]
[2338,120] 1 [2339,122]
[2339,122] 1 [2340,126]
[2340,126] 1 [2341,129]
[2341,129] 1 [2342,133]
[2342,133] 1 [2343,137]
[2343,137] 1 [2344,139]
[2344,139] 1 [2345,141]
[2345,141] 1 [2346,145]
[2346,145] 1 [2347,148]
[2347,148] 1 [2348,152]
[2348,152] 1 [2349,155]
[2349,155] 1 [2350,158]
[2350,158] 1 [2351,160]
[2351,160] 1 [2352,164]
[2352,164] 1 [2353,167]
[2353,167] 1 [2354,171]
[2354,171] 1 [2355,175]
[2355,175] 1 [2356,6]
[2356,6] 1 [2357,6]
[2357,6] 1 [2358,6]
[2358,6] 1 [2359,6]
[2359,6] 1 [2360,6]
[2360,6] 1 [2361,6]
[2361,6] 1 [2362,6]
[2362,6] 1 [2363,6]
[2363,6] 1 [2364,6]
[2364,6] 1 [2365,6]
[2365,6] 1 [2366,7]
[2366,7] 0 [2367,8]
[2367,8] 1 [2368,11]
[2368,11] 2 [2369,9]
[2369,9] 1 [2370,11]
[2370,11] 1 [2371,15]
[2371,15] 2 [2372,11]
[2372,11] 1 [2373,13]
[2373,13] 1 [2374,16]
[2374,16] 1 [2375,19]
[2375,19] 1 [2376,23]
[2376,23] 2 [2377,19]
[2377,19] 2 [2378,16]
[2378,16] 1 [2379,18]
[2379,18] 1 [2380,21]
[2380,21] 1 [2381,24]
[2381,24] 1 [2382,27]
[2382,27] 1 [2383,31]
[2383,31] 1 [2384,34]
[2384,34] 1 [2385,38]
[2385,38] 1 [2386,41]
[2386,41] 1 [2387,43]
[2387,43] 1 [2388,47]
[2388,47] 1 [2389,51]
[2389,51] 1 [2390,54]
[2390,54] 1 [2391,57]
[2391,57] 1 [2392,60]
[2392,60] 1 [2393,62]
[2393,62] 1 [2394,66]
[2394,66] 1 [2395,69]
[2395,69] 1 [2396,73]
[2396,73] 1 [2397,76]
[2397,76] 1 [2398,80]
[2398,80] 1 [2399,83]
[2399,83] 1 [2400,87]
[2400,87] 1 [2401,91]
[2401,91] 1 [2402,94]
[2402,94] 1 [2403,98]
[2403,98] 1 [2404,100]
[2404,100] 1 [2405,103]
[2405,103] 1 [2406,106]
[2406,106] 1 [2407,109]
[2407,109] 1 [2408,111]
[2408,111] 1 [2409,115]
[2409,115] 1 [2410,119]
[2410,119] 1 [2411,123]
[2411,123] 1 [2412,126]
[2412,126] 1 [2413,130]
[2413,130] 1 [2414,133]
[2414,133] 1 [2415,136]
[2415,136] 1 [2416,140]
[2416,140] 1 [2417,144]
[2417,144] 1 [2418,148]
[2418,148] 1 [2419,151]
[2419,151] 1 [2420,154]
[2420,154] 1 [2421,157]
[2421,157] 1 [2422,159]
[2422,159] 1 [2423,162]
[2423,162] 1 [2424,166]
[2424,166] 1 [2425,170]
[2425,170] 1 [2426,174]
[2426,174] 1 [2427,177]
[2427,177] 1 [2428,6]
[2428,6] 1 [2429,6]
[2429,6] 1 [2430,6]
[2430,6] 1 [2431,6]
[2431,6] 1 [2432,6]
[2432,6] 1 [2433,6]
[2433,6] 1 [2434,6]
[2434,6] 1 [2435,6]
[2435,6] 1 [2436,6]
[2436,6] 1 [2437,6]
[2437,6] 1 [2438,6]
[2438,6] 1 [2439,7]
[2439,7] 0 [2440,7]
[2440,7] 2 [2441,6]
[2441,6] 1 [2442,8]
[2442,8] 1 [2443,10]
[2443,10] 1 [2444,13]
[2444,13] 2 [2445,10]
[2445,10] 1 [2446,12]
[2446,12] 1 [2447,14]
[2447,14] 1 [2448,18]
[2448,18] 1 [2449,22]
[2449,22] 2 [2450,19]
[2450,19] 2 [2451,15]
[2451,15] 2 [2452,11]
[2452,11] 2 [2453,8]
[2453,8] 1 [2454,9]
[2454,9] 1 [2455,12]
[2455,12] 2 [2456,8]
[2456,8] 1 [2457,10]
[2457,10] 1 [2458,12]
[2458,12] 1 [2459,14]
[2459,14] 1 [2460,17]
[2460,17] 1 [2461,20]
[2461,20] 2 [2462,17]
[2462,17] 1 [2463,15]
[2463,15] 1 [2464,19]
[2464,19] 2 [2465,16]
[2465,16] 1 [2466,18]
[2466,18] 1 [2467,20]
[2467,20] 1 [2468,24]
[2468,24] 1 [2469,26]
[2469,26] 1 [2470,30]
[2470,30] 1 [2471,33]
[2471,33] 1 [2472,37]
[2472,37] 1 [2473,41]
[2473,41] 1 [2474,44]
[2474,44] 1 [2475,47]
[2475,47] 1 [2476,50]
[2476,50] 1 [2477,54]
[2477,54] 1 [2478,57]
[2478,57] 1 [2479,60]
[2479,60] 1 [2480,62]
[2480,62] 1 [2481,65]
[2481,65] 1 [2482,69]
[2482,69] 1 [2483,71]
[2483,71] 1 [2484,73]
[2484,73] 1 [2485,76]
[2485,76] 1 [2486,79]
[2486,79] 1 [2487,83]
[2487,83] 1 [2488,86]
[2488,86] 1 [2489,90]
[2489,90] 1 [2490,94]
[2490,94] 1 [2491,98]
[2491,98] 1 [2492,101]
[2492,101] 1 [2493,103]
[2493,103] 1 [2494,106]
[2494,106] 1 [2495,110]
[2495,110] 1 [2496,112]
[2496,112] 1 [2497,116]
[2497,116] 1 [2498,118]
[2498,118] 2 [2499,115]
[2499,115] 2 [2500,111]
[2500,111] 2 [2501,108]
[2501,108] 1 [2502,111]
[2502,111] 1 [2503,113]
[2503,113] 1 [2504,117]
[2504,117] 1 [2505,120]
[2505,120] 1 [2506,124]
[2506,124] 1 [2507,126]
[2507,126] 1 [2508,130]
[2508,130] 1 [2509,133]
[2509,133] 1 [2510,135]
[2510,135] 1 [2511,139]
[2511,139] 1 [2512,141]
[2512,141] 1 [2513,144]
[2513,144] 1 [2514,147]
[2514,147] 1 [2515,150]
[2515,150] 1 [2516,154]
[2516,154] 1 [2517,158]
[2517,158] 1 [2518,162]
[2518,162] 1 [2519,166]
[2519,166] 1 [2520,168]
[2520,168] 1 [2521,170]
[2521,170] 1 [2522,173]
[2522,173] 1 [2523,175]
[2523,175] 1 [2524,6]
[2524,6] 1 [2525,6]
[2525,6] 1 [2526,6]
[2526,6] 1 [2527,6]
[2527,6] 1 [2528,6]
[2528,6] 1 [2529,6]
[2529,6] 1 [2530,6]
[2530,6] 1 [2531,6]
[2531,6] 1 [2532,6]
[2532,6] 1 [2533,6]
[2533,6] 1 [2534,8]
[2534,8] 1 [2535,10]
[2535,10] 1 [2536,12]
[2536,12] 1 [2537,15]
[2537,15] 0 [2538,15]
[2538,15] 0 [2539,15]
[2539,15] 2 [2540,11]
[2540,11] 1 [2541,12]
[2541,12] 1 [2542,15]
[2542,15] 1 [2543,18]
[2543,18] 1 [2544,21]
[2544,21] 2 [2545,17]
[2545,17] 1 [2546,19]
[2546,19] 1 [2547,23]
[2547,23] 2 [2548,19]
[2548,19] 1 [2549,20]
[2549,20] 2 [2550,17]
[2550,17] 1 [2551,15]
[2551,15] 1 [2552,17]
[2552,17] 1 [2553,20]
[2553,20] 2 [2554,18]
[2554,18] 1 [2555,20]
[2555,20] 1 [2556,22]
[2556,22] 1 [2557,24]
[2557,24] 1 [2558,26]
[2558,26] 1 [2559,28]
[2559,28] 1 [2560,32]
[2560,32] 1 [2561,35]
[2561,35] 1 [2562,37]
[2562,37] 1 [2563,41]
[2563,41] 1 [2564,44]
[2564,44] 1 [2565,46]
[2565,46] 1 [2566,48]
[2566,48] 1 [2567,50]
[2567,50] 1 [2568,52]
[2568,52] 1 [2569,56]
[2569,56] 1 [2570,59]
[2570,59] 1 [2571,63]
[2571,63] 1 [2572,66]
[2572,66] 1 [2573,69]
[2573,69] 1 [2574,72]
[2574,72] 1 [2575,74]
[2575,74] 1 [2576,77]
[2576,77] 1 [2577,80]
[2577,80] 1 [2578,83]
[2578,83] 1 [2579,87]
[2579,87] 1 [2580,89]
[2580,89] 1 [2581,93]
[2581,93] 1 [2582,95]
[2582,95] 1 [2583,98]
[2583,98] 1 [2584,102]
[2584,102] 1 [2585,105]
[2585,105] 2 [2586,101]
[2586,101] 1 [2587,103]
[2587,103] 1 [2588,105]
[2588,105] 1 [2589,108]
[2589,108] 1 [2590,112]
[2590,112] 1 [2591,115]
[2591,115] 2 [2592,111]
[2592,111] 1 [2593,114]
[2593,114] 1 [2594,117]
[2594,117] 1 [2595,121]
[2595,121] 1 [2596,125]
[2596,125] 1 [2597,129]
[2597,129] 1 [2598,132]
[2598,132] 1 [2599,135]
[2599,135] 1 [2600,139]
[2600,139] 1 [2601,142]
[2601,142] 1 [2602,145]
[2602,145] 1 [2603,149]
[2603,149] 1 [2604,152]
[2604,152] 1 [2605,155]
[2605,155] 1 [2606,158]
[2606,158] 1 [2607,160]
[2607,160] 1 [2608,164]
[2608,164] 1 [2609,166]
[2609,166] 1 [2610,168]
[2610,168] 1 [2611,172]
[2611,172] 1 [2612,176]
[2612,176] 1 [2613,6]
[2613,6] 1 [2614,6]
[2614,6] 1 [2615,6]
[2615,6] 1 [2616,6]
[2616,6] 1 [2617,6]
[2617,6] 1 [2618,6]
[2618,6] 1 [2619,6]
[2619,6] 1 [2620,6]
[2620,6] 1 [2621,6]
[2621,6] 1 [2622,8]
[2622,8] 0 [2623,8]
[2623,8] 2 [2624,6]
[2624,6] 0 [2625,6]
[2625,6] 1 [2626,8]
[2626,8] 1 [2627,12]
[2627,12] 1 [2628,14]
[2628,14] 2 [2629,10]
[2629,10] 1 [2630,10]
[2630,10] 1 [2631,12]
[2631,12] 1 [2632,14]
[2632,14] 1 [2633,18]
[2633,18] 1 [2634,22]
[2634,22] 1 [2635,25]
[2635,25] 1 [2636,29]
[2636,29] 1 [2637,33]
[2637,33] 1 [2638,35]
[2638,35] 1 [2639,37]
[2639,37] 1 [2640,39]
[2640,39] 1 [2641,42]
[2641,42] 1 [2642,44]
[2642,44] 1 [2643,47]
[2643,47] 1 [2644,50]
[2644,50] 1 [2645,53]
[2645,53] 1 [2646,56]
[2646,56] 1 [2647,59]
[2647,59] 1 [2648,62]
[2648,62] 1 [2649,64]
[2649,64] 1 [2650,66]
[2650,66] 1 [2651,70]
[2651,70] 1 [2652,74]
[2652,74] 1 [2653,78]
[2653,78] 1 [2654,80]
[2654,80] 1 [2655,83]
[2655,83] 1 [2656,87]
[2656,87] 1 [2657,90]
[2657,90] 1 [2658,92]
[2658,92] 1 [2659,96]
[2659,96] 1 [2660,99]
[2660,99] 1 [2661,102]
[2661,102] 1 [2662,104]
[2662,104] 1 [2663,106]
[2663,106] 1 [2664,110]
[2664,110] 1 [2665,113]
[2665,113] 1 [2666,115]
[2666,115] 1 [2667,119]
[2667,119] 1 [2668,122]
[2668,122] 1 [2669,124]
[2669,124] 1 [2670,127]
[2670,127] 1 [2671,131]
[2671,131] 1 [2672,135]
[2672,135] 1 [2673,138]
[2673,138] 1 [2674,140]
[2674,140] 1 [2675,142]
[2675,142] 1 [2676,146]
[2676,146] 1 [2677,148]
[2677,148] 1 [2678,150]
[2678,150] 1 [2679,154]
[2679,154] 1 [2680,158]
[2680,158] 1 [2681,162]
[2681,162] 1 [2682,165]
[2682,165] 1 [2683,169]
[2683,169] 1 [2684,171]
[2684,171] 1 [2685,173]
[2685,173] 1 [2686,176]
