[0,6] 1 [1,9]
[1,9] 1 [2,11]
[2,11] 1 [3,15]
[3,15] 1 [4,17]
[4,17] 1 [5,21]
[5,21] 1 [6,24]
[6,24] 1 [7,26]
[7,26] 1 [8,29]
[8,29] 1 [9,31]
[9,31] 1 [10,34]
[10,34] 1 [11,38]
[11,38] 1 [12,42]
[12,42] 1 [13,45]
[13,45] 1 [14,48]
[14,48] 1 [15,50]
[15,50] 1 [16,54]
[16,54] 1 [17,57]
[17,57] 1 [18,61]
[18,61] 1 [19,63]
[19,63] 1 [20,66]
[20,66] 1 [21,68]
[21,68] 1 [22,71]
[22,71] 1 [23,73]
[23,73] 1 [24,75]
[24,75] 1 [25,79]
[25,79] 1 [26,81]
[26,81] 1 [27,85]
[27,85] 1 [28,89]
[28,89] 1 [29,91]
[29,91] 1 [30,93]
[30,93] 1 [31,97]
[31,97] 1 [32,101]
[32,101] 1 [33,105]
[33,105] 1 [34,107]
[34,107] 1 [35,109]
[35,109] 1 [36,111]
[36,111] 1 [37,113]
[37,113] 1 [38,115]
[38,115] 1 [39,119]
[39,119] 1 [40,123]
[40,123] 1 [41,126]
[41,126] 1 [42,129]
[42,129] 1 [43,133]
[43,133] 1 [44,135]
[44,135] 1 [45,137]
[45,137] 1 [46,140]
[46,140] 1 [47,143]
[47,143] 1 [48,145]
[48,145] 1 [49,147]
[49,147] 1 [50,149]
[50,149] 1 [51,151]
[51,151] 1 [52,154]
[52,154] 1 [53,158]
[53,158] 1 [54,162]
[54,162] 1 [55,166]
[55,166] 1 [56,170]
[56,170] 1 [57,172]
[57,172] 1 [58,175]
[58,175] 1 [59,6]
[59,6] 1 [60,6]
[60,6] 1 [61,6]
[61,6] 1 [62,6]
[62,6] 1 [63,6]
[63,6] 1 [64,6]
[64,6] 1 [65,6]
[65,6] 1 [66,6]
[66,6] 1 [67,6]
[67,6] 1 [68,6]
[68,6] 0 [69,6]
[69,6] 1 [70,8]
[70,8] 0 [71,8]
[71,8] 1 [72,11]
[72,11] 2 [73,9]
[73,9] 1 [74,9]
[74,9] 1 [75,12]
[75,12] 2 [76,8]
[76,8] 1 [77,9]
[77,9] 1 [78,12]
[78,12] 2 [79,8]
[79,8] 2 [80,6]
[80,6] 1 [81,8]
[81,8] 1 [82,10]
[82,10] 1 [83,12]
[83,12] 2 [84,8]
[84,8] 0 [85,8]
[85,8] 1 [86,8]
[86,8] 1 [87,12]
[87,12] 0 [88,12]
[88,12] 2 [89,10]
[89,10] 1 [90,11]
[90,11] 1 [91,14]
[91,14] 1 [92,18]
[92,18] 1 [93,21]
[93,21] 1 [94,24]
[94,24] 1 [95,26]
[95,26] 1 [96,30]
[96,30] 1 [97,34]
[97,34] 1 [98,36]
[98,36] 1 [99,40]
[99,40] 1 [100,43]
[100,43] 1 [101,47]
[101,47] 1 [102,50]
[102,50] 1 [103,54]
[103,54] 1 [104,57]
[104,57] 1 [105,60]
[105,60] 1 [106,64]
[106,64] 1 [107,68]
[107,68] 1 [108,71]
[108,71] 1 [109,74]
[109,74] 1 [110,78]
[110,78] 1 [111,80]
[111,80] 1 [112,84]
[112,84] 1 [113,86]
[113,86] 1 [114,90]
[114,90] 1 [115,93]
[115,93] 1 [116,95]
[116,95] 1 [117,97]
[117,97] 1 [118,100]
[118,100] 1 [119,104]
[119,104] 1 [120,106]
[120,106] 1 [121,109]
[121,109] 1 [122,113]
[122,113] 1 [123,117]
[123,117] 1 [124,120]
[124,120] 1 [125,123]
[125,123] 1 [126,126]
[126,126] 1 [127,130]
[127,130] 1 [128,133]
[128,133] 1 [129,135]
[129,135] 1 [130,138]
[130,138] 1 [131,142]
[131,142] 1 [132,145]
[132,145] 1 [133,149]
[133,149] 1 [134,153]
[134,153] 1 [135,156]
[135,156] 1 [136,160]
[136,160] 1 [137,162]
[137,162] 1 [138,166]
[138,166] 1 [139,169]
[139,169] 1 [140,171]
[140,171] 1 [141,173]
[141,173] 1 [142,175]
[142,175] 1 [143,6]
[143,6] 1 [144,6]
[144,6] 1 [145,6]
[145,6] 1 [146,6]
[146,6] 1 [147,6]
[147,6] 1 [148,6]
[148,6] 1 [149,6]
[149,6] 1 [150,6]
[150,6] 1 [151,6]
[151,6] 1 [152,8]
[152,8] 0 [153,8]
[153,8] 1 [154,11]
[154,11] 1 [155,14]
[155,14] 1 [156,18]
[156,18] 1 [157,20]
[157,20] 1 [158,24]
[158,24] 1 [159,28]
[159,28] 1 [160,30]
[160,30] 1 [161,32]
[161,32] 1 [162,36]
[162,36] 1 [163,39]
[163,39] 1 [164,42]
[164,42] 1 [165,45]
[165,45] 1 [166,47]
[166,47] 1 [167,51]
[167,51] 1 [168,53]
[168,53] 1 [169,55]
[169,55] 1 [170,58]
[170,58] 1 [171,61]
[171,61] 1 [172,64]
[172,64] 1 [173,68]
[173,68] 1 [174,72]
[174,72] 1 [175,74]
[175,74] 1 [176,78]
[176,78] 1 [177,82]
[177,82] 1 [178,86]
[178,86] 1 [179,90]
[179,90] 1 [180,93]
[180,93] 1 [181,96]
[181,96] 0 [182,97]
[182,97] 1 [183,101]
[183,101] 1 [184,105]
[184,105] 1 [185,108]
[185,108] 1 [186,110]
[186,110] 1 [187,112]
[187,112] 1 [188,116]
[188,116] 1 [189,118]
[189,118] 1 [190,122]
[190,122] 1 [191,126]
[191,126] 1 [192,128]
[192,128] 1 [193,130]
[193,130] 1 [194,134]
[194,134] 1 [195,138]
[195,138] 1 [196,142]
[196,142] 1 [197,146]
[197,146] 1 [198,149]
[198,149] 1 [199,153]
[199,153] 1 [200,155]
[200,155] 1 [201,159]
[201,159] 1 [202,163]
[202,163] 1 [203,167]
[203,167] 1 [204,171]
[204,171] 1 [205,173]
[205,173] 1 [206,177]
[206,177] 1 [207,6]
[207,6] 1 [208,6]
[208,6] 1 [209,6]
[209,6] 1 [210,6]
[210,6] 1 [211,6]
[211,6] 1 [212,6]
[212,6] 1 [213,6]
[213,6] 1 [214,6]
[214,6] 1 [215,6]
[215,6] 0 [216,6]
[216,6] 1 [217,10]
[217,10] 1 [218,12]
[218,12] 1 [219,15]
[219,15] 2 [220,12]
[220,12] 1 [221,16]
[221,16] 2 [222,13]
[222,13] 1 [223,15]
[223,15] 2 [224,11]
[224,11] 1 [225,11]
[225,11] 2 [226,8]
[226,8] 1 [227,11]
[227,11] 2 [228,7]
[228,7] 1 [229,10]
[229,10] 1 [230,12]
[230,12] 1 [231,14]
[231,14] 1 [232,17]
[232,17] 2 [233,13]
[233,13] 1 [234,9]
[234,9] 1 [235,11]
[235,11] 1 [236,13]
[236,13] 1 [237,16]
[237,16] 1 [238,20]
[238,20] 1 [239,23]
[239,23] 1 [240,27]
[240,27] 1 [241,31]
[241,31] 1 [242,33]
[242,33] 1 [243,35]
[243,35] 1 [244,38]
[244,38] 1 [245,41]
[245,41] 1 [246,45]
[246,45] 1 [247,49]
[247,49] 1 [248,52]
[248,52] 1 [249,55]
[249,55] 1 [250,59]
[250,59] 1 [251,63]
[251,63] 1 [252,66]
[252,66] 1 [253,69]
[253,69] 1 [254,73]
[254,73] 1 [255,77]
[255,77] 1 [256,79]
[256,79] 1 [257,83]
[257,83] 1 [258,85]
[258,85] 1 [259,87]
[259,87] 1 [260,91]
[260,91] 1 [261,94]
[261,94] 1 [262,98]
[262,98] 1 [263,101]
[263,101] 1 [264,105]
[264,105] 1 [265,108]
[265,108] 1 [266,112]
[266,112] 1 [267,114]
[267,114] 1 [268,116]
[268,116] 1 [269,118]
[269,118] 1 [270,120]
[270,120] 1 [271,122]
[271,122] 1 [272,124]
[272,124] 1 [273,127]
[273,127] 1 [274,131]
[274,131] 1 [275,133]
[275,133] 1 [276,136]
[276,136] 1 [277,138]
[277,138] 1 [278,141]
[278,141] 1 [279,145]
[279,145] 1 [280,149]
[280,149] 1 [281,153]
[281,153] 1 [282,156]
[282,156] 1 [283,160]
[283,160] 1 [284,162]
[284,162] 1 [285,164]
[285,164] 1 [286,167]
[286,167] 1 [287,169]
[287,169] 1 [288,172]
[288,172] 1 [289,176]
[289,176] 1 [290,6]
[290,6] 1 [291,6]
[291,6] 1 [292,6]
[292,6] 1 [293,6]
[293,6] 1 [294,6]
[294,6] 1 [295,6]
[295,6] 1 [296,6]
[296,6] 1 [297,6]
[297,6] 1 [298,6]
[298,6] 1 [299,6]
[299,6] 1 [300,9]
[300,9] 0 [301,10]
[301,10] 1 [302,13]
[302,13] 1 [303,15]
[303,15] 2 [304,11]
[304,11] 2 [305,8]
[305,8] 1 [306,10]
[306,10] 1 [307,14]
[307,14] 1 [308,16]
[308,16] 2 [309,13]
[309,13] 2 [310,10]
[310,10] 1 [311,10]
[311,10] 1 [312,14]
[312,14] 1 [313,17]
[313,17] 1 [314,21]
[314,21] 2 [315,17]
[315,17] 1 [316,19]
[316,19] 2 [317,15]
[317,15] 1 [318,17]
[318,17] 1 [319,21]
[319,21] 1 [320,24]
[320,24] 1 [321,26]
[321,26] 1 [322,29]
[322,29] 1 [323,33]
[323,33] 1 [324,37]
[324,37] 1 [325,39]
[325,39] 1 [326,42]
[326,42] 1 [327,45]
[327,45] 1 [328,49]
[328,49] 1 [329,51]
[329,51] 1 [330,54]
[330,54] 1 [331,56]
[331,56] 1 [332,58]
[332,58] 1 [333,61]
[333,61] 1 [334,64]
[334,64] 1 [335,67]
[335,67] 1 [336,70]
[336,70] 1 [337,74]
[337,74] 1 [338,77]
[338,77] 1 [339,81]
[339,81] 1 [340,83]
[340,83] 1 [341,87]
[341,87] 1 [342,89]
[342,89] 1 [343,91]
[343,91] 1 [344,95]
[344,95] 1 [345,99]
[345,99] 1 [346,101]
[346,101] 1 [347,105]
[347,105] 1 [348,108]
[348,108] 1 [349,110]
[349,110] 1 [350,114]
[350,114] 1 [351,117]
[351,117] 1 [352,120]
[352,120] 1 [353,123]
[353,123] 2 [354,119]
[354,119] 2 [355,115]
[355,115] 1 [356,118]
[356,118] 1 [357,120]
[357,120] 1 [358,124]
[358,124] 1 [359,128]
[359,128] 1 [360,130]
[360,130] 1 [361,134]
[361,134] 1 [362,136]
[362,136] 1 [363,138]
[363,138] 1 [364,141]
[364,141] 1 [365,145]
[365,145] 1 [366,148]
[366,148] 1 [367,150]
[367,150] 1 [368,153]
[368,153] 1 [369,155]
[369,155] 1 [370,158]
[370,158] 1 [371,162]
[371,162] 1 [372,164]
[372,164] 1 [373,167]
[373,167] 1 [374,170]
[374,170] 1 [375,174]
[375,174] 1 [376,176]
[376,176] 1 [377,6]
[377,6] 1 [378,6]
[378,6] 1 [379,6]
[379,6] 1 [380,6]
[380,6] 1 [381,6]
[381,6] 1 [382,6]
[382,6] 1 [383,6]
[383,6] 1 [384,6]
[384,6] 1 [385,6]
[385,6] 1 [386,6]
[386,6] 1 [387,7]
[387,7] 1 [388,11]
[388,11] 0 [389,12]
[389,12] 1 [390,15]
[390,15] 1 [391,18]
[391,18] 2 [392,15]
[392,15] 2 [393,11]
[393,11] 1 [394,13]
[394,13] 2 [395,10]
[395,10] 1 [396,12]
[396,12] 2 [397,9]
[397,9] 1 [398,9]
[398,9] 2 [399,7]
[399,7] 1 [400,7]
[400,7] 1 [401,9]
[401,9] 1 [402,11]
[402,11] 2 [403,8]
[403,8] 1 [404,9]
[404,9] 1 [405,12]
[405,12] 1 [406,16]
[406,16] 1 [407,19]
[407,19] 1 [408,23]
[408,23] 1 [409,26]
[409,26] 1 [410,30]
[410,30] 1 [411,33]
[411,33] 1 [412,36]
[412,36] 1 [413,39]
[413,39] 1 [414,43]
[414,43] 1 [415,46]
[415,46] 1 [416,50]
[416,50] 1 [417,52]
[417,52] 1 [418,56]
[418,56] 2 [419,53]
[419,53] 1 [420,55]
[420,55] 1 [421,58]
[421,58] 1 [422,60]
[422,60] 1 [423,62]
[423,62] 1 [424,66]
[424,66] 1 [425,69]
[425,69] 1 [426,71]
[426,71] 1 [427,73]
[427,73] 1 [428,76]
[428,76] 1 [429,80]
[429,80] 1 [430,82]
[430,82] 1 [431,85]
[431,85] 1 [432,89]
[432,89] 1 [433,93]
[433,93] 1 [434,95]
[434,95] 2 [435,93]
[435,93] 1 [436,95]
[436,95] 1 [437,97]
[437,97] 1 [438,100]
[438,100] 2 [439,97]
[439,97] 1 [440,99]
[440,99] 1 [441,102]
[441,102] 1 [442,105]
[442,105] 1 [443,107]
[443,107] 1 [444,110]
[444,110] 1 [445,112]
[445,112] 1 [446,115]
[446,115] 1 [447,117]
[447,117] 1 [448,120]
[448,120] 1 [449,122]
[449,122] 1 [450,125]
[450,125] 1 [451,128]
[451,128] 1 [452,132]
[452,132] 1 [453,136]
[453,136] 1 [454,140]
[454,140] 1 [455,144]
[455,144] 1 [456,148]
[456,148] 1 [457,152]
[457,152] 1 [458,154]
[458,154] 1 [459,158]
[459,158] 1 [460,162]
[460,162] 1 [461,166]
[461,166] 1 [462,170]
[462,170] 1 [463,172]
[463,172] 1 [464,174]
[464,174] 1 [465,176]
[465,176] 1 [466,6]
[466,6] 1 [467,6]
[467,6] 1 [468,6]
[468,6] 1 [469,6]
[469,6] 1 [470,6]
[470,6] 1 [471,6]
[471,6] 1 [472,6]
[472,6] 1 [473,6]
[473,6] 1 [474,7]
[474,7] 2 [475,6]
[475,6] 1 [476,8]
[476,8] 1 [477,12]
[477,12] 2 [478,8]
[478,8] 2 [479,6]
[479,6] 1 [480,8]
[480,8] 1 [481,11]
[481,11] 2 [482,7]
[482,7] 1 [483,9]
[483,9] 1 [484,12]
[484,12] 1 [485,15]
[485,15] 1 [486,17]
[486,17] 1 [487,21]
[487,21] 1 [488,25]
[488,25] 1 [489,28]
[489,28] 1 [490,32]
[490,32] 1 [491,34]
[491,34] 1 [492,37]
[492,37] 1 [493,39]
[493,39] 1 [494,41]
[494,41] 1 [495,44]
[495,44] 1 [496,46]
[496,46] 1 [497,50]
[497,50] 1 [498,53]
[498,53] 1 [499,56]
[499,56] 1 [500,60]
[500,60] 1 [501,64]
[501,64] 1 [502,66]
[502,66] 1 [503,70]
[503,70] 1 [504,73]
[504,73] 1 [505,76]
[505,76] 1 [506,80]
[506,80] 1 [507,82]
[507,82] 1 [508,86]
[508,86] 1 [509,89]
[509,89] 1 [510,92]
[510,92] 1 [511,94]
[511,94] 1 [512,97]
[512,97] 1 [513,99]
[513,99] 1 [514,101]
[514,101] 1 [515,103]
[515,103] 1 [516,106]
[516,106] 1 [517,109]
[517,109] 1 [518,111]
[518,111] 1 [519,114]
[519,114] 1 [520,116]
[520,116] 1 [521,118]
[521,118] 1 [522,121]
[522,121] 1 [523,125]
[523,125] 1 [524,128]
[524,128] 1 [525,132]
[525,132] 1 [526,136]
[526,136] 1 [527,140]
[527,140] 1 [528,143]
[528,143] 1 [529,147]
[529,147] 1 [530,150]
[530,150] 1 [531,152]
[531,152] 1 [532,154]
[532,154] 1 [533,156]
[533,156] 1 [534,160]
[534,160] 1 [535,163]
[535,163] 1 [536,165]
[536,165] 1 [537,168]
[537,168] 1 [538,171]
[538,171] 1 [539,175]
[539,175] 1 [540,6]
[540,6] 1 [541,6]
[541,6] 1 [542,6]
[542,6] 1 [543,6]
[543,6] 1 [544,6]
[544,6] 1 [545,6]
[545,6] 1 [546,6]
[546,6] 1 [547,6]
[547,6] 1 [548,6]
[548,6] 1 [549,7]
[549,7] 0 [550,7]
[550,7] 1 [551,11]
[551,11] 1 [552,15]
[552,15] 1 [553,19]
[553,19] 1 [554,22]
[554,22] 1 [555,25]
[555,25] 1 [556,28]
[556,28] 1 [557,32]
[557,32] 1 [558,34]
[558,34] 1 [559,37]
[559,37] 1 [560,39]
[560,39] 1 [561,43]
[561,43] 1 [562,46]
[562,46] 1 [563,48]
[563,48] 1 [564,52]
[564,52] 1 [565,54]
[565,54] 1 [566,56]
[566,56] 1 [567,59]
[567,59] 1 [568,62]
[568,62] 1 [569,64]
[569,64] 1 [570,67]
[570,67] 1 [571,71]
[571,71] 1 [572,75]
[572,75] 1 [573,79]
[573,79] 1 [574,83]
[574,83] 1 [575,87]
[575,87] 1 [576,91]
[576,91] 1 [577,95]
[577,95] 1 [578,98]
[578,98] 1 [579,102]
[579,102] 1 [580,106]
[580,106] 1 [581,110]
[581,110] 1 [582,112]
[582,112] 1 [583,115]
[583,115] 1 [584,117]
[584,117] 1 [585,120]
[585,120] 1 [586,124]
[586,124] 1 [587,128]
[587,128] 1 [588,130]
[588,130] 1 [589,132]
[589,132] 1 [590,135]
[590,135] 1 [591,139]
[591,139] 1 [592,141]
[592,141] 1 [593,143]
[593,143] 1 [594,145]
[594,145] 1 [595,148]
[595,148] 1 [596,150]
[596,150] 1 [597,152]
[597,152] 1 [598,155]
[598,155] 1 [599,159]
[599,159] 1 [600,162]
[600,162] 1 [601,164]
[601,164] 1 [602,167]
[602,167] 1 [603,171]
[603,171] 1 [604,173]
[604,173] 1 [605,176]
[605,176] 1 [606,6]
[606,6] 1 [607,6]
[607,6] 1 [608,6]
[608,6] 1 [609,6]
[609,6] 1 [610,6]
[610,6] 1 [611,6]
[611,6] 1 [612,6]
[612,6] 1 [613,6]
[613,6] 0 [614,6]
[614,6] 1 [615,9]
[615,9] 2 [616,7]
[616,7] 1 [617,10]
[617,10] 1 [618,14]
[618,14] 2 [619,10]
[619,10] 1 [620,7]
[620,7] 1 [621,11]
[621,11] 1 [622,13]
[622,13] 1 [623,17]
[623,17] 1 [624,21]
[624,21] 1 [625,23]
[625,23] 1 [626,25]
[626,25] 1 [627,27]
[627,27] 1 [628,30]
[628,30] 1 [629,32]
[629,32] 1 [630,34]
[630,34] 1 [631,37]
[631,37] 1 [632,40]
[632,40] 1 [633,42]
[633,42] 1 [634,44]
[634,44] 1 [635,47]
[635,47] 1 [636,50]
[636,50] 1 [637,53]
[637,53] 1 [638,57]
[638,57] 1 [639,59]
[639,59] 1 [640,63]
[640,63] 1 [641,66]
[641,66] 1 [642,68]
[642,68] 1 [643,72]
[643,72] 1 [644,75]
[644,75] 1 [645,79]
[645,79] 1 [646,83]
[646,83] 1 [647,87]
[647,87] 1 [648,91]
[648,91] 1 [649,95]
[649,95] 1 [650,99]
[650,99] 1 [651,101]
[651,101] 1 [652,103]
[652,103] 1 [653,106]
[653,106] 1 [654,108]
[654,108] 1 [655,110]
[655,110] 1 [656,114]
[656,114] 1 [657,118]
[657,118] 1 [658,120]
[658,120] 1 [659,122]
[659,122] 1 [660,126]
[660,126] 1 [661,130]
[661,130] 1 [662,133]
[662,133] 1 [663,135]
[663,135] 1 [664,137]
[664,137] 1 [665,141]
[665,141] 1 [666,145]
[666,145] 1 [667,149]
[667,149] 1 [668,153]
[668,153] 1 [669,157]
[669,157] 1 [670,159]
[670,159] 1 [671,161]
[671,161] 1 [672,165]
[672,165] 1 [673,169]
[673,169] 1 [674,172]
[674,172] 1 [675,174]
[675,174] 1 [676,177]
[676,177] 1 [677,6]
[677,6] 1 [678,6]
[678,6] 1 [679,6]
[679,6] 1 [680,6]
[680,6] 1 [681,6]
[681,6] 1 [682,6]
[682,6] 1 [683,6]
[683,6] 1 [684,6]
[684,6] 1 [685,6]
[685,6] 1 [686,6]
[686,6] 1 [687,8]
[687,8] 1 [688,12]
[688,12] 0 [689,12]
[689,12] 2 [690,10]
[690,10] 1 [691,12]
[691,12] 1 [692,16]
[692,16] 1 [693,20]
[693,20] 1 [694,24]
[694,24] 1 [695,26]
[695,26] 1 [696,29]
[696,29] 1 [697,31]
[697,31] 1 [698,33]
[698,33] 1 [699,36]
[699,36] 1 [700,40]
[700,40] 1 [701,43]
[701,43] 1 [702,45]
[702,45] 1 [703,48]
[703,48] 1 [704,51]
[704,51] 1 [705,55]
[705,55] 1 [706,57]
[706,57] 1 [707,61]
[707,61] 1 [708,63]
[708,63] 1 [709,67]
[709,67] 1 [710,69]
[710,69] 1 [711,73]
[711,73] 1 [712,76]
[712,76] 1 [713,80]
[713,80] 1 [714,83]
[714,83] 1 [715,85]
[715,85] 1 [716,89]
[716,89] 1 [717,91]
[717,91] 1 [718,93]
[718,93] 1 [719,97]
[719,97] 1 [720,101]
[720,101] 1 [721,105]
[721,105] 1 [722,109]
[722,109] 1 [723,112]
[723,112] 1 [724,116]
[724,116] 1 [725,119]
[725,119] 1 [726,122]
[726,122] 1 [727,126]
[727,126] 1 [728,130]
[728,130] 1 [729,134]
[729,134] 1 [730,136]
[730,136] 1 [731,140]
[731,140] 1 [732,144]
[732,144] 1 [733,146]
[733,146] 1 [734,150]
[734,150] 1 [735,154]
[735,154] 1 [736,158]
[736,158] 1 [737,160]
[737,160] 1 [738,164]
[738,164] 1 [739,167]
[739,167] 1 [740,171]
[740,171] 1 [741,174]
[741,174] 1 [742,176]
[742,176] 1 [743,6]
[743,6] 1 [744,6]
[744,6] 1 [745,6]
[745,6] 1 [746,6]
[746,6] 1 [747,6]
[747,6] 1 [748,6]
[748,6] 1 [749,6]
[749,6] 1 [750,6]
[750,6] 1 [751,6]
[751,6] 1 [752,7]
[752,7] 1 [753,10]
[753,10] 1 [754,14]
[754,14] 1 [755,18]
[755,18] 1 [756,20]
[756,20] 1 [757,22]
[757,22] 1 [758,26]
[758,26] 1 [759,29]
[759,29] 1 [760,32]
[760,32] 1 [761,36]
[761,36] 1 [762,39]
[762,39] 1 [763,41]
[763,41] 1 [764,43]
[764,43] 1 [765,46]
[765,46] 1 [766,49]
[766,49] 1 [767,51]
[767,51] 1 [768,54]
[768,54] 1 [769,58]
[769,58] 1 [770,62]
[770,62] 1 [771,66]
[771,66] 1 [772,69]
[772,69] 1 [773,71]
[773,71] 1 [774,75]
[774,75] 1 [775,77]
[775,77] 1 [776,80]
[776,80] 1 [777,82]
[777,82] 1 [778,85]
[778,85] 1 [779,87]
[779,87] 1 [780,89]
[780,89] 1 [781,92]
[781,92] 1 [782,96]
[782,96] 1 [783,100]
[783,100] 1 [784,102]
[784,102] 1 [785,106]
[785,106] 1 [786,110]
[786,110] 1 [787,112]
[787,112] 1 [788,114]
[788,114] 1 [789,118]
[789,118] 1 [790,122]
[790,122] 1 [791,126]
[791,126] 1 [792,129]
[792,129] 1 [793,132]
[793,132] 1 [794,134]
[794,134] 1 [795,137]
[795,137] 1 [796,141]
[796,141] 1 [797,145]
[797,145] 1 [798,149]
[798,149] 1 [799,152]
[799,152] 1 [800,155]
[800,155] 1 [801,159]
[801,159] 1 [802,163]
[802,163] 1 [803,165]
[803,165] 1 [804,169]
[804,169] 1 [805,173]
[805,173] 1 [806,176]
[806,176] 1 [807,6]
[807,6] 1 [808,6]
[808,6] 1 [809,6]
[809,6] 1 [810,6]
[810,6] 1 [811,6]
[811,6] 1 [812,6]
[812,6] 1 [813,6]
[813,6] 1 [814,6]
[814,6] 1 [815,6]
[815,6] 1 [816,6]
[816,6] 1 [817,8]
[817,8] 1 [818,10]
[818,10] 1 [819,14]
[819,14] 2 [820,11]
[820,11] 1 [821,14]
[821,14] 1 [822,16]
[822,16] 2 [823,12]
[823,12] 2 [824,8]
[824,8] 1 [825,11]
[825,11] 2 [826,7]
[826,7] 1 [827,10]
[827,10] 1 [828,12]
[828,12] 1 [829,15]
[829,15] 1 [830,19]
[830,19] 1 [831,21]
[831,21] 1 [832,25]
[832,25] 1 [833,28]
[833,28] 1 [834,32]
[834,32] 1 [835,35]
[835,35] 1 [836,37]
[836,37] 1 [837,39]
[837,39] 1 [838,43]
[838,43] 1 [839,46]
[839,46] 1 [840,49]
[840,49] 1 [841,53]
[841,53] 1 [842,55]
[842,55] 1 [843,58]
[843,58] 1 [844,61]
[844,61] 1 [845,64]
[845,64] 1 [846,66]
[846,66] 1 [847,70]
[847,70] 1 [848,74]
[848,74] 1 [849,78]
[849,78] 1 [850,80]
[850,80] 1 [851,84]
[851,84] 1 [852,87]
[852,87] 1 [853,89]
[853,89] 1 [854,91]
[854,91] 1 [855,94]
[855,94] 1 [856,96]
[856,96] 1 [857,100]
[857,100] 1 [858,103]
[858,103] 1 [859,106]
[859,106] 1 [860,108]
[860,108] 1 [861,111]
[861,111] 1 [862,115]
[862,115] 1 [863,118]
[863,118] 1 [864,121]
[864,121] 1 [865,125]
[865,125] 1 [866,128]
[866,128] 1 [867,132]
[867,132] 1 [868,134]
[868,134] 1 [869,137]
[869,137] 1 [870,141]
[870,141] 1 [871,143]
[871,143] 1 [872,145]
[872,145] 1 [873,149]
[873,149] 1 [874,153]
[874,153] 1 [875,157]
[875,157] 1 [876,160]
[876,160] 1 [877,162]
[877,162] 1 [878,166]
[878,166] 1 [879,169]
[879,169] 1 [880,171]
[880,171] 1 [881,173]
[881,173] 1 [882,176]
[882,176] 1 [883,6]
[883,6] 1 [884,6]
[884,6] 1 [885,6]
[885,6] 1 [886,6]
[886,6] 1 [887,6]
[887,6] 1 [888,6]
[888,6] 1 [889,6]
[889,6] 1 [890,6]
[890,6] 1 [891,8]
[891,8] 2 [892,6]
[892,6] 1 [893,9]
[893,9] 1 [894,11]
[894,11] 1 [895,15]
[895,15] 1 [896,17]
[896,17] 1 [897,21]
[897,21] 1 [898,25]
[898,25] 1 [899,29]
[899,29] 1 [900,33]
[900,33] 1 [901,35]
[901,35] 1 [902,39]
[902,39] 1 [903,43]
[903,43] 1 [904,47]
[904,47] 0 [905,47]
[905,47] 1 [906,51]
[906,51] 1 [907,53]
[907,53] 1 [908,55]
[908,55] 1 [909,57]
[909,57] 1 [910,59]
[910,59] 1 [911,62]
[911,62] 1 [912,64]
[912,64] 1 [913,68]
[913,68] 1 [914,72]
[914,72] 1 [915,75]
[915,75] 1 [916,79]
[916,79] 1 [917,83]
[917,83] 1 [918,86]
[918,86] 1 [919,90]
[919,90] 1 [920,92]
[920,92] 1 [921,94]
[921,94] 1 [922,96]
[922,96] 1 [923,98]
[923,98] 1 [924,102]
[924,102] 1 [925,105]
[925,105] 1 [926,108]
[926,108] 1 [927,110]
[927,110] 1 [928,113]
[928,113] 1 [929,116]
[929,116] 1 [930,118]
[930,118] 1 [931,121]
[931,121] 1 [932,124]
[932,124] 1 [933,128]
[933,128] 1 [934,131]
[934,131] 1 [935,135]
[935,135] 1 [936,139]
[936,139] 1 [937,141]
[937,141] 1 [938,145]
[938,145] 1 [939,148]
[939,148] 1 [940,151]
[940,151] 1 [941,153]
[941,153] 1 [942,156]
[942,156] 1 [943,158]
[943,158] 1 [944,160]
[944,160] 1 [945,163]
[945,163] 1 [946,167]
[946,167] 1 [947,171]
[947,171] 1 [948,174]
[948,174] 1 [949,177]
[949,177] 1 [950,6]
[950,6] 1 [951,6]
[951,6] 1 [952,6]
[952,6] 1 [953,6]
[953,6] 1 [954,6]
[954,6] 1 [955,6]
[955,6] 1 [956,6]
[956,6] 1 [957,6]
[957,6] 1 [958,6]
[958,6] 1 [959,6]
[959,6] 1 [960,9]
[960,9] 2 [961,6]
[961,6] 1 [962,9]
[962,9] 1 [963,11]
[963,11] 1 [964,15]
[964,15] 2 [965,12]
[965,12] 1 [966,15]
[966,15] 2 [967,12]
[967,12] 2 [968,9]
[968,9] 1 [969,11]
[969,11] 2 [970,7]
[970,7] 1 [971,8]
[971,8] 1 [972,11]
[972,11] 1 [973,15]
[973,15] 2 [974,12]
[974,12] 2 [975,8]
[975,8] 1 [976,11]
[976,11] 2 [977,9]
[977,9] 2 [978,6]
[978,6] 1 [979,8]
[979,8] 1 [980,10]
[980,10] 1 [981,12]
[981,12] 1 [982,14]
[982,14] 1 [983,18]
[983,18] 2 [984,14]
[984,14] 1 [985,15]
[985,15] 1 [986,17]
[986,17] 1 [987,21]
[987,21] 1 [988,23]
[988,23] 1 [989,26]
[989,26] 1 [990,28]
[990,28] 1 [991,31]
[991,31] 1 [992,34]
[992,34] 1 [993,36]
[993,36] 1 [994,38]
[994,38] 1 [995,40]
[995,40] 1 [996,42]
[996,42] 1 [997,44]
[997,44] 1 [998,46]
[998,46] 1 [999,49]
[999,49] 1 [1000,51]
[1000,51] 1 [1001,53]
[1001,53] 1 [1002,57]
[1002,57] 1 [1003,60]
[1003,60] 1 [1004,63]
[1004,63] 1 [1005,67]
[1005,67] 1 [1006,69]
[1006,69] 1 [1007,71]
[1007,71] 1 [1008,74]
[1008,74] 1 [1009,78]
[1009,78] 1 [1010,81]
[1010,81] 1 [1011,84]
[1011,84] 1 [1012,86]
[1012,86] 1 [1013,88]
[1013,88] 1 [1014,90]
[1014,90] 1 [1015,93]
[1015,93] 1 [1016,96]
[1016,96] 1 [1017,98]
[1017,98] 1 [1018,102]
[1018,102] 1 [1019,104]
[1019,104] 1 [1020,106]
[1020,106] 1 [1021,110]
[1021,110] 1 [1022,114]
[1022,114] 1 [1023,118]
[1023,118] 1 [1024,120]
[1024,120] 1 [1025,124]
[1025,124] 1 [1026,127]
[1026,127] 1 [1027,130]
[1027,130] 1 [1028,132]
[1028,132] 1 [1029,134]
[1029,134] 1 [1030,137]
[1030,137] 1 [1031,140]
[1031,140] 1 [1032,144]
[1032,144] 1 [1033,148]
[1033,148] 1 [1034,151]
[1034,151] 1 [1035,153]
[1035,153] 1 [1036,156]
[1036,156] 1 [1037,160]
[1037,160] 1 [1038,163]
[1038,163] 1 [1039,166]
[1039,166] 1 [1040,169]
[1040,169] 1 [1041,171]
[1041,171] 1 [1042,173]
[1042,173] 1 [1043,177]
[1043,177] 1 [1044,6]
[1044,6] 1 [1045,6]
[1045,6] 1 [1046,6]
[1046,6] 1 [1047,6]
[1047,6] 1 [1048,6]
[1048,6] 1 [1049,6]
[1049,6] 1 [1050,6]
[1050,6] 1 [1051,6]
[1051,6] 1 [1052,6]
[1052,6] 1 [1053,6]
[1053,6] 1 [1054,6]
[1054,6] 1 [1055,9]
[1055,9] 2 [1056,6]
[1056,6] 1 [1057,10]
[1057,10] 1 [1058,13]
[1058,13] 2 [1059,9]
[1059,9] 1 [1060,10]
[1060,10] 1 [1061,12]
[1061,12] 1 [1062,15]
[1062,15] 2 [1063,12]
[1063,12] 2 [1064,8]
[1064,8] 1 [1065,10]
[1065,10] 1 [1066,14]
[1066,14] 1 [1067,18]
[1067,18] 1 [1068,21]
[1068,21] 1 [1069,24]
[1069,24] 1 [1070,26]
[1070,26] 1 [1071,29]
[1071,29] 1 [1072,32]
[1072,32] 1 [1073,36]
[1073,36] 1 [1074,40]
[1074,40] 1 [1075,42]
[1075,42] 1 [1076,44]
[1076,44] 1 [1077,47]
[1077,47] 1 [1078,51]
[1078,51] 1 [1079,53]
[1079,53] 1 [1080,57]
[1080,57] 1 [1081,60]
[1081,60] 1 [1082,62]
[1082,62] 1 [1083,64]
[1083,64] 1 [1084,67]
[1084,67] 1 [1085,70]
[1085,70] 1 [1086,74]
[1086,74] 1 [1087,76]
[1087,76] 1 [1088,78]
[1088,78] 1 [1089,80]
[1089,80] 1 [1090,83]
[1090,83] 1 [1091,85]
[1091,85] 1 [1092,89]
[1092,89] 1 [1093,92]
[1093,92] 1 [1094,96]
[1094,96] 1 [1095,100]
[1095,100] 1 [1096,103]
[1096,103] 1 [1097,105]
[1097,105] 1 [1098,107]
[1098,107] 1 [1099,109]
[1099,109] 1 [1100,112]
[1100,112] 1 [1101,114]
[1101,114] 1 [1102,116]
[1102,116] 1 [1103,118]
[1103,118] 1 [1104,121]
[1104,121] 1 [1105,125]
[1105,125] 1 [1106,129]
[1106,129] 1 [1107,131]
[1107,131] 1 [1108,133]
[1108,133] 1 [1109,135]
[1109,135] 1 [1110,137]
[1110,137] 1 [1111,140]
[1111,140] 1 [1112,142]
[1112,142] 1 [1113,145]
[1113,145] 1 [1114,149]
[1114,149] 1 [1115,151]
[1115,151] 1 [1116,153]
[1116,153] 1 [1117,156]
[1117,156] 1 [1118,160]
[1118,160] 1 [1119,163]
[1119,163] 1 [1120,166]
[1120,166] 1 [1121,168]
[1121,168] 1 [1122,170]
[1122,170] 1 [1123,174]
[1123,174] 1 [1124,176]
[1124,176] 1 [1125,6]
[1125,6] 1 [1126,6]
[1126,6] 1 [1127,6]
[1127,6] 1 [1128,6]
[1128,6] 1 [1129,6]
[1129,6] 1 [1130,6]
[1130,6] 1 [1131,6]
[1131,6] 1 [1132,6]
[1132,6] 1 [1133,6]
[1133,6] 1 [1134,6]
[1134,6] 1 [1135,10]
[1135,10] 1 [1136,13]
[1136,13] 0 [1137,14]
[1137,14] 2 [1138,10]
[1138,10] 1 [1139,8]
[1139,8] 0 [1140,7]
[1140,7] 0 [1141,7]
[1141,7] 1 [1142,9]
[1142,9] 1 [1143,11]
[1143,11] 2 [1144,7]
[1144,7] 1 [1145,9]
[1145,9] 1 [1146,11]
[1146,11] 1 [1147,15]
[1147,15] 2 [1148,12]
[1148,12] 1 [1149,14]
[1149,14] 2 [1150,10]
[1150,10] 1 [1151,7]
[1151,7] 1 [1152,11]
[1152,11] 1 [1153,13]
[1153,13] 2 [1154,13]
[1154,13] 2 [1155,11]
[1155,11] 2 [1156,7]
[1156,7] 1 [1157,10]
[1157,10] 1 [1158,12]
[1158,12] 2 [1159,9]
[1159,9] 1 [1160,11]
[1160,11] 1 [1161,13]
[1161,13] 1 [1162,16]
[1162,16] 1 [1163,19]
[1163,19] 1 [1164,21]
[1164,21] 1 [1165,25]
[1165,25] 1 [1166,27]
[1166,27] 1 [1167,29]
[1167,29] 1 [1168,33]
[1168,33] 1 [1169,35]
[1169,35] 1 [1170,39]
[1170,39] 1 [1171,41]
[1171,41] 1 [1172,44]
[1172,44] 1 [1173,47]
[1173,47] 1 [1174,49]
[1174,49] 1 [1175,51]
[1175,51] 1 [1176,53]
[1176,53] 1 [1177,56]
[1177,56] 1 [1178,59]
[1178,59] 1 [1179,62]
[1179,62] 1 [1180,64]
[1180,64] 1 [1181,67]
[1181,67] 1 [1182,69]
[1182,69] 1 [1183,72]
[1183,72] 1 [1184,75]
[1184,75] 1 [1185,78]
[1185,78] 1 [1186,80]
[1186,80] 1 [1187,82]
[1187,82] 1 [1188,84]
[1188,84] 1 [1189,86]
[1189,86] 1 [1190,89]
[1190,89] 1 [1191,91]
[1191,91] 1 [1192,94]
[1192,94] 1 [1193,96]
[1193,96] 1 [1194,98]
[1194,98] 1 [1195,102]
[1195,102] 1 [1196,106]
[1196,106] 1 [1197,109]
[1197,109] 1 [1198,112]
[1198,112] 1 [1199,116]
[1199,116] 2 [1200,112]
[1200,112] 2 [1201,110]
[1201,110] 1 [1202,111]
[1202,111] 2 [1203,109]
[1203,109] 1 [1204,109]
[1204,109] 1 [1205,113]
[1205,113] 1 [1206,117]
[1206,117] 1 [1207,121]
[1207,121] 1 [1208,123]
[1208,123] 1 [1209,126]
[1209,126] 1 [1210,130]
[1210,130] 1 [1211,134]
[1211,134] 1 [1212,138]
[1212,138] 1 [1213,140]
[1213,140] 1 [1214,142]
[1214,142] 1 [1215,144]
[1215,144] 1 [1216,148]
[1216,148] 1 [1217,152]
[1217,152] 1 [1218,156]
[1218,156] 1 [1219,159]
[1219,159] 1 [1220,161]
[1220,161] 1 [1221,163]
[1221,163] 1 [1222,165]
[1222,165] 1 [1223,168]
[1223,168] 1 [1224,172]
[1224,172] 1 [1225,175]
[1225,175] 1 [1226,6]
[1226,6] 1 [1227,6]
[1227,6] 1 [1228,6]
[1228,6] 1 [1229,6]
[1229,6] 1 [1230,6]
[1230,6] 1 [1231,6]
[1231,6] 1 [1232,6]
[1232,6] 1 [1233,6]
[1233,6] 1 [1234,6]
[1234,6] 1 [1235,6]
[1235,6] 1 [1236,8]
[1236,8] 1 [1237,11]
[1237,11] 1 [1238,13]
[1238,13] 1 [1239,17]
[1239,17] 1 [1240,20]
[1240,20] 1 [1241,22]
[1241,22] 1 [1242,25]
[1242,25] 1 [1243,29]
[1243,29] 1 [1244,32]
[1244,32] 1 [1245,34]
[1245,34] 1 [1246,36]
[1246,36] 1 [1247,40]
[1247,40] 1 [1248,42]
[1248,42] 1 [1249,45]
[1249,45] 1 [1250,47]
[1250,47] 1 [1251,49]
[1251,49] 1 [1252,51]
[1252,51] 1 [1253,54]
[1253,54] 1 [1254,56]
[1254,56] 1 [1255,58]
[1255,58] 1 [1256,62]
[1256,62] 1 [1257,64]
[1257,64] 1 [1258,67]
[1258,67] 1 [1259,69]
[1259,69] 1 [1260,71]
[1260,71] 1 [1261,73]
[1261,73] 1 [1262,75]
[1262,75] 1 [1263,77]
[1263,77] 1 [1264,79]
[1264,79] 1 [1265,81]
[1265,81] 1 [1266,85]
[1266,85] 1 [1267,88]
[1267,88] 1 [1268,91]
[1268,91] 1 [1269,95]
[1269,95] 1 [1270,97]
[1270,97] 1 [1271,101]
[1271,101] 1 [1272,103]
[1272,103] 1 [1273,105]
[1273,105] 1 [1274,108]
[1274,108] 1 [1275,111]
[1275,111] 1 [1276,115]
[1276,115] 1 [1277,118]
[1277,118] 1 [1278,120]
[1278,120] 1 [1279,123]
[1279,123] 1 [1280,126]
[1280,126] 1 [1281,130]
[1281,130] 1 [1282,132]
[1282,132] 1 [1283,134]
[1283,134] 1 [1284,138]
[1284,138] 1 [1285,140]
[1285,140] 1 [1286,144]
[1286,144] 1 [1287,148]
[1287,148] 1 [1288,150]
[1288,150] 1 [1289,154]
[1289,154] 1 [1290,156]
[1290,156] 1 [1291,160]
[1291,160] 1 [1292,162]
[1292,162] 1 [1293,164]
[1293,164] 1 [1294,166]
[1294,166] 1 [1295,170]
[1295,170] 1 [1296,173]
[1296,173] 1 [1297,176]
[1297,176] 1 [1298,6]
[1298,6] 1 [1299,6]
[1299,6] 1 [1300,6]
[1300,6] 1 [1301,6]
[1301,6] 1 [1302,6]
[1302,6] 1 [1303,6]
[1303,6] 1 [1304,6]
[1304,6] 1 [1305,6]
[1305,6] 1 [1306,6]
[1306,6] 1 [1307,7]
[1307,7] 2 [1308,6]
[1308,6] 1 [1309,9]
[1309,9] 1 [1310,12]
[1310,12] 2 [1311,9]
[1311,9] 1 [1312,10]
[1312,10] 1 [1313,13]
[1313,13] 1 [1314,15]
[1314,15] 1 [1315,19]
[1315,19] 1 [1316,22]
[1316,22] 1 [1317,24]
[1317,24] 1 [1318,27]
[1318,27] 1 [1319,30]
[1319,30] 1 [1320,32]
[1320,32] 1 [1321,35]
[1321,35] 1 [1322,38]
[1322,38] 1 [1323,40]
[1323,40] 1 [1324,44]
[1324,44] 1 [1325,46]
[1325,46] 2 [1326,42]
[1326,42] 1 [1327,44]
[1327,44] 1 [1328,47]
[1328,47] 1 [1329,51]
[1329,51] 2 [1330,48]
[1330,48] 1 [1331,51]
[1331,51] 2 [1332,48]
[1332,48] 2 [1333,46]
[1333,46] 1 [1334,48]
[1334,48] 1 [1335,51]
[1335,51] 1 [1336,53]
[1336,53] 1 [1337,55]
[1337,55] 1 [1338,58]
[1338,58] 1 [1339,60]
[1339,60] 1 [1340,63]
[1340,63] 1 [1341,65]
[1341,65] 1 [1342,67]
[1342,67] 1 [1343,69]
[1343,69] 1 [1344,73]
[1344,73] 1 [1345,76]
[1345,76] 1 [1346,78]
[1346,78] 1 [1347,80]
[1347,80] 1 [1348,82]
[1348,82] 1 [1349,84]
[1349,84] 1 [1350,88]
[1350,88] 1 [1351,90]
[1351,90] 1 [1352,92]
[1352,92] 1 [1353,95]
[1353,95] 1 [1354,99]
[1354,99] 1 [1355,102]
[1355,102] 1 [1356,104]
[1356,104] 1 [1357,107]
[1357,107] 1 [1358,111]
[1358,111] 1 [1359,113]
[1359,113] 1 [1360,116]
[1360,116] 1 [1361,119]
[1361,119] 1 [1362,121]
[1362,121] 1 [1363,123]
[1363,123] 1 [1364,125]
[1364,125] 1 [1365,129]
[1365,129] 1 [1366,131]
[1366,131] 1 [1367,133]
[1367,133] 1 [1368,137]
[1368,137] 1 [1369,139]
[1369,139] 1 [1370,142]
[1370,142] 1 [1371,144]
[1371,144] 1 [1372,146]
[1372,146] 1 [1373,148]
[1373,148] 1 [1374,151]
[1374,151] 1 [1375,153]
[1375,153] 1 [1376,155]
[1376,155] 1 [1377,157]
[1377,157] 1 [1378,161]
[1378,161] 1 [1379,164]
[1379,164] 1 [1380,166]
[1380,166] 1 [1381,169]
[1381,169] 1 [1382,172]
[1382,172] 1 [1383,175]
[1383,175] 1 [1384,177]
[1384,177] 1 [1385,6]
[1385,6] 1 [1386,6]
[1386,6] 1 [1387,6]
[1387,6] 1 [1388,6]
[1388,6] 1 [1389,6]
[1389,6] 1 [1390,6]
[1390,6] 1 [1391,6]
[1391,6] 1 [1392,6]
[1392,6] 1 [1393,6]
[1393,6] 1 [1394,6]
[1394,6] 1 [1395,8]
[1395,8] 1 [1396,12]
[1396,12] 2 [1397,8]
[1397,8] 1 [1398,8]
[1398,8] 1 [1399,10]
[1399,10] 1 [1400,12]
[1400,12] 1 [1401,14]
[1401,14] 2 [1402,10]
[1402,10] 2 [1403,7]
[1403,7] 1 [1404,9]
[1404,9] 1 [1405,13]
[1405,13] 2 [1406,9]
[1406,9] 1 [1407,11]
[1407,11] 2 [1408,8]
[1408,8] 0 [1409,8]
[1409,8] 2 [1410,6]
[1410,6] 1 [1411,8]
[1411,8] 2 [1412,6]
[1412,6] 1 [1413,8]
[1413,8] 1 [1414,11]
[1414,11] 2 [1415,8]
[1415,8] 1 [1416,12]
[1416,12] 2 [1417,8]
[1417,8] 0 [1418,8]
[1418,8] 1 [1419,8]
[1419,8] 1 [1420,12]
[1420,12] 1 [1421,14]
[1421,14] 1 [1422,18]
[1422,18] 1 [1423,20]
[1423,20] 1 [1424,22]
[1424,22] 1 [1425,25]
[1425,25] 1 [1426,29]
[1426,29] 1 [1427,31]
[1427,31] 1 [1428,35]
[1428,35] 1 [1429,39]
[1429,39] 1 [1430,42]
[1430,42] 1 [1431,45]
[1431,45] 1 [1432,47]
[1432,47] 1 [1433,49]
[1433,49] 1 [1434,52]
[1434,52] 1 [1435,56]
[1435,56] 1 [1436,58]
[1436,58] 1 [1437,62]
[1437,62] 1 [1438,64]
[1438,64] 1 [1439,68]
[1439,68] 1 [1440,72]
[1440,72] 1 [1441,76]
[1441,76] 1 [1442,80]
[1442,80] 1 [1443,84]
[1443,84] 1 [1444,87]
[1444,87] 1 [1445,89]
[1445,89] 1 [1446,92]
[1446,92] 1 [1447,94]
[1447,94] 1 [1448,98]
[1448,98] 1 [1449,100]
[1449,100] 1 [1450,103]
[1450,103] 1 [1451,107]
[1451,107] 1 [1452,109]
[1452,109] 1 [1453,113]
[1453,113] 1 [1454,117]
[1454,117] 1 [1455,121]
[1455,121] 1 [1456,123]
[1456,123] 1 [1457,125]
[1457,125] 1 [1458,128]
[1458,128] 1 [1459,130]
[1459,130] 1 [1460,134]
[1460,134] 1 [1461,137]
[1461,137] 1 [1462,140]
[1462,140] 1 [1463,144]
[1463,144] 1 [1464,146]
[1464,146] 1 [1465,148]
[1465,148] 1 [1466,151]
[1466,151] 1 [1467,153]
[1467,153] 1 [1468,155]
[1468,155] 1 [1469,157]
[1469,157] 1 [1470,159]
[1470,159] 1 [1471,163]
[1471,163] 1 [1472,167]
[1472,167] 1 [1473,169]
[1473,169] 1 [1474,171]
[1474,171] 1 [1475,173]
[1475,173] 1 [1476,177]
[1476,177] 1 [1477,6]
[1477,6] 1 [1478,6]
[1478,6] 1 [1479,6]
[1479,6] 1 [1480,6]
[1480,6] 1 [1481,6]
[1481,6] 1 [1482,6]
[1482,6] 1 [1483,6]
[1483,6] 1 [1484,6]
[1484,6] 1 [1485,7]
[1485,7] 1 [1486,11]
[1486,11] 1 [1487,15]
[1487,15] 0 [1488,15]
[1488,15] 1 [1489,17]
[1489,17] 1 [1490,20]
[1490,20] 1 [1491,22]
[1491,22] 1 [1492,25]
[1492,25] 1 [1493,29]
[1493,29] 1 [1494,33]
[1494,33] 1 [1495,37]
[1495,37] 1 [1496,40]
[1496,40] 1 [1497,44]
[1497,44] 1 [1498,48]
[1498,48] 1 [1499,52]
[1499,52] 1 [1500,55]
[1500,55] 1 [1501,58]
[1501,58] 1 [1502,61]
[1502,61] 1 [1503,64]
[1503,64] 1 [1504,66]
[1504,66] 1 [1505,68]
[1505,68] 1 [1506,70]
[1506,70] 1 [1507,72]
[1507,72] 1 [1508,76]
[1508,76] 1 [1509,80]
[1509,80] 1 [1510,84]
[1510,84] 1 [1511,88]
[1511,88] 1 [1512,91]
[1512,91] 1 [1513,94]
[1513,94] 1 [1514,96]
[1514,96] 1 [1515,99]
[1515,99] 1 [1516,102]
[1516,102] 1 [1517,105]
[1517,105] 1 [1518,109]
[1518,109] 1 [1519,113]
[1519,113] 1 [1520,115]
[1520,115] 1 [1521,118]
[1521,118] 1 [1522,121]
[1522,121] 1 [1523,123]
[1523,123] 1 [1524,127]
[1524,127] 1 [1525,131]
[1525,131] 1 [1526,133]
[1526,133] 1 [1527,137]
[1527,137] 1 [1528,139]
[1528,139] 1 [1529,143]
[1529,143] 1 [1530,146]
[1530,146] 1 [1531,148]
[1531,148] 1 [1532,150]
[1532,150] 1 [1533,153]
[1533,153] 1 [1534,156]
[1534,156] 1 [1535,160]
[1535,160] 1 [1536,162]
[1536,162] 1 [1537,165]
[1537,165] 1 [1538,168]
[1538,168] 1 [1539,172]
[1539,172] 1 [1540,176]
[1540,176] 1 [1541,6]
[1541,6] 1 [1542,6]
[1542,6] 1 [1543,6]
[1543,6] 1 [1544,6]
[1544,6] 1 [1545,6]
[1545,6] 1 [1546,6]
[1546,6] 1 [1547,6]
[1547,6] 1 [1548,6]
[1548,6] 1 [1549,6]
[1549,6] 1 [1550,6]
[1550,6] 1 [1551,8]
[1551,8] 0 [1552,8]
[1552,8] 1 [1553,11]
[1553,11] 1 [1554,15]
[1554,15] 2 [1555,12]
[1555,12] 1 [1556,14]
[1556,14] 1 [1557,16]
[1557,16] 1 [1558,19]
[1558,19] 1 [1559,23]
[1559,23] 1 [1560,25]
[1560,25] 1 [1561,29]
[1561,29] 1 [1562,32]
[1562,32] 1 [1563,36]
[1563,36] 1 [1564,39]
[1564,39] 1 [1565,42]
[1565,42] 1 [1566,45]
[1566,45] 1 [1567,48]
[1567,48] 1 [1568,52]
[1568,52] 1 [1569,56]
[1569,56] 1 [1570,59]
[1570,59] 1 [1571,63]
[1571,63] 1 [1572,65]
[1572,65] 1 [1573,67]
[1573,67] 1 [1574,70]
[1574,70] 1 [1575,72]
[1575,72] 1 [1576,74]
[1576,74] 1 [1577,77]
[1577,77] 1 [1578,80]
[1578,80] 1 [1579,83]
[1579,83] 1 [1580,87]
[1580,87] 1 [1581,91]
[1581,91] 1 [1582,94]
[1582,94] 1 [1583,97]
[1583,97] 1 [1584,99]
[1584,99] 1 [1585,101]
[1585,101] 1 [1586,103]
[1586,103] 1 [1587,105]
[1587,105] 1 [1588,108]
[1588,108] 1 [1589,111]
[1589,111] 1 [1590,114]
[1590,114] 1 [1591,116]
[1591,116] 1 [1592,120]
[1592,120] 1 [1593,123]
[1593,123] 1 [1594,127]
[1594,127] 1 [1595,130]
[1595,130] 1 [1596,133]
[1596,133] 1 [1597,137]
[1597,137] 1 [1598,140]
[1598,140] 1 [1599,143]
[1599,143] 1 [1600,146]
[1600,146] 1 [1601,148]
[1601,148] 1 [1602,152]
[1602,152] 1 [1603,155]
[1603,155] 1 [1604,159]
[1604,159] 1 [1605,161]
[1605,161] 1 [1606,163]
[1606,163] 1 [1607,165]
[1607,165] 1 [1608,168]
[1608,168] 1 [1609,170]
[1609,170] 1 [1610,174]
[1610,174] 1 [1611,177]
[1611,177] 1 [1612,6]
[1612,6] 1 [1613,6]
[1613,6] 1 [1614,6]
[1614,6] 1 [1615,6]
[1615,6] 1 [1616,6]
[1616,6] 1 [1617,6]
[1617,6] 1 [1618,6]
[1618,6] 1 [1619,6]
[1619,6] 1 [1620,6]
[1620,6] 1 [1621,6]
[1621,6] 1 [1622,6]
[1622,6] 1 [1623,6]
[1623,6] 1 [1624,9]
[1624,9] 0 [1625,10]
[1625,10] 2 [1626,9]
[1626,9] 1 [1627,10]
[1627,10] 1 [1628,12]
[1628,12] 1 [1629,16]
[1629,16] 2 [1630,13]
[1630,13] 1 [1631,15]
[1631,15] 1 [1632,18]
[1632,18] 1 [1633,21]
[1633,21] 2 [1634,18]
[1634,18] 2 [1635,14]
[1635,14] 1 [1636,12]
[1636,12] 1 [1637,16]
[1637,16] 2 [1638,13]
[1638,13] 1 [1639,15]
[1639,15] 2 [1640,12]
[1640,12] 1 [1641,12]
[1641,12] 1 [1642,14]
[1642,14] 2 [1643,10]
[1643,10] 2 [1644,7]
[1644,7] 1 [1645,8]
[1645,8] 1 [1646,11]
[1646,11] 2 [1647,9]
[1647,9] 1 [1648,10]
[1648,10] 1 [1649,13]
[1649,13] 1 [1650,15]
[1650,15] 1 [1651,18]
[1651,18] 1 [1652,20]
[1652,20] 1 [1653,24]
[1653,24] 1 [1654,28]
[1654,28] 1 [1655,30]
[1655,30] 1 [1656,32]
[1656,32] 1 [1657,36]
[1657,36] 1 [1658,40]
[1658,40] 1 [1659,44]
[1659,44] 1 [1660,47]
[1660,47] 1 [1661,50]
[1661,50] 1 [1662,54]
[1662,54] 1 [1663,56]
[1663,56] 1 [1664,60]
[1664,60] 1 [1665,63]
[1665,63] 1 [1666,65]
[1666,65] 1 [1667,69]
[1667,69] 1 [1668,71]
[1668,71] 1 [1669,73]
[1669,73] 1 [1670,76]
[1670,76] 1 [1671,80]
[1671,80] 1 [1672,82]
[1672,82] 1 [1673,85]
[1673,85] 1 [1674,89]
[1674,89] 1 [1675,93]
[1675,93] 1 [1676,97]
[1676,97] 1 [1677,100]
[1677,100] 1 [1678,103]
[1678,103] 1 [1679,107]
[1679,107] 1 [1680,110]
[1680,110] 1 [1681,113]
[1681,113] 1 [1682,115]
[1682,115] 1 [1683,117]
[1683,117] 1 [1684,119]
[1684,119] 1 [1685,122]
[1685,122] 1 [1686,125]
[1686,125] 1 [1687,127]
[1687,127] 1 [1688,131]
[1688,131] 1 [1689,134]
[1689,134] 1 [1690,137]
[1690,137] 1 [1691,141]
[1691,141] 1 [1692,143]
[1692,143] 1 [1693,147]
[1693,147] 1 [1694,151]
[1694,151] 1 [1695,153]
[1695,153] 1 [1696,157]
[1696,157] 1 [1697,159]
[1697,159] 1 [1698,163]
[1698,163] 1 [1699,165]
[1699,165] 1 [1700,169]
[1700,169] 1 [1701,173]
[1701,173] 1 [1702,177]
[1702,177] 1 [1703,6]
[1703,6] 1 [1704,6]
[1704,6] 1 [1705,6]
[1705,6] 1 [1706,6]
[1706,6] 1 [1707,6]
[1707,6] 1 [1708,6]
[1708,6] 1 [1709,6]
[1709,6] 1 [1710,6]
[1710,6] 1 [1711,6]
[1711,6] 1 [1712,6]
[1712,6] 1 [1713,9]
[1713,9] 1 [1714,11]
[1714,11] 1 [1715,15]
[1715,15] 2 [1716,13]
[1716,13] 1 [1717,16]
[1717,16] 2 [1718,12]
[1718,12] 1 [1719,12]
[1719,12] 1 [1720,15]
[1720,15] 1 [1721,18]
[1721,18] 2 [1722,14]
[1722,14] 1 [1723,16]
[1723,16] 2 [1724,12]
[1724,12] 1 [1725,15]
[1725,15] 1 [1726,17]
[1726,17] 1 [1727,21]
[1727,21] 1 [1728,25]
[1728,25] 1 [1729,29]
[1729,29] 1 [1730,31]
[1730,31] 1 [1731,35]
[1731,35] 1 [1732,38]
[1732,38] 1 [1733,42]
[1733,42] 1 [1734,44]
[1734,44] 1 [1735,46]
[1735,46] 1 [1736,49]
[1736,49] 1 [1737,53]
[1737,53] 1 [1738,57]
[1738,57] 1 [1739,61]
[1739,61] 1 [1740,63]
[1740,63] 1 [1741,66]
[1741,66] 1 [1742,70]
[1742,70] 1 [1743,72]
[1743,72] 1 [1744,76]
[1744,76] 1 [1745,78]
[1745,78] 1 [1746,80]
[1746,80] 1 [1747,82]
[1747,82] 1 [1748,84]
[1748,84] 1 [1749,87]
[1749,87] 1 [1750,91]
[1750,91] 1 [1751,94]
[1751,94] 1 [1752,96]
[1752,96] 1 [1753,100]
[1753,100] 1 [1754,103]
[1754,103] 1 [1755,106]
[1755,106] 1 [1756,108]
[1756,108] 1 [1757,112]
[1757,112] 1 [1758,116]
[1758,116] 1 [1759,119]
[1759,119] 1 [1760,123]
[1760,123] 1 [1761,126]
[1761,126] 1 [1762,128]
[1762,128] 1 [1763,132]
[1763,132] 1 [1764,134]
[1764,134] 1 [1765,136]
[1765,136] 1 [1766,140]
[1766,140] 1 [1767,144]
[1767,144] 1 [1768,148]
[1768,148] 1 [1769,151]
[1769,151] 1 [1770,154]
[1770,154] 1 [1771,157]
[1771,157] 1 [1772,161]
[1772,161] 1 [1773,165]
[1773,165] 1 [1774,169]
[1774,169] 1 [1775,172]
[1775,172] 1 [1776,175]
[1776,175] 1 [1777,6]
[1777,6] 1 [1778,6]
[1778,6] 1 [1779,6]
[1779,6] 1 [1780,6]
[1780,6] 1 [1781,6]
[1781,6] 1 [1782,6]
[1782,6] 1 [1783,6]
[1783,6] 1 [1784,6]
[1784,6] 1 [1785,6]
[1785,6] 0 [1786,6]
[1786,6] 1 [1787,8]
[1787,8] 1 [1788,11]
[1788,11] 2 [1789,7]
[1789,7] 1 [1790,9]
[1790,9] 1 [1791,13]
[1791,13] 2 [1792,9]
[1792,9] 1 [1793,8]
[1793,8] 1 [1794,12]
[1794,12] 2 [1795,9]
[1795,9] 1 [1796,11]
[1796,11] 1 [1797,14]
[1797,14] 1 [1798,17]
[1798,17] 1 [1799,19]
[1799,19] 2 [1800,15]
[1800,15] 2 [1801,11]
[1801,11] 1 [1802,13]
[1802,13] 2 [1803,9]
[1803,9] 1 [1804,11]
[1804,11] 2 [1805,7]
[1805,7] 1 [1806,9]
[1806,9] 1 [1807,11]
[1807,11] 2 [1808,9]
[1808,9] 1 [1809,11]
[1809,11] 2 [1810,9]
[1810,9] 1 [1811,11]
[1811,11] 2 [1812,8]
[1812,8] 1 [1813,10]
[1813,10] 1 [1814,12]
[1814,12] 1 [1815,14]
[1815,14] 1 [1816,18]
[1816,18] 1 [1817,21]
[1817,21] 1 [1818,24]
[1818,24] 1 [1819,28]
[1819,28] 1 [1820,31]
[1820,31] 1 [1821,34]
[1821,34] 1 [1822,38]
[1822,38] 1 [1823,41]
[1823,41] 1 [1824,44]
[1824,44] 1 [1825,48]
[1825,48] 1 [1826,52]
[1826,52] 1 [1827,56]
[1827,56] 1 [1828,58]
[1828,58] 1 [1829,60]
[1829,60] 1 [1830,62]
[1830,62] 1 [1831,66]
[1831,66] 1 [1832,69]
[1832,69] 1 [1833,71]
[1833,71] 1 [1834,74]
[1834,74] 1 [1835,77]
[1835,77] 1 [1836,80]
[1836,80] 1 [1837,83]
[1837,83] 1 [1838,85]
[1838,85] 1 [1839,88]
[1839,88] 1 [1840,91]
[1840,91] 1 [1841,93]
[1841,93] 1 [1842,97]
[1842,97] 1 [1843,101]
[1843,101] 1 [1844,105]
[1844,105] 1 [1845,107]
[1845,107] 1 [1846,111]
[1846,111] 1 [1847,115]
[1847,115] 1 [1848,118]
[1848,118] 1 [1849,120]
[1849,120] 1 [1850,124]
[1850,124] 2 [1851,120]
[1851,120] 2 [1852,116]
[1852,116] 1 [1853,119]
[1853,119] 1 [1854,122]
[1854,122] 1 [1855,124]
[1855,124] 1 [1856,127]
[1856,127] 1 [1857,131]
[1857,131] 1 [1858,134]
[1858,134] 1 [1859,136]
[1859,136] 1 [1860,140]
[1860,140] 1 [1861,142]
[1861,142] 1 [1862,146]
[1862,146] 1 [1863,149]
[1863,149] 1 [1864,152]
[1864,152] 1 [1865,156]
[1865,156] 1 [1866,160]
[1866,160] 1 [1867,162]
[1867,162] 1 [1868,166]
[1868,166] 1 [1869,168]
[1869,168] 1 [1870,170]
[1870,170] 1 [1871,174]
[1871,174] 1 [1872,177]
[1872,177] 1 [1873,6]
[1873,6] 1 [1874,6]
[1874,6] 1 [1875,6]
[1875,6] 1 [1876,6]
[1876,6] 1 [1877,6]
[1877,6] 1 [1878,6]
[1878,6] 1 [1879,6]
[1879,6] 1 [1880,6]
[1880,6] 1 [1881,6]
[1881,6] 1 [1882,6]
[1882,6] 1 [1883,8]
[1883,8] 1 [1884,11]
[1884,11] 1 [1885,14]
[1885,14] 1 [1886,18]
[1886,18] 1 [1887,21]
[1887,21] 1 [1888,25]
[1888,25] 1 [1889,29]
[1889,29] 1 [1890,33]
[1890,33] 1 [1891,35]
[1891,35] 1 [1892,38]
[1892,38] 1 [1893,40]
[1893,40] 1 [1894,42]
[1894,42] 1 [1895,45]
[1895,45] 1 [1896,47]
[1896,47] 1 [1897,49]
[1897,49] 1 [1898,52]
[1898,52] 1 [1899,54]
[1899,54] 1 [1900,56]
[1900,56] 1 [1901,59]
[1901,59] 1 [1902,62]
[1902,62] 1 [1903,66]
[1903,66] 1 [1904,68]
[1904,68] 1 [1905,71]
[1905,71] 1 [1906,75]
[1906,75] 1 [1907,79]
[1907,79] 1 [1908,83]
[1908,83] 1 [1909,85]
[1909,85] 1 [1910,88]
[1910,88] 1 [1911,91]
[1911,91] 1 [1912,94]
[1912,94] 1 [1913,98]
[1913,98] 1 [1914,100]
[1914,100] 1 [1915,104]
[1915,104] 1 [1916,106]
[1916,106] 1 [1917,108]
[1917,108] 1 [1918,111]
[1918,111] 1 [1919,114]
[1919,114] 1 [1920,118]
[1920,118] 1 [1921,120]
[1921,120] 1 [1922,123]
[1922,123] 1 [1923,125]
[1923,125] 1 [1924,129]
[1924,129] 1 [1925,132]
[1925,132] 1 [1926,135]
[1926,135] 1 [1927,138]
[1927,138] 1 [1928,140]
[1928,140] 1 [1929,143]
[1929,143] 1 [1930,147]
[1930,147] 1 [1931,149]
[1931,149] 1 [1932,152]
[1932,152] 1 [1933,155]
[1933,155] 1 [1934,157]
[1934,157] 1 [1935,161]
[1935,161] 1 [1936,164]
[1936,164] 1 [1937,167]
[1937,167] 1 [1938,169]
[1938,169] 1 [1939,173]
[1939,173] 1 [1940,175]
[1940,175] 1 [1941,6]
[1941,6] 1 [1942,6]
[1942,6] 1 [1943,6]
[1943,6] 1 [1944,6]
[1944,6] 1 [1945,6]
[1945,6] 1 [1946,6]
[1946,6] 1 [1947,6]
[1947,6] 1 [1948,6]
[1948,6] 1 [1949,6]
[1949,6] 1 [1950,6]
[1950,6] 1 [1951,6]
[1951,6] 1 [1952,7]
[1952,7] 2 [1953,6]
[1953,6] 1 [1954,7]
[1954,7] 1 [1955,10]
[1955,10] 1 [1956,13]
[1956,13] 2 [1957,10]
[1957,10] 1 [1958,12]
[1958,12] 2 [1959,10]
[1959,10] 1 [1960,12]
[1960,12] 1 [1961,14]
[1961,14] 1 [1962,17]
[1962,17] 1 [1963,20]
[1963,20] 1 [1964,24]
[1964,24] 1 [1965,26]
[1965,26] 1 [1966,28]
[1966,28] 1 [1967,30]
[1967,30] 1 [1968,33]
[1968,33] 1 [1969,35]
[1969,35] 1 [1970,38]
[1970,38] 1 [1971,41]
[1971,41] 1 [1972,43]
[1972,43] 1 [1973,47]
[1973,47] 1 [1974,49]
[1974,49] 2 [1975,46]
[1975,46] 1 [1976,46]
[1976,46] 1 [1977,49]
[1977,49] 1 [1978,53]
[1978,53] 2 [1979,50]
[1979,50] 1 [1980,52]
[1980,52] 2 [1981,48]
[1981,48] 1 [1982,50]
[1982,50] 1 [1983,53]
[1983,53] 1 [1984,56]
[1984,56] 1 [1985,60]
[1985,60] 1 [1986,62]
[1986,62] 1 [1987,64]
[1987,64] 1 [1988,67]
[1988,67] 1 [1989,69]
[1989,69] 1 [1990,72]
[1990,72] 1 [1991,76]
[1991,76] 1 [1992,80]
[1992,80] 1 [1993,83]
[1993,83] 1 [1994,87]
[1994,87] 1 [1995,91]
[1995,91] 1 [1996,94]
[1996,94] 1 [1997,96]
[1997,96] 1 [1998,100]
[1998,100] 1 [1999,104]
[1999,104] 1 [2000,108]
[2000,108] 1 [2001,112]
[2001,112] 1 [2002,114]
[2002,114] 1 [2003,117]
[2003,117] 1 [2004,120]
[2004,120] 1 [2005,122]
[2005,122] 1 [2006,125]
[2006,125] 1 [2007,128]
[2007,128] 1 [2008,131]
[2008,131] 1 [2009,135]
[2009,135] 1 [2010,137]
[2010,137] 1 [2011,139]
[2011,139] 1 [2012,142]
[2012,142] 1 [2013,144]
[2013,144] 1 [2014,146]
[2014,146] 1 [2015,150]
[2015,150] 1 [2016,153]
[2016,153] 1 [2017,157]
[2017,157] 1 [2018,161]
[2018,161] 1 [2019,165]
[2019,165] 1 [2020,169]
[2020,169] 1 [2021,172]
[2021,172] 1 [2022,176]
[2022,176] 1 [2023,6]
[2023,6] 1 [2024,6]
[2024,6] 1 [2025,6]
[2025,6] 1 [2026,6]
[2026,6] 1 [2027,6]
[2027,6] 1 [2028,6]
[2028,6] 1 [2029,6]
[2029,6] 1 [2030,6]
[2030,6] 1 [2031,6]
[2031,6] 1 [2032,6]
[2032,6] 0 [2033,6]
[2033,6] 1 [2034,8]
[2034,8] 2 [2035,7]
[2035,7] 2 [2036,6]
[2036,6] 1 [2037,9]
[2037,9] 2 [2038,6]
[2038,6] 1 [2039,8]
[2039,8] 1 [2040,10]
[2040,10] 1 [2041,12]
[2041,12] 2 [2042,8]
[2042,8] 1 [2043,10]
[2043,10] 1 [2044,12]
[2044,12] 2 [2045,9]
[2045,9] 1 [2046,11]
[2046,11] 1 [2047,13]
[2047,13] 1 [2048,15]
[2048,15] 1 [2049,19]
[2049,19] 1 [2050,21]
[2050,21] 1 [2051,25]
[2051,25] 1 [2052,27]
[2052,27] 1 [2053,29]
[2053,29] 1 [2054,33]
[2054,33] 1 [2055,37]
[2055,37] 1 [2056,40]
[2056,40] 1 [2057,43]
[2057,43] 1 [2058,46]
[2058,46] 1 [2059,49]
[2059,49] 1 [2060,52]
[2060,52] 1 [2061,55]
[2061,55] 1 [2062,57]
[2062,57] 1 [2063,59]
[2063,59] 1 [2064,63]
[2064,63] 1 [2065,65]
[2065,65] 1 [2066,67]
[2066,67] 1 [2067,70]
[2067,70] 1 [2068,74]
[2068,74] 1 [2069,78]
[2069,78] 1 [2070,80]
[2070,80] 1 [2071,84]
[2071,84] 1 [2072,87]
[2072,87] 1 [2073,90]
[2073,90] 1 [2074,93]
[2074,93] 1 [2075,97]
[2075,97] 1 [2076,101]
[2076,101] 1 [2077,105]
[2077,105] 1 [2078,107]
[2078,107] 1 [2079,109]
[2079,109] 1 [2080,112]
[2080,112] 1 [2081,115]
[2081,115] 1 [2082,118]
[2082,118] 1 [2083,120]
[2083,120] 1 [2084,123]
[2084,123] 1 [2085,126]
[2085,126] 1 [2086,129]
[2086,129] 1 [2087,132]
[2087,132] 1 [2088,135]
[2088,135] 1 [2089,138]
[2089,138] 1 [2090,140]
[2090,140] 1 [2091,142]
[2091,142] 1 [2092,144]
[2092,144] 1 [2093,146]
[2093,146] 1 [2094,150]
[2094,150] 1 [2095,153]
[2095,153] 1 [2096,155]
[2096,155] 1 [2097,159]
[2097,159] 1 [2098,163]
[2098,163] 1 [2099,167]
[2099,167] 1 [2100,171]
[2100,171] 1 [2101,173]
[2101,173] 1 [2102,177]
[2102,177] 1 [2103,6]
[2103,6] 1 [2104,6]
[2104,6] 1 [2105,6]
[2105,6] 1 [2106,6]
[2106,6] 1 [2107,6]
[2107,6] 1 [2108,6]
[2108,6] 1 [2109,6]
[2109,6] 1 [2110,6]
[2110,6] 1 [2111,6]
[2111,6] 1 [2112,8]
[2112,8] 2 [2113,6]
[2113,6] 1 [2114,9]
[2114,9] 1 [2115,11]
[2115,11] 2 [2116,7]
[2116,7] 1 [2117,10]
[2117,10] 1 [2118,13]
[2118,13] 1 [2119,17]
[2119,17] 2 [2120,13]
[2120,13] 2 [2121,9]
[2121,9] 1 [2122,11]
[2122,11] 2 [2123,8]
[2123,8] 1 [2124,10]
[2124,10] 1 [2125,12]
[2125,12] 1 [2126,16]
[2126,16] 1 [2127,19]
[2127,19] 1 [2128,23]
[2128,23] 2 [2129,19]
[2129,19] 2 [2130,16]
[2130,16] 1 [2131,18]
[2131,18] 1 [2132,22]
[2132,22] 1 [2133,25]
[2133,25] 1 [2134,28]
[2134,28] 1 [2135,32]
[2135,32] 1 [2136,34]
[2136,34] 1 [2137,38]
[2137,38] 1 [2138,42]
[2138,42] 1 [2139,44]
[2139,44] 1 [2140,46]
[2140,46] 1 [2141,49]
[2141,49] 1 [2142,52]
[2142,52] 1 [2143,54]
[2143,54] 1 [2144,56]
[2144,56] 1 [2145,58]
[2145,58] 1 [2146,61]
[2146,61] 1 [2147,65]
[2147,65] 1 [2148,67]
[2148,67] 1 [2149,71]
[2149,71] 1 [2150,73]
[2150,73] 1 [2151,76]
[2151,76] 1 [2152,78]
[2152,78] 1 [2153,82]
[2153,82] 1 [2154,84]
[2154,84] 1 [2155,88]
[2155,88] 1 [2156,90]
[2156,90] 1 [2157,92]
[2157,92] 1 [2158,95]
[2158,95] 1 [2159,98]
[2159,98] 1 [2160,100]
[2160,100] 1 [2161,102]
[2161,102] 1 [2162,106]
[2162,106] 1 [2163,108]
[2163,108] 1 [2164,112]
[2164,112] 1 [2165,115]
[2165,115] 1 [2166,118]
[2166,118] 1 [2167,120]
[2167,120] 1 [2168,122]
[2168,122] 1 [2169,126]
[2169,126] 1 [2170,128]
[2170,128] 1 [2171,130]
[2171,130] 1 [2172,133]
[2172,133] 1 [2173,135]
[2173,135] 1 [2174,138]
[2174,138] 1 [2175,140]
[2175,140] 1 [2176,142]
[2176,142] 1 [2177,146]
[2177,146] 1 [2178,150]
[2178,150] 1 [2179,152]
[2179,152] 1 [2180,156]
[2180,156] 1 [2181,158]
[2181,158] 1 [2182,161]
[2182,161] 1 [2183,164]
[2183,164] 1 [2184,168]
[2184,168] 1 [2185,171]
[2185,171] 1 [2186,175]
[2186,175] 1 [2187,6]
[2187,6] 1 [2188,6]
[2188,6] 1 [2189,6]
[2189,6] 1 [2190,6]
[2190,6] 1 [2191,6]
[2191,6] 1 [2192,6]
[2192,6] 1 [2193,6]
[2193,6] 1 [2194,6]
[2194,6] 1 [2195,6]
[2195,6] 1 [2196,6]
[2196,6] 1 [2197,6]
[2197,6] 1 [2198,6]
[2198,6] 0 [2199,6]
[2199,6] 1 [2200,9]
[2200,9] 1 [2201,12]
[2201,12] 2 [2202,10]
[2202,10] 2 [2203,6]
[2203,6] 1 [2204,8]
[2204,8] 1 [2205,11]
[2205,11] 2 [2206,9]
[2206,9] 1 [2207,11]
[2207,11] 0 [2208,11]
[2208,11] 2 [2209,7]
[2209,7] 1 [2210,9]
[2210,9] 1 [2211,11]
[2211,11] 2 [2212,7]
[2212,7] 1 [2213,9]
[2213,9] 1 [2214,13]
[2214,13] 2 [2215,9]
[2215,9] 1 [2216,11]
[2216,11] 2 [2217,7]
[2217,7] 1 [2218,10]
[2218,10] 2 [2219,6]
[2219,6] 1 [2220,10]
[2220,10] 1 [2221,12]
[2221,12] 2 [2222,9]
[2222,9] 1 [2223,10]
[2223,10] 1 [2224,13]
[2224,13] 1 [2225,15]
[2225,15] 1 [2226,18]
[2226,18] 1 [2227,22]
[2227,22] 1 [2228,24]
[2228,24] 1 [2229,27]
[2229,27] 1 [2230,31]
[2230,31] 1 [2231,34]
[2231,34] 1 [2232,36]
[2232,36] 1 [2233,39]
[2233,39] 1 [2234,41]
[2234,41] 1 [2235,43]
[2235,43] 1 [2236,46]
[2236,46] 1 [2237,48]
[2237,48] 1 [2238,52]
[2238,52] 1 [2239,54]
[2239,54] 1 [2240,56]
[2240,56] 1 [2241,58]
[2241,58] 1 [2242,62]
[2242,62] 1 [2243,64]
[2243,64] 1 [2244,67]
[2244,67] 1 [2245,70]
[2245,70] 1 [2246,74]
[2246,74] 1 [2247,78]
[2247,78] 1 [2248,81]
[2248,81] 1 [2249,85]
[2249,85] 1 [2250,88]
[2250,88] 1 [2251,91]
[2251,91] 1 [2252,94]
[2252,94] 1 [2253,96]
[2253,96] 1 [2254,99]
[2254,99] 1 [2255,101]
[2255,101] 1 [2256,105]
[2256,105] 1 [2257,108]
[2257,108] 1 [2258,111]
[2258,111] 1 [2259,114]
[2259,114] 1 [2260,118]
[2260,118] 1 [2261,121]
[2261,121] 1 [2262,124]
[2262,124] 1 [2263,128]
[2263,128] 1 [2264,130]
[2264,130] 1 [2265,133]
[2265,133] 1 [2266,135]
[2266,135] 1 [2267,139]
[2267,139] 1 [2268,141]
[2268,141] 1 [2269,145]
[2269,145] 1 [2270,147]
[2270,147] 1 [2271,151]
[2271,151] 1 [2272,155]
[2272,155] 1 [2273,157]
[2273,157] 1 [2274,161]
[2274,161] 1 [2275,164]
[2275,164] 1 [2276,168]
[2276,168] 1 [2277,172]
[2277,172] 1 [2278,176]
[2278,176] 1 [2279,6]
[2279,6] 1 [2280,6]
[2280,6] 1 [2281,6]
[2281,6] 1 [2282,6]
[2282,6] 1 [2283,6]
[2283,6] 1 [2284,6]
[2284,6] 1 [2285,6]
[2285,6] 1 [2286,6]
[2286,6] 1 [2287,6]
[2287,6] 1 [2288,6]
[2288,6] 1 [2289,8]
[2289,8] 1 [2290,11]
[2290,11] 2 [2291,10]
[2291,10] 1 [2292,14]
[2292,14] 1 [2293,18]
[2293,18] 1 [2294,22]
[2294,22] 1 [2295,25]
[2295,25] 1 [2296,27]
[2296,27] 1 [2297,30]
[2297,30] 1 [2298,33]
[2298,33] 1 [2299,36]
[2299,36] 1 [2300,38]
[2300,38] 1 [2301,41]
[2301,41] 1 [2302,45]
[2302,45] 1 [2303,48]
[2303,48] 1 [2304,52]
[2304,52] 1 [2305,56]
[2305,56] 1 [2306,60]
[2306,60] 1 [2307,62]
[2307,62] 1 [2308,64]
[2308,64] 1 [2309,66]
[2309,66] 1 [2310,69]
[2310,69] 1 [2311,72]
[2311,72] 1 [2312,74]
[2312,74] 1 [2313,78]
[2313,78] 1 [2314,81]
[2314,81] 1 [2315,85]
[2315,85] 1 [2316,89]
[2316,89] 1 [2317,93]
[2317,93] 1 [2318,96]
[2318,96] 1 [2319,98]
[2319,98] 1 [2320,101]
[2320,101] 1 [2321,103]
[2321,103] 1 [2322,105]
[2322,105] 1 [2323,107]
[2323,107] 1 [2324,110]
[2324,110] 1 [2325,114]
[2325,114] 1 [2326,117]
[2326,117] 1 [2327,120]
[2327,120] 1 [2328,122]
[2328,122] 1 [2329,126]
[2329,126] 1 [2330,130]
[2330,130] 1 [2331,133]
[2331,133] 1 [2332,137]
[2332,137] 1 [2333,141]
[2333,141] 1 [2334,145]
[2334,145] 1 [2335,147]
[2335,147] 1 [2336,151]
[2336,151] 1 [2337,153]
[2337,153] 1 [2338,155]
[2338,155] 1 [2339,159]
[2339,159] 1 [2340,163]
[2340,163] 1 [2341,165]
[2341,165] 1 [2342,167]
[2342,167] 1 [2343,169]
[2343,169] 1 [2344,171]
[2344,171] 1 [2345,173]
[2345,173] 1 [2346,177]
[2346,177] 1 [2347,6]
[2347,6] 1 [2348,6]
[2348,6] 1 [2349,6]
[2349,6] 1 [2350,6]
[2350,6] 1 [2351,6]
[2351,6] 1 [2352,6]
[2352,6] 1 [2353,6]
[2353,6] 1 [2354,6]
[2354,6] 1 [2355,6]
[2355,6] 1 [2356,8]
[2356,8] 1 [2357,11]
[2357,11] 2 [2358,9]
[2358,9] 1 [2359,9]
[2359,9] 1 [2360,13]
[2360,13] 1 [2361,15]
[2361,15] 2 [2362,11]
[2362,11] 1 [2363,13]
[2363,13] 1 [2364,15]
[2364,15] 1 [2365,18]
[2365,18] 1 [2366,20]
[2366,20] 2 [2367,16]
[2367,16] 2 [2368,13]
[2368,13] 1 [2369,15]
[2369,15] 1 [2370,17]
[2370,17] 1 [2371,21]
[2371,21] 1 [2372,24]
[2372,24] 1 [2373,28]
[2373,28] 1 [2374,30]
[2374,30] 1 [2375,33]
[2375,33] 1 [2376,36]
[2376,36] 1 [2377,39]
[2377,39] 1 [2378,42]
[2378,42] 1 [2379,45]
[2379,45] 1 [2380,47]
[2380,47] 1 [2381,50]
[2381,50] 1 [2382,53]
[2382,53] 1 [2383,56]
[2383,56] 1 [2384,59]
[2384,59] 1 [2385,61]
[2385,61] 1 [2386,63]
[2386,63] 1 [2387,65]
[2387,65] 1 [2388,69]
[2388,69] 1 [2389,73]
[2389,73] 1 [2390,75]
[2390,75] 1 [2391,77]
[2391,77] 1 [2392,81]
[2392,81] 1 [2393,85]
[2393,85] 1 [2394,87]
[2394,87] 1 [2395,90]
[2395,90] 1 [2396,92]
[2396,92] 1 [2397,95]
[2397,95] 1 [2398,99]
[2398,99] 1 [2399,102]
[2399,102] 1 [2400,104]
[2400,104] 1 [2401,106]
[2401,106] 1 [2402,110]
[2402,110] 1 [2403,112]
[2403,112] 1 [2404,114]
[2404,114] 1 [2405,118]
[2405,118] 1 [2406,121]
[2406,121] 1 [2407,123]
[2407,123] 1 [2408,127]
[2408,127] 1 [2409,130]
[2409,130] 1 [2410,133]
[2410,133] 1 [2411,135]
[2411,135] 1 [2412,138]
[2412,138] 1 [2413,141]
[2413,141] 1 [2414,143]
[2414,143] 1 [2415,145]
[2415,145] 1 [2416,148]
[2416,148] 1 [2417,152]
[2417,152] 1 [2418,156]
[2418,156] 1 [2419,158]
[2419,158] 1 [2420,160]
[2420,160] 1 [2421,163]
[2421,163] 1 [2422,166]
[2422,166] 1 [2423,168]
[2423,168] 1 [2424,172]
[2424,172] 1 [2425,176]
[2425,176] 1 [2426,6]
[2426,6] 1 [2427,6]
[2427,6] 1 [2428,6]
[2428,6] 1 [2429,6]
[2429,6] 1 [2430,6]
[2430,6] 1 [2431,6]
[2431,6] 1 [2432,6]
[2432,6] 1 [2433,6]
[2433,6] 0 [2434,6]
[2434,6] 1 [2435,9]
[2435,9] 1 [2436,12]
[2436,12] 2 [2437,8]
[2437,8] 1 [2438,12]
[2438,12] 2 [2439,9]
[2439,9] 1 [2440,11]
[2440,11] 1 [2441,14]
[2441,14] 1 [2442,18]
[2442,18] 1 [2443,22]
[2443,22] 1 [2444,24]
[2444,24] 1 [2445,28]
[2445,28] 2 [2446,24]
[2446,24] 2 [2447,20]
[2447,20] 2 [2448,16]
[2448,16] 2 [2449,13]
[2449,13] 1 [2450,15]
[2450,15] 2 [2451,11]
[2451,11] 2 [2452,8]
[2452,8] 1 [2453,11]
[2453,11] 1 [2454,14]
[2454,14] 1 [2455,16]
[2455,16] 2 [2456,12]
[2456,12] 1 [2457,15]
[2457,15] 1 [2458,17]
[2458,17] 1 [2459,20]
[2459,20] 1 [2460,23]
[2460,23] 2 [2461,19]
[2461,19] 1 [2462,21]
[2462,21] 1 [2463,23]
[2463,23] 1 [2464,27]
[2464,27] 1 [2465,30]
[2465,30] 1 [2466,34]
[2466,34] 1 [2467,36]
[2467,36] 1 [2468,40]
[2468,40] 1 [2469,42]
[2469,42] 1 [2470,45]
[2470,45] 1 [2471,48]
[2471,48] 1 [2472,51]
[2472,51] 1 [2473,55]
[2473,55] 1 [2474,58]
[2474,58] 1 [2475,62]
[2475,62] 1 [2476,64]
[2476,64] 1 [2477,66]
[2477,66] 1 [2478,70]
[2478,70] 1 [2479,74]
[2479,74] 1 [2480,77]
[2480,77] 1 [2481,81]
[2481,81] 1 [2482,84]
[2482,84] 1 [2483,88]
[2483,88] 1 [2484,92]
[2484,92] 1 [2485,94]
[2485,94] 1 [2486,97]
[2486,97] 1 [2487,99]
[2487,99] 1 [2488,101]
[2488,101] 1 [2489,104]
[2489,104] 1 [2490,108]
[2490,108] 1 [2491,112]
[2491,112] 2 [2492,110]
[2492,110] 1 [2493,112]
[2493,112] 1 [2494,116]
[2494,116] 1 [2495,119]
[2495,119] 2 [2496,116]
[2496,116] 1 [2497,118]
[2497,118] 1 [2498,122]
[2498,122] 1 [2499,124]
[2499,124] 1 [2500,128]
[2500,128] 1 [2501,130]
[2501,130] 1 [2502,132]
[2502,132] 1 [2503,135]
[2503,135] 2 [2504,132]
[2504,132] 1 [2505,134]
[2505,134] 1 [2506,138]
[2506,138] 1 [2507,142]
[2507,142] 1 [2508,146]
[2508,146] 1 [2509,149]
[2509,149] 1 [2510,152]
[2510,152] 1 [2511,156]
[2511,156] 1 [2512,160]
[2512,160] 1 [2513,164]
[2513,164] 1 [2514,167]
[2514,167] 1 [2515,170]
[2515,170] 1 [2516,174]
[2516,174] 1 [2517,177]
[2517,177] 1 [2518,6]
[2518,6] 1 [2519,6]
[2519,6] 1 [2520,6]
[2520,6] 1 [2521,6]
[2521,6] 1 [2522,6]
[2522,6] 1 [2523,6]
[2523,6] 1 [2524,6]
[2524,6] 1 [2525,6]
[2525,6] 1 [2526,6]
[2526,6] 1 [2527,6]
[2527,6] 1 [2528,10]
[2528,10] 0 [2529,10]
[2529,10] 1 [2530,13]
[2530,13] 1 [2531,17]
[2531,17] 0 [2532,17]
[2532,17] 2 [2533,13]
[2533,13] 2 [2534,9]
[2534,9] 1 [2535,11]
[2535,11] 1 [2536,14]
[2536,14] 1 [2537,18]
[2537,18] 1 [2538,20]
[2538,20] 2 [2539,16]
[2539,16] 2 [2540,12]
[2540,12] 1 [2541,15]
[2541,15] 2 [2542,11]
[2542,11] 1 [2543,13]
[2543,13] 1 [2544,16]
[2544,16] 1 [2545,19]
[2545,19] 2 [2546,15]
[2546,15] 1 [2547,17]
[2547,17] 1 [2548,20]
[2548,20] 1 [2549,23]
[2549,23] 1 [2550,26]
[2550,26] 1 [2551,29]
[2551,29] 1 [2552,33]
[2552,33] 1 [2553,36]
[2553,36] 1 [2554,38]
[2554,38] 1 [2555,41]
[2555,41] 1 [2556,44]
[2556,44] 1 [2557,48]
[2557,48] 1 [2558,51]
[2558,51] 1 [2559,55]
[2559,55] 1 [2560,57]
[2560,57] 1 [2561,61]
[2561,61] 1 [2562,63]
[2562,63] 1 [2563,65]
[2563,65] 1 [2564,67]
[2564,67] 1 [2565,70]
[2565,70] 1 [2566,74]
[2566,74] 1 [2567,77]
[2567,77] 1 [2568,80]
[2568,80] 1 [2569,84]
[2569,84] 1 [2570,87]
[2570,87] 1 [2571,90]
[2571,90] 1 [2572,94]
[2572,94] 1 [2573,97]
[2573,97] 1 [2574,101]
[2574,101] 1 [2575,104]
[2575,104] 2 [2576,100]
[2576,100] 1 [2577,101]
[2577,101] 1 [2578,104]
[2578,104] 1 [2579,106]
[2579,106] 1 [2580,110]
[2580,110] 1 [2581,112]
[2581,112] 1 [2582,115]
[2582,115] 1 [2583,119]
[2583,119] 1 [2584,123]
[2584,123] 1 [2585,126]
[2585,126] 1 [2586,129]
[2586,129] 1 [2587,131]
[2587,131] 1 [2588,133]
[2588,133] 1 [2589,136]
[2589,136] 1 [2590,139]
[2590,139] 1 [2591,142]
[2591,142] 1 [2592,145]
[2592,145] 1 [2593,149]
[2593,149] 1 [2594,151]
[2594,151] 1 [2595,155]
[2595,155] 1 [2596,159]
[2596,159] 1 [2597,161]
[2597,161] 1 [2598,165]
[2598,165] 1 [2599,169]
[2599,169] 1 [2600,173]
[2600,173] 1 [2601,177]
[2601,177] 1 [2602,6]
[2602,6] 1 [2603,6]
[2603,6] 1 [2604,6]
[2604,6] 1 [2605,6]
[2605,6] 1 [2606,6]
[2606,6] 1 [2607,6]
[2607,6] 1 [2608,6]
[2608,6] 1 [2609,6]
[2609,6] 1 [2610,6]
[2610,6] 1 [2611,6]
[2611,6] 1 [2612,6]
[2612,6] 1 [2613,6]
[2613,6] 1 [2614,10]
[2614,10] 0 [2615,10]
[2615,10] 1 [2616,12]
[2616,12] 1 [2617,14]
[2617,14] 1 [2618,18]
[2618,18] 1 [2619,22]
[2619,22] 1 [2620,24]
[2620,24] 1 [2621,27]
[2621,27] 2 [2622,25]
[2622,25] 1 [2623,25]
[2623,25] 2 [2624,23]
[2624,23] 1 [2625,26]
[2625,26] 1 [2626,28]
[2626,28] 2 [2627,24]
[2627,24] 1 [2628,26]
[2628,26] 1 [2629,28]
[2629,28] 1 [2630,32]
[2630,32] 1 [2631,36]
[2631,36] 1 [2632,38]
[2632,38] 1 [2633,40]
[2633,40] 1 [2634,42]
[2634,42] 1 [2635,46]
[2635,46] 1 [2636,49]
[2636,49] 1 [2637,52]
[2637,52] 1 [2638,56]
[2638,56] 1 [2639,60]
[2639,60] 1 [2640,62]
[2640,62] 1 [2641,66]
[2641,66] 1 [2642,68]
[2642,68] 1 [2643,71]
[2643,71] 1 [2644,75]
[2644,75] 1 [2645,79]
[2645,79] 1 [2646,83]
[2646,83] 1 [2647,86]
[2647,86] 1 [2648,89]
[2648,89] 1 [2649,91]
[2649,91] 1 [2650,95]
[2650,95] 1 [2651,98]
[2651,98] 1 [2652,100]
[2652,100] 1 [2653,103]
[2653,103] 1 [2654,106]
[2654,106] 1 [2655,109]
[2655,109] 1 [2656,111]
[2656,111] 1 [2657,113]
[2657,113] 1 [2658,115]
[2658,115] 1 [2659,118]
[2659,118] 1 [2660,120]
[2660,120] 1 [2661,123]
[2661,123] 1 [2662,125]
[2662,125] 1 [2663,128]
[2663,128] 1 [2664,131]
[2664,131] 1 [2665,133]
[2665,133] 1 [2666,136]
[2666,136] 1 [2667,139]
[2667,139] 1 [2668,143]
[2668,143] 1 [2669,147]
[2669,147] 1 [2670,149]
[2670,149] 1 [2671,153]
[2671,153] 1 [2672,157]
[2672,157] 1 [2673,159]
[2673,159] 1 [2674,163]
[2674,163] 1 [2675,166]
[2675,166] 1 [2676,168]
[2676,168] 1 [2677,170]
[2677,170] 1 [2678,173]
[2678,173] 1 [2679,175]
