[0,6] 1 [1,10]
[1,10] 1 [2,14]
[2,14] 1 [3,18]
[3,18] 1 [4,22]
[4,22] 1 [5,25]
[5,25] 1 [6,29]
[6,29] 1 [7,33]
[7,33] 1 [8,35]
[8,35] 1 [9,38]
[9,38] 1 [10,42]
[10,42] 1 [11,46]
[11,46] 1 [12,49]
[12,49] 1 [13,51]
[13,51] 1 [14,54]
[14,54] 1 [15,58]
[15,58] 1 [16,61]
[16,61] 1 [17,64]
[17,64] 1 [18,67]
[18,67] 1 [19,71]
[19,71] 1 [20,74]
[20,74] 1 [21,76]
[21,76] 1 [22,78]
[22,78] 1 [23,81]
[23,81] 1 [24,85]
[24,85] 1 [25,87]
[25,87] 1 [26,89]
[26,89] 1 [27,92]
[27,92] 1 [28,96]
[28,96] 1 [29,99]
[29,99] 1 [30,102]
[30,102] 1 [31,106]
[31,106] 1 [32,110]
[32,110] 1 [33,114]
[33,114] 1 [34,117]
[34,117] 1 [35,121]
[35,121] 1 [36,123]
[36,123] 1 [37,127]
[37,127] 1 [38,130]
[38,130] 1 [39,132]
[39,132] 1 [40,135]
[40,135] 1 [41,138]
[41,138] 1 [42,140]
[42,140] 1 [43,142]
[43,142] 1 [44,144]
[44,144] 1 [45,146]
[45,146] 1 [46,148]
[46,148] 1 [47,152]
[47,152] 1 [48,155]
[48,155] 1 [49,158]
[49,158] 1 [50,161]
[50,161] 1 [51,164]
[51,164] 1 [52,167]
[52,167] 1 [53,171]
[53,171] 1 [54,174]
[54,174] 1 [55,177]
[55,177] 1 [56,6]
[56,6] 1 [57,6]
[57,6] 1 [58,6]
[58,6] 1 [59,6]
[59,6] 1 [60,6]
[60,6] 1 [61,6]
[61,6] 1 [62,6]
[62,6] 1 [63,6]
[63,6] 1 [64,6]
[64,6] 1 [65,6]
[65,6] 1 [66,8]
[66,8] 1 [67,11]
[67,11] 2 [68,9]
[68,9] 1 [69,12]
[69,12] 2 [70,8]
[70,8] 1 [71,12]
[71,12] 2 [72,8]
[72,8] 1 [73,8]
[73,8] 2 [74,6]
[74,6] 1 [75,9]
[75,9] 1 [76,12]
[76,12] 2 [77,8]
[77,8] 1 [78,11]
[78,11] 2 [79,9]
[79,9] 1 [80,7]
[80,7] 1 [81,9]
[81,9] 1 [82,12]
[82,12] 2 [83,9]
[83,9] 1 [84,11]
[84,11] 2 [85,9]
[85,9] 1 [86,11]
[86,11] 1 [87,14]
[87,14] 1 [88,18]
[88,18] 1 [89,20]
[89,20] 1 [90,23]
[90,23] 1 [91,26]
[91,26] 1 [92,29]
[92,29] 1 [93,31]
[93,31] 1 [94,33]
[94,33] 1 [95,36]
[95,36] 1 [96,40]
[96,40] 1 [97,43]
[97,43] 1 [98,45]
[98,45] 1 [99,47]
[99,47] 1 [100,49]
[100,49] 1 [101,53]
[101,53] 1 [102,56]
[102,56] 1 [103,60]
[103,60] 1 [104,64]
[104,64] 1 [105,66]
[105,66] 1 [106,69]
[106,69] 1 [107,72]
[107,72] 1 [108,74]
[108,74] 1 [109,78]
[109,78] 1 [110,80]
[110,80] 1 [111,83]
[111,83] 1 [112,85]
[112,85] 1 [113,89]
[113,89] 1 [114,91]
[114,91] 1 [115,95]
[115,95] 1 [116,97]
[116,97] 1 [117,100]
[117,100] 1 [118,103]
[118,103] 1 [119,107]
[119,107] 1 [120,111]
[120,111] 1 [121,114]
[121,114] 1 [122,118]
[122,118] 1 [123,122]
[123,122] 1 [124,124]
[124,124] 1 [125,128]
[125,128] 1 [126,130]
[126,130] 1 [127,134]
[127,134] 1 [128,138]
[128,138] 1 [129,142]
[129,142] 1 [130,146]
[130,146] 1 [131,148]
[131,148] 1 [132,150]
[132,150] 1 [133,153]
[133,153] 1 [134,155]
[134,155] 1 [135,158]
[135,158] 1 [136,161]
[136,161] 1 [137,164]
[137,164] 1 [138,167]
[138,167] 1 [139,169]
[139,169] 1 [140,171]
[140,171] 1 [141,175]
[141,175] 1 [142,6]
[142,6] 1 [143,6]
[143,6] 1 [144,6]
[144,6] 1 [145,6]
[145,6] 1 [146,6]
[146,6] 1 [147,6]
[147,6] 1 [148,6]
[148,6] 1 [149,6]
[149,6] 1 [150,6]
[150,6] 1 [151,8]
[151,8] 1 [152,10]
[152,10] 1 [153,14]
[153,14] 1 [154,18]
[154,18] 1 [155,20]
[155,20] 2 [156,17]
[156,17] 1 [157,19]
[157,19] 1 [158,21]
[158,21] 1 [159,25]
[159,25] 1 [160,29]
[160,29] 1 [161,32]
[161,32] 1 [162,35]
[162,35] 1 [163,37]
[163,37] 1 [164,39]
[164,39] 1 [165,42]
[165,42] 1 [166,45]
[166,45] 1 [167,48]
[167,48] 1 [168,50]
[168,50] 1 [169,54]
[169,54] 1 [170,56]
[170,56] 1 [171,58]
[171,58] 1 [172,61]
[172,61] 1 [173,65]
[173,65] 1 [174,69]
[174,69] 1 [175,71]
[175,71] 1 [176,73]
[176,73] 1 [177,75]
[177,75] 1 [178,79]
[178,79] 1 [179,81]
[179,81] 1 [180,83]
[180,83] 1 [181,85]
[181,85] 1 [182,87]
[182,87] 1 [183,89]
[183,89] 1 [184,93]
[184,93] 1 [185,97]
[185,97] 1 [186,100]
[186,100] 1 [187,104]
[187,104] 1 [188,106]
[188,106] 1 [189,108]
[189,108] 1 [190,110]
[190,110] 1 [191,112]
[191,112] 1 [192,116]
[192,116] 1 [193,119]
[193,119] 1 [194,121]
[194,121] 1 [195,124]
[195,124] 1 [196,126]
[196,126] 1 [197,130]
[197,130] 1 [198,134]
[198,134] 1 [199,137]
[199,137] 1 [200,140]
[200,140] 1 [201,142]
[201,142] 1 [202,144]
[202,144] 1 [203,147]
[203,147] 1 [204,149]
[204,149] 1 [205,151]
[205,151] 1 [206,155]
[206,155] 1 [207,159]
[207,159] 1 [208,163]
[208,163] 1 [209,165]
[209,165] 1 [210,168]
[210,168] 1 [211,171]
[211,171] 1 [212,175]
[212,175] 1 [213,6]
[213,6] 1 [214,6]
[214,6] 1 [215,6]
[215,6] 1 [216,6]
[216,6] 1 [217,6]
[217,6] 1 [218,6]
[218,6] 1 [219,6]
[219,6] 1 [220,6]
[220,6] 1 [221,6]
[221,6] 1 [222,6]
[222,6] 1 [223,6]
[223,6] 1 [224,10]
[224,10] 1 [225,12]
[225,12] 2 [226,9]
[226,9] 1 [227,11]
[227,11] 2 [228,8]
[228,8] 1 [229,11]
[229,11] 1 [230,14]
[230,14] 2 [231,10]
[231,10] 1 [232,12]
[232,12] 2 [233,9]
[233,9] 1 [234,9]
[234,9] 1 [235,12]
[235,12] 2 [236,8]
[236,8] 1 [237,11]
[237,11] 2 [238,8]
[238,8] 2 [239,6]
[239,6] 1 [240,6]
[240,6] 1 [241,9]
[241,9] 1 [242,13]
[242,13] 1 [243,15]
[243,15] 1 [244,17]
[244,17] 1 [245,19]
[245,19] 2 [246,15]
[246,15] 1 [247,18]
[247,18] 1 [248,22]
[248,22] 1 [249,26]
[249,26] 1 [250,28]
[250,28] 1 [251,32]
[251,32] 1 [252,36]
[252,36] 1 [253,39]
[253,39] 1 [254,42]
[254,42] 1 [255,44]
[255,44] 1 [256,47]
[256,47] 1 [257,49]
[257,49] 1 [258,51]
[258,51] 1 [259,53]
[259,53] 1 [260,55]
[260,55] 1 [261,59]
[261,59] 1 [262,61]
[262,61] 1 [263,64]
[263,64] 1 [264,68]
[264,68] 1 [265,72]
[265,72] 1 [266,75]
[266,75] 1 [267,78]
[267,78] 1 [268,82]
[268,82] 1 [269,84]
[269,84] 1 [270,88]
[270,88] 1 [271,91]
[271,91] 1 [272,95]
[272,95] 1 [273,98]
[273,98] 1 [274,100]
[274,100] 1 [275,104]
[275,104] 1 [276,106]
[276,106] 1 [277,110]
[277,110] 1 [278,112]
[278,112] 1 [279,116]
[279,116] 1 [280,120]
[280,120] 1 [281,124]
[281,124] 1 [282,128]
[282,128] 1 [283,130]
[283,130] 1 [284,132]
[284,132] 1 [285,135]
[285,135] 1 [286,137]
[286,137] 1 [287,140]
[287,140] 1 [288,142]
[288,142] 1 [289,146]
[289,146] 1 [290,148]
[290,148] 1 [291,152]
[291,152] 1 [292,156]
[292,156] 1 [293,160]
[293,160] 1 [294,164]
[294,164] 1 [295,168]
[295,168] 1 [296,172]
[296,172] 1 [297,176]
[297,176] 1 [298,6]
[298,6] 1 [299,6]
[299,6] 1 [300,6]
[300,6] 1 [301,6]
[301,6] 1 [302,6]
[302,6] 1 [303,6]
[303,6] 1 [304,6]
[304,6] 1 [305,6]
[305,6] 1 [306,6]
[306,6] 0 [307,6]
[307,6] 1 [308,8]
[308,8] 1 [309,10]
[309,10] 1 [310,14]
[310,14] 2 [311,10]
[311,10] 1 [312,11]
[312,11] 1 [313,14]
[313,14] 1 [314,17]
[314,17] 1 [315,19]
[315,19] 2 [316,15]
[316,15] 2 [317,11]
[317,11] 2 [318,8]
[318,8] 1 [319,10]
[319,10] 1 [320,14]
[320,14] 1 [321,18]
[321,18] 1 [322,20]
[322,20] 1 [323,24]
[323,24] 1 [324,28]
[324,28] 1 [325,31]
[325,31] 2 [326,27]
[326,27] 1 [327,29]
[327,29] 1 [328,33]
[328,33] 1 [329,36]
[329,36] 1 [330,38]
[330,38] 1 [331,40]
[331,40] 1 [332,43]
[332,43] 1 [333,47]
[333,47] 1 [334,51]
[334,51] 1 [335,55]
[335,55] 1 [336,59]
[336,59] 1 [337,62]
[337,62] 1 [338,65]
[338,65] 1 [339,67]
[339,67] 1 [340,70]
[340,70] 1 [341,74]
[341,74] 1 [342,78]
[342,78] 1 [343,81]
[343,81] 1 [344,83]
[344,83] 1 [345,87]
[345,87] 1 [346,89]
[346,89] 1 [347,92]
[347,92] 1 [348,96]
[348,96] 1 [349,98]
[349,98] 1 [350,101]
[350,101] 1 [351,104]
[351,104] 1 [352,107]
[352,107] 1 [353,110]
[353,110] 1 [354,112]
[354,112] 1 [355,116]
[355,116] 1 [356,119]
[356,119] 2 [357,115]
[357,115] 2 [358,112]
[358,112] 2 [359,108]
[359,108] 1 [360,110]
[360,110] 1 [361,112]
[361,112] 1 [362,114]
[362,114] 1 [363,117]
[363,117] 1 [364,120]
[364,120] 1 [365,124]
[365,124] 1 [366,128]
[366,128] 1 [367,130]
[367,130] 1 [368,132]
[368,132] 1 [369,134]
[369,134] 1 [370,136]
[370,136] 1 [371,138]
[371,138] 1 [372,140]
[372,140] 1 [373,143]
[373,143] 1 [374,145]
[374,145] 1 [375,148]
[375,148] 1 [376,152]
[376,152] 1 [377,156]
[377,156] 1 [378,158]
[378,158] 1 [379,162]
[379,162] 1 [380,164]
[380,164] 1 [381,166]
[381,166] 1 [382,170]
[382,170] 1 [383,172]
[383,172] 1 [384,176]
[384,176] 1 [385,6]
[385,6] 1 [386,6]
[386,6] 1 [387,6]
[387,6] 1 [388,6]
[388,6] 1 [389,6]
[389,6] 1 [390,6]
[390,6] 1 [391,6]
[391,6] 1 [392,6]
[392,6] 1 [393,6]
[393,6] 1 [394,6]
[394,6] 0 [395,6]
[395,6] 1 [396,8]
[396,8] 2 [397,6]
[397,6] 1 [398,6]
[398,6] 1 [399,8]
[399,8] 1 [400,12]
[400,12] 2 [401,9]
[401,9] 2 [402,6]
[402,6] 1 [403,8]
[403,8] 1 [404,11]
[404,11] 2 [405,8]
[405,8] 2 [406,6]
[406,6] 1 [407,8]
[407,8] 1 [408,12]
[408,12] 1 [409,15]
[409,15] 1 [410,17]
[410,17] 2 [411,13]
[411,13] 1 [412,15]
[412,15] 2 [413,11]
[413,11] 1 [414,12]
[414,12] 1 [415,15]
[415,15] 1 [416,18]
[416,18] 1 [417,22]
[417,22] 1 [418,25]
[418,25] 1 [419,29]
[419,29] 1 [420,31]
[420,31] 1 [421,35]
[421,35] 1 [422,39]
[422,39] 1 [423,43]
[423,43] 1 [424,45]
[424,45] 1 [425,48]
[425,48] 1 [426,50]
[426,50] 1 [427,54]
[427,54] 1 [428,58]
[428,58] 1 [429,62]
[429,62] 1 [430,65]
[430,65] 1 [431,69]
[431,69] 1 [432,71]
[432,71] 1 [433,73]
[433,73] 1 [434,75]
[434,75] 1 [435,78]
[435,78] 1 [436,81]
[436,81] 1 [437,85]
[437,85] 1 [438,88]
[438,88] 1 [439,91]
[439,91] 1 [440,93]
[440,93] 1 [441,97]
[441,97] 1 [442,101]
[442,101] 1 [443,103]
[443,103] 1 [444,105]
[444,105] 1 [445,108]
[445,108] 1 [446,111]
[446,111] 2 [447,108]
[447,108] 2 [448,104]
[448,104] 1 [449,106]
[449,106] 1 [450,110]
[450,110] 1 [451,112]
[451,112] 1 [452,114]
[452,114] 1 [453,118]
[453,118] 1 [454,121]
[454,121] 1 [455,123]
[455,123] 1 [456,127]
[456,127] 1 [457,130]
[457,130] 1 [458,133]
[458,133] 1 [459,135]
[459,135] 1 [460,139]
[460,139] 1 [461,142]
[461,142] 1 [462,145]
[462,145] 1 [463,147]
[463,147] 1 [464,150]
[464,150] 1 [465,153]
[465,153] 1 [466,155]
[466,155] 1 [467,159]
[467,159] 1 [468,161]
[468,161] 1 [469,164]
[469,164] 1 [470,166]
[470,166] 1 [471,170]
[471,170] 1 [472,172]
[472,172] 1 [473,176]
[473,176] 1 [474,6]
[474,6] 1 [475,6]
[475,6] 1 [476,6]
[476,6] 1 [477,6]
[477,6] 1 [478,6]
[478,6] 1 [479,6]
[479,6] 1 [480,6]
[480,6] 1 [481,6]
[481,6] 1 [482,6]
[482,6] 1 [483,7]
[483,7] 1 [484,11]
[484,11] 0 [485,11]
[485,11] 2 [486,8]
[486,8] 2 [487,6]
[487,6] 1 [488,6]
[488,6] 1 [489,8]
[489,8] 1 [490,12]
[490,12] 1 [491,15]
[491,15] 1 [492,18]
[492,18] 1 [493,21]
[493,21] 1 [494,24]
[494,24] 1 [495,28]
[495,28] 2 [496,24]
[496,24] 1 [497,26]
[497,26] 1 [498,30]
[498,30] 1 [499,34]
[499,34] 1 [500,38]
[500,38] 1 [501,40]
[501,40] 1 [502,43]
[502,43] 1 [503,45]
[503,45] 1 [504,47]
[504,47] 1 [505,51]
[505,51] 1 [506,54]
[506,54] 1 [507,56]
[507,56] 1 [508,60]
[508,60] 1 [509,64]
[509,64] 1 [510,66]
[510,66] 1 [511,70]
[511,70] 1 [512,72]
[512,72] 1 [513,76]
[513,76] 1 [514,80]
[514,80] 1 [515,83]
[515,83] 1 [516,86]
[516,86] 1 [517,90]
[517,90] 1 [518,92]
[518,92] 1 [519,95]
[519,95] 1 [520,97]
[520,97] 1 [521,99]
[521,99] 1 [522,102]
[522,102] 1 [523,104]
[523,104] 1 [524,107]
[524,107] 1 [525,109]
[525,109] 1 [526,111]
[526,111] 1 [527,115]
[527,115] 1 [528,119]
[528,119] 1 [529,121]
[529,121] 1 [530,123]
[530,123] 1 [531,127]
[531,127] 1 [532,130]
[532,130] 1 [533,133]
[533,133] 1 [534,135]
[534,135] 1 [535,137]
[535,137] 1 [536,140]
[536,140] 1 [537,142]
[537,142] 1 [538,146]
[538,146] 1 [539,148]
[539,148] 1 [540,150]
[540,150] 1 [541,153]
[541,153] 1 [542,156]
[542,156] 1 [543,160]
[543,160] 1 [544,163]
[544,163] 1 [545,167]
[545,167] 1 [546,169]
[546,169] 1 [547,171]
[547,171] 1 [548,174]
[548,174] 1 [549,176]
[549,176] 1 [550,6]
[550,6] 1 [551,6]
[551,6] 1 [552,6]
[552,6] 1 [553,6]
[553,6] 1 [554,6]
[554,6] 1 [555,6]
[555,6] 1 [556,6]
[556,6] 1 [557,6]
[557,6] 1 [558,6]
[558,6] 1 [559,6]
[559,6] 1 [560,6]
[560,6] 1 [561,6]
[561,6] 1 [562,9]
[562,9] 2 [563,6]
[563,6] 1 [564,10]
[564,10] 1 [565,14]
[565,14] 1 [566,18]
[566,18] 1 [567,20]
[567,20] 1 [568,24]
[568,24] 1 [569,27]
[569,27] 1 [570,29]
[570,29] 1 [571,33]
[571,33] 1 [572,37]
[572,37] 1 [573,41]
[573,41] 1 [574,44]
[574,44] 1 [575,48]
[575,48] 1 [576,51]
[576,51] 1 [577,53]
[577,53] 1 [578,56]
[578,56] 1 [579,59]
[579,59] 1 [580,62]
[580,62] 1 [581,66]
[581,66] 1 [582,68]
[582,68] 1 [583,70]
[583,70] 1 [584,74]
[584,74] 1 [585,76]
[585,76] 1 [586,80]
[586,80] 1 [587,84]
[587,84] 1 [588,86]
[588,86] 1 [589,90]
[589,90] 1 [590,92]
[590,92] 1 [591,96]
[591,96] 1 [592,99]
[592,99] 1 [593,101]
[593,101] 1 [594,104]
[594,104] 1 [595,107]
[595,107] 1 [596,110]
[596,110] 1 [597,112]
[597,112] 1 [598,116]
[598,116] 1 [599,120]
[599,120] 1 [600,124]
[600,124] 1 [601,128]
[601,128] 1 [602,131]
[602,131] 1 [603,135]
[603,135] 1 [604,138]
[604,138] 1 [605,141]
[605,141] 1 [606,145]
[606,145] 1 [607,148]
[607,148] 1 [608,151]
[608,151] 1 [609,153]
[609,153] 1 [610,155]
[610,155] 1 [611,158]
[611,158] 1 [612,160]
[612,160] 1 [613,163]
[613,163] 1 [614,165]
[614,165] 1 [615,169]
[615,169] 1 [616,171]
[616,171] 1 [617,173]
[617,173] 1 [618,176]
[618,176] 1 [619,6]
[619,6] 1 [620,6]
[620,6] 1 [621,6]
[621,6] 1 [622,6]
[622,6] 1 [623,6]
[623,6] 1 [624,6]
[624,6] 1 [625,6]
[625,6] 1 [626,6]
[626,6] 0 [627,6]
[627,6] 1 [628,8]
[628,8] 1 [629,11]
[629,11] 2 [630,9]
[630,9] 2 [631,6]
[631,6] 1 [632,8]
[632,8] 1 [633,11]
[633,11] 2 [634,7]
[634,7] 1 [635,9]
[635,9] 1 [636,12]
[636,12] 1 [637,15]
[637,15] 1 [638,19]
[638,19] 1 [639,22]
[639,22] 1 [640,25]
[640,25] 1 [641,29]
[641,29] 1 [642,32]
[642,32] 1 [643,34]
[643,34] 1 [644,36]
[644,36] 1 [645,40]
[645,40] 1 [646,42]
[646,42] 1 [647,44]
[647,44] 1 [648,48]
[648,48] 1 [649,50]
[649,50] 1 [650,54]
[650,54] 1 [651,58]
[651,58] 1 [652,61]
[652,61] 1 [653,65]
[653,65] 1 [654,68]
[654,68] 1 [655,72]
[655,72] 1 [656,76]
[656,76] 1 [657,79]
[657,79] 1 [658,81]
[658,81] 1 [659,85]
[659,85] 1 [660,87]
[660,87] 1 [661,90]
[661,90] 1 [662,92]
[662,92] 1 [663,96]
[663,96] 1 [664,98]
[664,98] 1 [665,100]
[665,100] 1 [666,103]
[666,103] 1 [667,107]
[667,107] 1 [668,109]
[668,109] 1 [669,111]
[669,111] 1 [670,113]
[670,113] 1 [671,115]
[671,115] 1 [672,118]
[672,118] 1 [673,120]
[673,120] 1 [674,122]
[674,122] 1 [675,125]
[675,125] 1 [676,127]
[676,127] 1 [677,130]
[677,130] 1 [678,133]
[678,133] 1 [679,135]
[679,135] 1 [680,137]
[680,137] 1 [681,141]
[681,141] 1 [682,143]
[682,143] 1 [683,147]
[683,147] 1 [684,149]
[684,149] 1 [685,152]
[685,152] 1 [686,155]
[686,155] 1 [687,158]
[687,158] 1 [688,160]
[688,160] 1 [689,164]
[689,164] 1 [690,166]
[690,166] 1 [691,169]
[691,169] 1 [692,171]
[692,171] 1 [693,173]
[693,173] 1 [694,177]
[694,177] 1 [695,6]
[695,6] 1 [696,6]
[696,6] 1 [697,6]
[697,6] 1 [698,6]
[698,6] 1 [699,6]
[699,6] 1 [700,6]
[700,6] 1 [701,6]
[701,6] 1 [702,6]
[702,6] 1 [703,6]
[703,6] 1 [704,9]
[704,9] 1 [705,12]
[705,12] 2 [706,8]
[706,8] 1 [707,11]
[707,11] 1 [708,13]
[708,13] 1 [709,15]
[709,15] 1 [710,19]
[710,19] 1 [711,22]
[711,22] 1 [712,26]
[712,26] 1 [713,28]
[713,28] 1 [714,32]
[714,32] 1 [715,36]
[715,36] 1 [716,38]
[716,38] 1 [717,42]
[717,42] 1 [718,46]
[718,46] 1 [719,48]
[719,48] 1 [720,52]
[720,52] 1 [721,54]
[721,54] 1 [722,57]
[722,57] 1 [723,59]
[723,59] 1 [724,62]
[724,62] 1 [725,66]
[725,66] 1 [726,70]
[726,70] 1 [727,74]
[727,74] 1 [728,78]
[728,78] 1 [729,81]
[729,81] 1 [730,84]
[730,84] 1 [731,86]
[731,86] 1 [732,89]
[732,89] 1 [733,91]
[733,91] 1 [734,94]
[734,94] 1 [735,98]
[735,98] 1 [736,102]
[736,102] 1 [737,104]
[737,104] 1 [738,106]
[738,106] 1 [739,109]
[739,109] 1 [740,111]
[740,111] 1 [741,113]
[741,113] 1 [742,116]
[742,116] 1 [743,119]
[743,119] 1 [744,123]
[744,123] 1 [745,125]
[745,125] 1 [746,129]
[746,129] 1 [747,132]
[747,132] 1 [748,135]
[748,135] 1 [749,137]
[749,137] 1 [750,139]
[750,139] 1 [751,141]
[751,141] 1 [752,145]
[752,145] 1 [753,148]
[753,148] 1 [754,151]
[754,151] 1 [755,154]
[755,154] 1 [756,157]
[756,157] 1 [757,159]
[757,159] 1 [758,161]
[758,161] 1 [759,165]
[759,165] 1 [760,169]
[760,169] 1 [761,173]
[761,173] 1 [762,175]
[762,175] 1 [763,6]
[763,6] 1 [764,6]
[764,6] 1 [765,6]
[765,6] 1 [766,6]
[766,6] 1 [767,6]
[767,6] 1 [768,6]
[768,6] 1 [769,6]
[769,6] 1 [770,6]
[770,6] 1 [771,6]
[771,6] 1 [772,10]
[772,10] 1 [773,13]
[773,13] 1 [774,17]
[774,17] 1 [775,21]
[775,21] 1 [776,23]
[776,23] 1 [777,27]
[777,27] 1 [778,31]
[778,31] 1 [779,35]
[779,35] 1 [780,39]
[780,39] 1 [781,43]
[781,43] 1 [782,46]
[782,46] 1 [783,49]
[783,49] 1 [784,53]
[784,53] 1 [785,55]
[785,55] 1 [786,57]
[786,57] 1 [787,61]
[787,61] 1 [788,64]
[788,64] 1 [789,68]
[789,68] 1 [790,72]
[790,72] 1 [791,76]
[791,76] 1 [792,79]
[792,79] 1 [793,82]
[793,82] 1 [794,85]
[794,85] 1 [795,89]
[795,89] 1 [796,93]
[796,93] 1 [797,95]
[797,95] 1 [798,99]
[798,99] 1 [799,101]
[799,101] 1 [800,103]
[800,103] 1 [801,106]
[801,106] 1 [802,108]
[802,108] 1 [803,111]
[803,111] 1 [804,114]
[804,114] 1 [805,117]
[805,117] 1 [806,119]
[806,119] 1 [807,121]
[807,121] 1 [808,124]
[808,124] 1 [809,128]
[809,128] 1 [810,132]
[810,132] 1 [811,134]
[811,134] 1 [812,138]
[812,138] 1 [813,142]
[813,142] 1 [814,144]
[814,144] 1 [815,148]
[815,148] 1 [816,152]
[816,152] 1 [817,154]
[817,154] 1 [818,157]
[818,157] 1 [819,159]
[819,159] 1 [820,162]
[820,162] 1 [821,166]
[821,166] 1 [822,170]
[822,170] 1 [823,174]
[823,174] 1 [824,177]
[824,177] 1 [825,6]
[825,6] 1 [826,6]
[826,6] 1 [827,6]
[827,6] 1 [828,6]
[828,6] 1 [829,6]
[829,6] 1 [830,6]
[830,6] 1 [831,6]
[831,6] 1 [832,6]
[832,6] 1 [833,6]
[833,6] 1 [834,6]
[834,6] 1 [835,6]
[835,6] 1 [836,10]
[836,10] 2 [837,6]
[837,6] 1 [838,10]
[838,10] 1 [839,12]
[839,12] 1 [840,14]
[840,14] 1 [841,16]
[841,16] 2 [842,12]
[842,12] 1 [843,13]
[843,13] 1 [844,17]
[844,17] 1 [845,20]
[845,20] 1 [846,24]
[846,24] 1 [847,28]
[847,28] 1 [848,31]
[848,31] 1 [849,34]
[849,34] 1 [850,37]
[850,37] 1 [851,39]
[851,39] 1 [852,41]
[852,41] 1 [853,44]
[853,44] 1 [854,47]
[854,47] 1 [855,51]
[855,51] 1 [856,54]
[856,54] 1 [857,58]
[857,58] 1 [858,61]
[858,61] 2 [859,57]
[859,57] 1 [860,57]
[860,57] 1 [861,60]
[861,60] 1 [862,62]
[862,62] 1 [863,64]
[863,64] 1 [864,68]
[864,68] 1 [865,70]
[865,70] 1 [866,72]
[866,72] 1 [867,74]
[867,74] 1 [868,78]
[868,78] 1 [869,82]
[869,82] 1 [870,85]
[870,85] 1 [871,89]
[871,89] 1 [872,93]
[872,93] 1 [873,95]
[873,95] 1 [874,98]
[874,98] 1 [875,100]
[875,100] 1 [876,102]
[876,102] 1 [877,105]
[877,105] 1 [878,108]
[878,108] 1 [879,111]
[879,111] 1 [880,114]
[880,114] 1 [881,118]
[881,118] 1 [882,122]
[882,122] 1 [883,126]
[883,126] 1 [884,129]
[884,129] 1 [885,133]
[885,133] 1 [886,136]
[886,136] 1 [887,139]
[887,139] 1 [888,141]
[888,141] 1 [889,144]
[889,144] 1 [890,146]
[890,146] 1 [891,149]
[891,149] 1 [892,153]
[892,153] 1 [893,157]
[893,157] 1 [894,160]
[894,160] 1 [895,162]
[895,162] 1 [896,164]
[896,164] 1 [897,168]
[897,168] 1 [898,170]
[898,170] 1 [899,174]
[899,174] 1 [900,176]
[900,176] 1 [901,6]
[901,6] 1 [902,6]
[902,6] 1 [903,6]
[903,6] 1 [904,6]
[904,6] 1 [905,6]
[905,6] 1 [906,6]
[906,6] 1 [907,6]
[907,6] 1 [908,6]
[908,6] 1 [909,7]
[909,7] 0 [910,8]
[910,8] 0 [911,8]
[911,8] 1 [912,11]
[912,11] 2 [913,8]
[913,8] 1 [914,11]
[914,11] 1 [915,13]
[915,13] 1 [916,15]
[916,15] 1 [917,19]
[917,19] 1 [918,22]
[918,22] 1 [919,24]
[919,24] 1 [920,28]
[920,28] 1 [921,30]
[921,30] 1 [922,32]
[922,32] 1 [923,35]
[923,35] 1 [924,37]
[924,37] 1 [925,39]
[925,39] 1 [926,42]
[926,42] 1 [927,44]
[927,44] 1 [928,47]
[928,47] 1 [929,50]
[929,50] 1 [930,52]
[930,52] 1 [931,54]
[931,54] 1 [932,56]
[932,56] 1 [933,58]
[933,58] 1 [934,62]
[934,62] 1 [935,64]
[935,64] 1 [936,66]
[936,66] 1 [937,68]
[937,68] 1 [938,72]
[938,72] 1 [939,74]
[939,74] 1 [940,77]
[940,77] 1 [941,79]
[941,79] 1 [942,83]
[942,83] 1 [943,86]
[943,86] 1 [944,88]
[944,88] 1 [945,91]
[945,91] 1 [946,95]
[946,95] 1 [947,99]
[947,99] 1 [948,101]
[948,101] 1 [949,104]
[949,104] 1 [950,107]
[950,107] 1 [951,110]
[951,110] 1 [952,114]
[952,114] 1 [953,118]
[953,118] 1 [954,122]
[954,122] 1 [955,125]
[955,125] 1 [956,129]
[956,129] 1 [957,131]
[957,131] 1 [958,133]
[958,133] 1 [959,135]
[959,135] 1 [960,137]
[960,137] 1 [961,139]
[961,139] 1 [962,142]
[962,142] 1 [963,144]
[963,144] 1 [964,147]
[964,147] 1 [965,149]
[965,149] 1 [966,153]
[966,153] 1 [967,156]
[967,156] 1 [968,158]
[968,158] 1 [969,160]
[969,160] 1 [970,164]
[970,164] 1 [971,168]
[971,168] 1 [972,170]
[972,170] 1 [973,173]
[973,173] 1 [974,176]
[974,176] 1 [975,6]
[975,6] 1 [976,6]
[976,6] 1 [977,6]
[977,6] 1 [978,6]
[978,6] 1 [979,6]
[979,6] 1 [980,6]
[980,6] 1 [981,6]
[981,6] 1 [982,6]
[982,6] 1 [983,6]
[983,6] 1 [984,9]
[984,9] 1 [985,13]
[985,13] 1 [986,15]
[986,15] 2 [987,15]
[987,15] 0 [988,15]
[988,15] 2 [989,13]
[989,13] 2 [990,9]
[990,9] 1 [991,10]
[991,10] 0 [992,11]
[992,11] 2 [993,7]
[993,7] 1 [994,9]
[994,9] 1 [995,11]
[995,11] 2 [996,8]
[996,8] 1 [997,10]
[997,10] 1 [998,12]
[998,12] 2 [999,9]
[999,9] 1 [1000,11]
[1000,11] 1 [1001,13]
[1001,13] 1 [1002,15]
[1002,15] 1 [1003,18]
[1003,18] 2 [1004,16]
[1004,16] 2 [1005,13]
[1005,13] 2 [1006,10]
[1006,10] 1 [1007,12]
[1007,12] 2 [1008,8]
[1008,8] 1 [1009,8]
[1009,8] 1 [1010,10]
[1010,10] 1 [1011,12]
[1011,12] 1 [1012,16]
[1012,16] 1 [1013,18]
[1013,18] 1 [1014,22]
[1014,22] 1 [1015,24]
[1015,24] 1 [1016,27]
[1016,27] 1 [1017,29]
[1017,29] 1 [1018,32]
[1018,32] 1 [1019,35]
[1019,35] 1 [1020,38]
[1020,38] 1 [1021,42]
[1021,42] 1 [1022,44]
[1022,44] 1 [1023,48]
[1023,48] 1 [1024,51]
[1024,51] 1 [1025,53]
[1025,53] 1 [1026,56]
[1026,56] 1 [1027,59]
[1027,59] 1 [1028,61]
[1028,61] 1 [1029,64]
[1029,64] 1 [1030,66]
[1030,66] 1 [1031,68]
[1031,68] 1 [1032,71]
[1032,71] 1 [1033,74]
[1033,74] 1 [1034,76]
[1034,76] 1 [1035,80]
[1035,80] 1 [1036,82]
[1036,82] 1 [1037,85]
[1037,85] 1 [1038,89]
[1038,89] 1 [1039,93]
[1039,93] 1 [1040,95]
[1040,95] 1 [1041,98]
[1041,98] 1 [1042,102]
[1042,102] 1 [1043,106]
[1043,106] 1 [1044,110]
[1044,110] 1 [1045,113]
[1045,113] 1 [1046,116]
[1046,116] 1 [1047,120]
[1047,120] 1 [1048,123]
[1048,123] 1 [1049,126]
[1049,126] 1 [1050,130]
[1050,130] 1 [1051,133]
[1051,133] 1 [1052,136]
[1052,136] 1 [1053,140]
[1053,140] 1 [1054,144]
[1054,144] 1 [1055,148]
[1055,148] 1 [1056,150]
[1056,150] 1 [1057,154]
[1057,154] 1 [1058,156]
[1058,156] 1 [1059,158]
[1059,158] 1 [1060,160]
[1060,160] 1 [1061,164]
[1061,164] 1 [1062,168]
[1062,168] 1 [1063,172]
[1063,172] 1 [1064,174]
[1064,174] 1 [1065,177]
[1065,177] 1 [1066,6]
[1066,6] 1 [1067,6]
[1067,6] 1 [1068,6]
[1068,6] 1 [1069,6]
[1069,6] 1 [1070,6]
[1070,6] 1 [1071,6]
[1071,6] 1 [1072,6]
[1072,6] 1 [1073,6]
[1073,6] 1 [1074,6]
[1074,6] 2 [1075,6]
[1075,6] 1 [1076,6]
[1076,6] 1 [1077,9]
[1077,9] 1 [1078,12]
[1078,12] 2 [1079,8]
[1079,8] 1 [1080,11]
[1080,11] 2 [1081,9]
[1081,9] 1 [1082,9]
[1082,9] 1 [1083,11]
[1083,11] 1 [1084,14]
[1084,14] 2 [1085,10]
[1085,10] 1 [1086,12]
[1086,12] 1 [1087,14]
[1087,14] 1 [1088,18]
[1088,18] 1 [1089,21]
[1089,21] 1 [1090,23]
[1090,23] 1 [1091,25]
[1091,25] 1 [1092,29]
[1092,29] 1 [1093,31]
[1093,31] 1 [1094,33]
[1094,33] 1 [1095,35]
[1095,35] 1 [1096,39]
[1096,39] 1 [1097,41]
[1097,41] 1 [1098,45]
[1098,45] 1 [1099,48]
[1099,48] 1 [1100,50]
[1100,50] 1 [1101,53]
[1101,53] 1 [1102,56]
[1102,56] 1 [1103,59]
[1103,59] 1 [1104,62]
[1104,62] 1 [1105,65]
[1105,65] 1 [1106,67]
[1106,67] 1 [1107,71]
[1107,71] 1 [1108,75]
[1108,75] 1 [1109,78]
[1109,78] 1 [1110,80]
[1110,80] 1 [1111,84]
[1111,84] 1 [1112,86]
[1112,86] 1 [1113,90]
[1113,90] 1 [1114,92]
[1114,92] 1 [1115,96]
[1115,96] 1 [1116,100]
[1116,100] 1 [1117,103]
[1117,103] 1 [1118,106]
[1118,106] 1 [1119,109]
[1119,109] 1 [1120,113]
[1120,113] 1 [1121,117]
[1121,117] 1 [1122,120]
[1122,120] 1 [1123,123]
[1123,123] 1 [1124,127]
[1124,127] 1 [1125,129]
[1125,129] 1 [1126,133]
[1126,133] 1 [1127,136]
[1127,136] 1 [1128,140]
[1128,140] 1 [1129,144]
[1129,144] 1 [1130,147]
[1130,147] 1 [1131,150]
[1131,150] 1 [1132,152]
[1132,152] 1 [1133,156]
[1133,156] 1 [1134,159]
[1134,159] 1 [1135,162]
[1135,162] 1 [1136,165]
[1136,165] 1 [1137,167]
[1137,167] 1 [1138,169]
[1138,169] 1 [1139,172]
[1139,172] 1 [1140,174]
[1140,174] 1 [1141,177]
[1141,177] 1 [1142,6]
[1142,6] 1 [1143,6]
[1143,6] 1 [1144,6]
[1144,6] 1 [1145,6]
[1145,6] 1 [1146,6]
[1146,6] 1 [1147,6]
[1147,6] 1 [1148,6]
[1148,6] 1 [1149,6]
[1149,6] 1 [1150,6]
[1150,6] 1 [1151,6]
[1151,6] 1 [1152,6]
[1152,6] 0 [1153,6]
[1153,6] 1 [1154,8]
[1154,8] 1 [1155,10]
[1155,10] 1 [1156,13]
[1156,13] 2 [1157,11]
[1157,11] 1 [1158,11]
[1158,11] 1 [1159,14]
[1159,14] 1 [1160,16]
[1160,16] 2 [1161,12]
[1161,12] 1 [1162,15]
[1162,15] 2 [1163,12]
[1163,12] 1 [1164,15]
[1164,15] 2 [1165,11]
[1165,11] 1 [1166,13]
[1166,13] 1 [1167,15]
[1167,15] 1 [1168,17]
[1168,17] 2 [1169,13]
[1169,13] 1 [1170,15]
[1170,15] 1 [1171,18]
[1171,18] 2 [1172,14]
[1172,14] 2 [1173,10]
[1173,10] 1 [1174,8]
[1174,8] 1 [1175,8]
[1175,8] 1 [1176,11]
[1176,11] 1 [1177,14]
[1177,14] 1 [1178,16]
[1178,16] 1 [1179,20]
[1179,20] 1 [1180,24]
[1180,24] 1 [1181,27]
[1181,27] 1 [1182,31]
[1182,31] 1 [1183,35]
[1183,35] 2 [1184,31]
[1184,31] 1 [1185,31]
[1185,31] 1 [1186,34]
[1186,34] 1 [1187,37]
[1187,37] 1 [1188,41]
[1188,41] 1 [1189,43]
[1189,43] 1 [1190,47]
[1190,47] 1 [1191,51]
[1191,51] 1 [1192,55]
[1192,55] 1 [1193,59]
[1193,59] 1 [1194,61]
[1194,61] 1 [1195,65]
[1195,65] 1 [1196,69]
[1196,69] 1 [1197,73]
[1197,73] 1 [1198,77]
[1198,77] 1 [1199,81]
[1199,81] 1 [1200,84]
[1200,84] 1 [1201,87]
[1201,87] 1 [1202,91]
[1202,91] 1 [1203,93]
[1203,93] 1 [1204,97]
[1204,97] 1 [1205,100]
[1205,100] 1 [1206,103]
[1206,103] 1 [1207,107]
[1207,107] 1 [1208,110]
[1208,110] 1 [1209,113]
[1209,113] 1 [1210,116]
[1210,116] 1 [1211,118]
[1211,118] 2 [1212,115]
[1212,115] 2 [1213,112]
[1213,112] 2 [1214,109]
[1214,109] 1 [1215,111]
[1215,111] 1 [1216,113]
[1216,113] 1 [1217,117]
[1217,117] 1 [1218,119]
[1218,119] 1 [1219,123]
[1219,123] 1 [1220,127]
[1220,127] 1 [1221,131]
[1221,131] 1 [1222,135]
[1222,135] 1 [1223,138]
[1223,138] 1 [1224,141]
[1224,141] 1 [1225,144]
[1225,144] 1 [1226,146]
[1226,146] 1 [1227,148]
[1227,148] 1 [1228,152]
[1228,152] 1 [1229,154]
[1229,154] 1 [1230,158]
[1230,158] 1 [1231,161]
[1231,161] 1 [1232,165]
[1232,165] 1 [1233,167]
[1233,167] 1 [1234,171]
[1234,171] 1 [1235,174]
[1235,174] 1 [1236,177]
[1236,177] 1 [1237,6]
[1237,6] 1 [1238,6]
[1238,6] 1 [1239,6]
[1239,6] 1 [1240,6]
[1240,6] 1 [1241,6]
[1241,6] 1 [1242,6]
[1242,6] 1 [1243,6]
[1243,6] 1 [1244,6]
[1244,6] 1 [1245,9]
[1245,9] 1 [1246,11]
[1246,11] 1 [1247,14]
[1247,14] 1 [1248,18]
[1248,18] 1 [1249,21]
[1249,21] 1 [1250,24]
[1250,24] 1 [1251,26]
[1251,26] 1 [1252,29]
[1252,29] 1 [1253,33]
[1253,33] 1 [1254,37]
[1254,37] 1 [1255,41]
[1255,41] 1 [1256,45]
[1256,45] 1 [1257,47]
[1257,47] 1 [1258,50]
[1258,50] 1 [1259,54]
[1259,54] 1 [1260,56]
[1260,56] 1 [1261,59]
[1261,59] 1 [1262,61]
[1262,61] 1 [1263,65]
[1263,65] 1 [1264,67]
[1264,67] 1 [1265,69]
[1265,69] 1 [1266,73]
[1266,73] 1 [1267,75]
[1267,75] 1 [1268,77]
[1268,77] 1 [1269,79]
[1269,79] 1 [1270,83]
[1270,83] 1 [1271,87]
[1271,87] 1 [1272,91]
[1272,91] 1 [1273,94]
[1273,94] 1 [1274,96]
[1274,96] 1 [1275,100]
[1275,100] 1 [1276,103]
[1276,103] 1 [1277,106]
[1277,106] 1 [1278,109]
[1278,109] 1 [1279,111]
[1279,111] 1 [1280,114]
[1280,114] 1 [1281,116]
[1281,116] 1 [1282,120]
[1282,120] 1 [1283,124]
[1283,124] 1 [1284,127]
[1284,127] 1 [1285,129]
[1285,129] 1 [1286,131]
[1286,131] 1 [1287,135]
[1287,135] 1 [1288,138]
[1288,138] 1 [1289,141]
[1289,141] 1 [1290,144]
[1290,144] 1 [1291,146]
[1291,146] 1 [1292,149]
[1292,149] 1 [1293,153]
[1293,153] 1 [1294,157]
[1294,157] 1 [1295,161]
[1295,161] 1 [1296,163]
[1296,163] 1 [1297,167]
[1297,167] 1 [1298,169]
[1298,169] 1 [1299,172]
[1299,172] 1 [1300,176]
[1300,176] 1 [1301,6]
[1301,6] 1 [1302,6]
[1302,6] 1 [1303,6]
[1303,6] 1 [1304,6]
[1304,6] 1 [1305,6]
[1305,6] 1 [1306,6]
[1306,6] 1 [1307,6]
[1307,6] 1 [1308,6]
[1308,6] 1 [1309,6]
[1309,6] 1 [1310,7]
[1310,7] 1 [1311,11]
[1311,11] 1 [1312,14]
[1312,14] 2 [1313,10]
[1313,10] 1 [1314,12]
[1314,12] 2 [1315,9]
[1315,9] 1 [1316,11]
[1316,11] 1 [1317,13]
[1317,13] 1 [1318,17]
[1318,17] 1 [1319,20]
[1319,20] 1 [1320,22]
[1320,22] 1 [1321,26]
[1321,26] 1 [1322,30]
[1322,30] 1 [1323,34]
[1323,34] 1 [1324,37]
[1324,37] 1 [1325,41]
[1325,41] 1 [1326,45]
[1326,45] 1 [1327,49]
[1327,49] 0 [1328,50]
[1328,50] 2 [1329,46]
[1329,46] 1 [1330,48]
[1330,48] 2 [1331,46]
[1331,46] 1 [1332,48]
[1332,48] 1 [1333,51]
[1333,51] 2 [1334,47]
[1334,47] 1 [1335,49]
[1335,49] 1 [1336,52]
[1336,52] 1 [1337,54]
[1337,54] 1 [1338,57]
[1338,57] 1 [1339,59]
[1339,59] 1 [1340,62]
[1340,62] 1 [1341,66]
[1341,66] 1 [1342,69]
[1342,69] 1 [1343,72]
[1343,72] 1 [1344,76]
[1344,76] 1 [1345,80]
[1345,80] 1 [1346,82]
[1346,82] 1 [1347,85]
[1347,85] 1 [1348,89]
[1348,89] 1 [1349,91]
[1349,91] 1 [1350,93]
[1350,93] 1 [1351,96]
[1351,96] 1 [1352,100]
[1352,100] 1 [1353,103]
[1353,103] 1 [1354,107]
[1354,107] 1 [1355,109]
[1355,109] 1 [1356,113]
[1356,113] 1 [1357,116]
[1357,116] 1 [1358,118]
[1358,118] 1 [1359,121]
[1359,121] 1 [1360,124]
[1360,124] 1 [1361,127]
[1361,127] 1 [1362,130]
[1362,130] 1 [1363,133]
[1363,133] 1 [1364,136]
[1364,136] 1 [1365,139]
[1365,139] 1 [1366,143]
[1366,143] 1 [1367,147]
[1367,147] 1 [1368,149]
[1368,149] 1 [1369,151]
[1369,151] 1 [1370,154]
[1370,154] 1 [1371,158]
[1371,158] 1 [1372,162]
[1372,162] 1 [1373,165]
[1373,165] 1 [1374,169]
[1374,169] 1 [1375,173]
[1375,173] 1 [1376,177]
[1376,177] 1 [1377,6]
[1377,6] 1 [1378,6]
[1378,6] 1 [1379,6]
[1379,6] 1 [1380,6]
[1380,6] 1 [1381,6]
[1381,6] 1 [1382,6]
[1382,6] 1 [1383,6]
[1383,6] 1 [1384,6]
[1384,6] 1 [1385,6]
[1385,6] 1 [1386,6]
[1386,6] 1 [1387,10]
[1387,10] 1 [1388,13]
[1388,13] 2 [1389,9]
[1389,9] 1 [1390,11]
[1390,11] 2 [1391,11]
[1391,11] 1 [1392,11]
[1392,11] 1 [1393,14]
[1393,14] 2 [1394,10]
[1394,10] 1 [1395,12]
[1395,12] 2 [1396,9]
[1396,9] 1 [1397,12]
[1397,12] 2 [1398,12]
[1398,12] 2 [1399,8]
[1399,8] 1 [1400,10]
[1400,10] 1 [1401,12]
[1401,12] 2 [1402,9]
[1402,9] 1 [1403,11]
[1403,11] 2 [1404,9]
[1404,9] 1 [1405,11]
[1405,11] 2 [1406,9]
[1406,9] 1 [1407,10]
[1407,10] 2 [1408,7]
[1408,7] 1 [1409,10]
[1409,10] 2 [1410,6]
[1410,6] 1 [1411,9]
[1411,9] 1 [1412,11]
[1412,11] 0 [1413,11]
[1413,11] 1 [1414,13]
[1414,13] 1 [1415,17]
[1415,17] 1 [1416,19]
[1416,19] 1 [1417,23]
[1417,23] 1 [1418,25]
[1418,25] 1 [1419,28]
[1419,28] 1 [1420,31]
[1420,31] 1 [1421,34]
[1421,34] 1 [1422,37]
[1422,37] 1 [1423,40]
[1423,40] 1 [1424,42]
[1424,42] 1 [1425,45]
[1425,45] 1 [1426,49]
[1426,49] 1 [1427,53]
[1427,53] 1 [1428,55]
[1428,55] 1 [1429,57]
[1429,57] 1 [1430,59]
[1430,59] 1 [1431,61]
[1431,61] 1 [1432,64]
[1432,64] 1 [1433,68]
[1433,68] 1 [1434,72]
[1434,72] 1 [1435,75]
[1435,75] 1 [1436,78]
[1436,78] 1 [1437,82]
[1437,82] 1 [1438,84]
[1438,84] 1 [1439,88]
[1439,88] 1 [1440,91]
[1440,91] 1 [1441,94]
[1441,94] 1 [1442,98]
[1442,98] 1 [1443,101]
[1443,101] 1 [1444,103]
[1444,103] 1 [1445,105]
[1445,105] 1 [1446,109]
[1446,109] 1 [1447,113]
[1447,113] 1 [1448,116]
[1448,116] 1 [1449,120]
[1449,120] 1 [1450,122]
[1450,122] 1 [1451,124]
[1451,124] 1 [1452,128]
[1452,128] 1 [1453,131]
[1453,131] 1 [1454,133]
[1454,133] 1 [1455,137]
[1455,137] 1 [1456,139]
[1456,139] 1 [1457,143]
[1457,143] 1 [1458,145]
[1458,145] 1 [1459,147]
[1459,147] 1 [1460,150]
[1460,150] 1 [1461,153]
[1461,153] 1 [1462,157]
[1462,157] 1 [1463,161]
[1463,161] 1 [1464,164]
[1464,164] 1 [1465,167]
[1465,167] 1 [1466,170]
[1466,170] 1 [1467,172]
[1467,172] 1 [1468,174]
[1468,174] 1 [1469,177]
[1469,177] 1 [1470,6]
[1470,6] 1 [1471,6]
[1471,6] 1 [1472,6]
[1472,6] 1 [1473,6]
[1473,6] 1 [1474,6]
[1474,6] 1 [1475,6]
[1475,6] 1 [1476,6]
[1476,6] 1 [1477,6]
[1477,6] 1 [1478,6]
[1478,6] 1 [1479,6]
[1479,6] 0 [1480,6]
[1480,6] 1 [1481,9]
[1481,9] 1 [1482,11]
[1482,11] 1 [1483,14]
[1483,14] 1 [1484,16]
[1484,16] 1 [1485,18]
[1485,18] 1 [1486,21]
[1486,21] 1 [1487,25]
[1487,25] 1 [1488,29]
[1488,29] 1 [1489,32]
[1489,32] 1 [1490,36]
[1490,36] 1 [1491,38]
[1491,38] 1 [1492,41]
[1492,41] 1 [1493,44]
[1493,44] 1 [1494,48]
[1494,48] 1 [1495,51]
[1495,51] 1 [1496,53]
[1496,53] 1 [1497,55]
[1497,55] 1 [1498,59]
[1498,59] 1 [1499,61]
[1499,61] 1 [1500,65]
[1500,65] 1 [1501,69]
[1501,69] 1 [1502,71]
[1502,71] 1 [1503,74]
[1503,74] 1 [1504,78]
[1504,78] 1 [1505,81]
[1505,81] 1 [1506,83]
[1506,83] 1 [1507,87]
[1507,87] 1 [1508,90]
[1508,90] 1 [1509,93]
[1509,93] 1 [1510,97]
[1510,97] 1 [1511,101]
[1511,101] 1 [1512,103]
[1512,103] 1 [1513,106]
[1513,106] 1 [1514,108]
[1514,108] 1 [1515,111]
[1515,111] 1 [1516,113]
[1516,113] 1 [1517,117]
[1517,117] 1 [1518,121]
[1518,121] 1 [1519,123]
[1519,123] 1 [1520,125]
[1520,125] 1 [1521,127]
[1521,127] 1 [1522,130]
[1522,130] 1 [1523,133]
[1523,133] 1 [1524,136]
[1524,136] 1 [1525,139]
[1525,139] 1 [1526,141]
[1526,141] 1 [1527,145]
[1527,145] 1 [1528,148]
[1528,148] 1 [1529,152]
[1529,152] 1 [1530,154]
[1530,154] 1 [1531,158]
[1531,158] 1 [1532,160]
[1532,160] 1 [1533,162]
[1533,162] 1 [1534,165]
[1534,165] 1 [1535,167]
[1535,167] 1 [1536,170]
[1536,170] 1 [1537,173]
[1537,173] 1 [1538,176]
[1538,176] 1 [1539,6]
[1539,6] 1 [1540,6]
[1540,6] 1 [1541,6]
[1541,6] 1 [1542,6]
[1542,6] 1 [1543,6]
[1543,6] 1 [1544,6]
[1544,6] 1 [1545,6]
[1545,6] 1 [1546,6]
[1546,6] 1 [1547,6]
[1547,6] 1 [1548,6]
[1548,6] 1 [1549,6]
[1549,6] 1 [1550,8]
[1550,8] 0 [1551,9]
[1551,9] 1 [1552,9]
[1552,9] 1 [1553,12]
[1553,12] 1 [1554,15]
[1554,15] 1 [1555,19]
[1555,19] 0 [1556,19]
[1556,19] 1 [1557,23]
[1557,23] 1 [1558,26]
[1558,26] 1 [1559,28]
[1559,28] 1 [1560,30]
[1560,30] 1 [1561,33]
[1561,33] 1 [1562,36]
[1562,36] 1 [1563,39]
[1563,39] 1 [1564,42]
[1564,42] 1 [1565,46]
[1565,46] 1 [1566,49]
[1566,49] 1 [1567,52]
[1567,52] 1 [1568,54]
[1568,54] 1 [1569,56]
[1569,56] 1 [1570,58]
[1570,58] 1 [1571,61]
[1571,61] 1 [1572,65]
[1572,65] 1 [1573,68]
[1573,68] 1 [1574,71]
[1574,71] 1 [1575,75]
[1575,75] 1 [1576,78]
[1576,78] 1 [1577,80]
[1577,80] 1 [1578,83]
[1578,83] 1 [1579,86]
[1579,86] 1 [1580,90]
[1580,90] 1 [1581,92]
[1581,92] 1 [1582,94]
[1582,94] 1 [1583,97]
[1583,97] 1 [1584,101]
[1584,101] 1 [1585,103]
[1585,103] 1 [1586,107]
[1586,107] 1 [1587,110]
[1587,110] 1 [1588,114]
[1588,114] 1 [1589,116]
[1589,116] 1 [1590,119]
[1590,119] 1 [1591,122]
[1591,122] 1 [1592,125]
[1592,125] 1 [1593,128]
[1593,128] 1 [1594,131]
[1594,131] 1 [1595,135]
[1595,135] 1 [1596,137]
[1596,137] 1 [1597,139]
[1597,139] 1 [1598,142]
[1598,142] 1 [1599,146]
[1599,146] 1 [1600,149]
[1600,149] 1 [1601,152]
[1601,152] 1 [1602,156]
[1602,156] 1 [1603,159]
[1603,159] 1 [1604,163]
[1604,163] 1 [1605,167]
[1605,167] 1 [1606,170]
[1606,170] 1 [1607,174]
[1607,174] 1 [1608,177]
[1608,177] 1 [1609,6]
[1609,6] 1 [1610,6]
[1610,6] 1 [1611,6]
[1611,6] 1 [1612,6]
[1612,6] 1 [1613,6]
[1613,6] 1 [1614,6]
[1614,6] 1 [1615,6]
[1615,6] 1 [1616,6]
[1616,6] 1 [1617,8]
[1617,8] 1 [1618,10]
[1618,10] 2 [1619,6]
[1619,6] 1 [1620,9]
[1620,9] 2 [1621,6]
[1621,6] 1 [1622,8]
[1622,8] 1 [1623,10]
[1623,10] 1 [1624,13]
[1624,13] 1 [1625,15]
[1625,15] 1 [1626,17]
[1626,17] 1 [1627,20]
[1627,20] 1 [1628,23]
[1628,23] 2 [1629,19]
[1629,19] 2 [1630,15]
[1630,15] 2 [1631,12]
[1631,12] 1 [1632,14]
[1632,14] 2 [1633,10]
[1633,10] 1 [1634,12]
[1634,12] 1 [1635,15]
[1635,15] 2 [1636,11]
[1636,11] 2 [1637,7]
[1637,7] 1 [1638,10]
[1638,10] 2 [1639,6]
[1639,6] 1 [1640,8]
[1640,8] 1 [1641,11]
[1641,11] 1 [1642,14]
[1642,14] 1 [1643,17]
[1643,17] 1 [1644,19]
[1644,19] 1 [1645,21]
[1645,21] 1 [1646,25]
[1646,25] 1 [1647,28]
[1647,28] 1 [1648,31]
[1648,31] 1 [1649,34]
[1649,34] 1 [1650,38]
[1650,38] 1 [1651,40]
[1651,40] 1 [1652,43]
[1652,43] 1 [1653,45]
[1653,45] 1 [1654,48]
[1654,48] 1 [1655,50]
[1655,50] 1 [1656,52]
[1656,52] 1 [1657,54]
[1657,54] 1 [1658,56]
[1658,56] 1 [1659,59]
[1659,59] 1 [1660,62]
[1660,62] 1 [1661,64]
[1661,64] 1 [1662,68]
[1662,68] 1 [1663,71]
[1663,71] 1 [1664,73]
[1664,73] 1 [1665,75]
[1665,75] 1 [1666,79]
[1666,79] 1 [1667,82]
[1667,82] 1 [1668,86]
[1668,86] 1 [1669,88]
[1669,88] 1 [1670,92]
[1670,92] 1 [1671,96]
[1671,96] 1 [1672,98]
[1672,98] 1 [1673,101]
[1673,101] 1 [1674,105]
[1674,105] 1 [1675,107]
[1675,107] 1 [1676,109]
[1676,109] 1 [1677,112]
[1677,112] 1 [1678,114]
[1678,114] 1 [1679,118]
[1679,118] 1 [1680,121]
[1680,121] 1 [1681,123]
[1681,123] 1 [1682,126]
[1682,126] 1 [1683,130]
[1683,130] 1 [1684,133]
[1684,133] 1 [1685,135]
[1685,135] 1 [1686,137]
[1686,137] 1 [1687,140]
[1687,140] 1 [1688,143]
[1688,143] 1 [1689,145]
[1689,145] 1 [1690,149]
[1690,149] 1 [1691,151]
[1691,151] 1 [1692,154]
[1692,154] 1 [1693,156]
[1693,156] 1 [1694,158]
[1694,158] 1 [1695,162]
[1695,162] 1 [1696,164]
[1696,164] 1 [1697,168]
[1697,168] 1 [1698,171]
[1698,171] 1 [1699,173]
[1699,173] 1 [1700,175]
[1700,175] 1 [1701,6]
[1701,6] 1 [1702,6]
[1702,6] 1 [1703,6]
[1703,6] 1 [1704,6]
[1704,6] 1 [1705,6]
[1705,6] 1 [1706,6]
[1706,6] 1 [1707,6]
[1707,6] 1 [1708,6]
[1708,6] 1 [1709,6]
[1709,6] 1 [1710,6]
[1710,6] 1 [1711,10]
[1711,10] 0 [1712,10]
[1712,10] 1 [1713,12]
[1713,12] 0 [1714,12]
[1714,12] 1 [1715,15]
[1715,15] 2 [1716,11]
[1716,11] 1 [1717,11]
[1717,11] 1 [1718,14]
[1718,14] 2 [1719,10]
[1719,10] 2 [1720,6]
[1720,6] 1 [1721,8]
[1721,8] 1 [1722,11]
[1722,11] 1 [1723,14]
[1723,14] 1 [1724,16]
[1724,16] 1 [1725,19]
[1725,19] 1 [1726,23]
[1726,23] 1 [1727,27]
[1727,27] 1 [1728,30]
[1728,30] 1 [1729,32]
[1729,32] 1 [1730,36]
[1730,36] 1 [1731,39]
[1731,39] 1 [1732,41]
[1732,41] 1 [1733,45]
[1733,45] 1 [1734,48]
[1734,48] 1 [1735,50]
[1735,50] 1 [1736,53]
[1736,53] 1 [1737,57]
[1737,57] 1 [1738,60]
[1738,60] 1 [1739,63]
[1739,63] 1 [1740,66]
[1740,66] 1 [1741,68]
[1741,68] 1 [1742,71]
[1742,71] 1 [1743,75]
[1743,75] 1 [1744,79]
[1744,79] 1 [1745,81]
[1745,81] 1 [1746,84]
[1746,84] 1 [1747,88]
[1747,88] 1 [1748,92]
[1748,92] 1 [1749,94]
[1749,94] 1 [1750,96]
[1750,96] 1 [1751,100]
[1751,100] 1 [1752,102]
[1752,102] 1 [1753,106]
[1753,106] 1 [1754,108]
[1754,108] 1 [1755,112]
[1755,112] 1 [1756,116]
[1756,116] 1 [1757,120]
[1757,120] 1 [1758,123]
[1758,123] 1 [1759,127]
[1759,127] 1 [1760,131]
[1760,131] 1 [1761,134]
[1761,134] 1 [1762,138]
[1762,138] 1 [1763,140]
[1763,140] 1 [1764,142]
[1764,142] 1 [1765,144]
[1765,144] 1 [1766,146]
[1766,146] 1 [1767,149]
[1767,149] 1 [1768,151]
[1768,151] 1 [1769,155]
[1769,155] 1 [1770,158]
[1770,158] 1 [1771,160]
[1771,160] 1 [1772,164]
[1772,164] 1 [1773,167]
[1773,167] 1 [1774,171]
[1774,171] 1 [1775,175]
[1775,175] 1 [1776,6]
[1776,6] 1 [1777,6]
[1777,6] 1 [1778,6]
[1778,6] 1 [1779,6]
[1779,6] 1 [1780,6]
[1780,6] 1 [1781,6]
[1781,6] 1 [1782,6]
[1782,6] 1 [1783,6]
[1783,6] 1 [1784,6]
[1784,6] 1 [1785,6]
[1785,6] 1 [1786,7]
[1786,7] 2 [1787,6]
[1787,6] 1 [1788,8]
[1788,8] 1 [1789,12]
[1789,12] 2 [1790,8]
[1790,8] 1 [1791,11]
[1791,11] 2 [1792,7]
[1792,7] 1 [1793,8]
[1793,8] 2 [1794,6]
[1794,6] 1 [1795,8]
[1795,8] 1 [1796,11]
[1796,11] 1 [1797,13]
[1797,13] 2 [1798,10]
[1798,10] 1 [1799,8]
[1799,8] 1 [1800,9]
[1800,9] 1 [1801,12]
[1801,12] 2 [1802,9]
[1802,9] 1 [1803,11]
[1803,11] 2 [1804,7]
[1804,7] 1 [1805,9]
[1805,9] 1 [1806,11]
[1806,11] 1 [1807,13]
[1807,13] 1 [1808,15]
[1808,15] 2 [1809,12]
[1809,12] 2 [1810,9]
[1810,9] 1 [1811,11]
[1811,11] 1 [1812,14]
[1812,14] 1 [1813,18]
[1813,18] 1 [1814,21]
[1814,21] 1 [1815,24]
[1815,24] 1 [1816,26]
[1816,26] 1 [1817,28]
[1817,28] 2 [1818,26]
[1818,26] 1 [1819,28]
[1819,28] 1 [1820,30]
[1820,30] 1 [1821,33]
[1821,33] 1 [1822,36]
[1822,36] 1 [1823,40]
[1823,40] 1 [1824,43]
[1824,43] 1 [1825,47]
[1825,47] 1 [1826,50]
[1826,50] 1 [1827,52]
[1827,52] 1 [1828,54]
[1828,54] 1 [1829,56]
[1829,56] 1 [1830,59]
[1830,59] 1 [1831,61]
[1831,61] 1 [1832,65]
[1832,65] 1 [1833,69]
[1833,69] 1 [1834,73]
[1834,73] 1 [1835,76]
[1835,76] 1 [1836,80]
[1836,80] 1 [1837,83]
[1837,83] 1 [1838,85]
[1838,85] 1 [1839,87]
[1839,87] 1 [1840,89]
[1840,89] 1 [1841,93]
[1841,93] 1 [1842,96]
[1842,96] 1 [1843,98]
[1843,98] 1 [1844,100]
[1844,100] 1 [1845,104]
[1845,104] 1 [1846,107]
[1846,107] 1 [1847,111]
[1847,111] 1 [1848,113]
[1848,113] 1 [1849,115]
[1849,115] 1 [1850,118]
[1850,118] 1 [1851,120]
[1851,120] 2 [1852,117]
[1852,117] 2 [1853,113]
[1853,113] 1 [1854,113]
[1854,113] 1 [1855,116]
[1855,116] 1 [1856,119]
[1856,119] 2 [1857,116]
[1857,116] 1 [1858,118]
[1858,118] 1 [1859,120]
[1859,120] 1 [1860,124]
[1860,124] 1 [1861,127]
[1861,127] 1 [1862,129]
[1862,129] 1 [1863,132]
[1863,132] 1 [1864,135]
[1864,135] 1 [1865,138]
[1865,138] 1 [1866,142]
[1866,142] 1 [1867,144]
[1867,144] 1 [1868,148]
[1868,148] 1 [1869,150]
[1869,150] 1 [1870,152]
[1870,152] 1 [1871,156]
[1871,156] 1 [1872,158]
[1872,158] 1 [1873,161]
[1873,161] 1 [1874,165]
[1874,165] 1 [1875,168]
[1875,168] 1 [1876,172]
[1876,172] 1 [1877,174]
[1877,174] 1 [1878,177]
[1878,177] 1 [1879,6]
[1879,6] 1 [1880,6]
[1880,6] 1 [1881,6]
[1881,6] 1 [1882,6]
[1882,6] 1 [1883,6]
[1883,6] 1 [1884,6]
[1884,6] 1 [1885,6]
[1885,6] 1 [1886,6]
[1886,6] 1 [1887,6]
[1887,6] 1 [1888,6]
[1888,6] 1 [1889,6]
[1889,6] 1 [1890,6]
[1890,6] 1 [1891,9]
[1891,9] 1 [1892,12]
[1892,12] 1 [1893,14]
[1893,14] 1 [1894,16]
[1894,16] 1 [1895,20]
[1895,20] 1 [1896,22]
[1896,22] 1 [1897,24]
[1897,24] 1 [1898,26]
[1898,26] 1 [1899,29]
[1899,29] 1 [1900,31]
[1900,31] 1 [1901,35]
[1901,35] 1 [1902,39]
[1902,39] 1 [1903,42]
[1903,42] 1 [1904,45]
[1904,45] 1 [1905,49]
[1905,49] 1 [1906,52]
[1906,52] 1 [1907,56]
[1907,56] 1 [1908,60]
[1908,60] 1 [1909,63]
[1909,63] 1 [1910,65]
[1910,65] 1 [1911,68]
[1911,68] 1 [1912,72]
[1912,72] 1 [1913,75]
[1913,75] 1 [1914,79]
[1914,79] 1 [1915,81]
[1915,81] 1 [1916,84]
[1916,84] 1 [1917,87]
[1917,87] 1 [1918,91]
[1918,91] 1 [1919,93]
[1919,93] 1 [1920,97]
[1920,97] 1 [1921,99]
[1921,99] 1 [1922,103]
[1922,103] 1 [1923,107]
[1923,107] 1 [1924,110]
[1924,110] 1 [1925,113]
[1925,113] 1 [1926,116]
[1926,116] 1 [1927,118]
[1927,118] 1 [1928,121]
[1928,121] 1 [1929,123]
[1929,123] 1 [1930,127]
[1930,127] 1 [1931,131]
[1931,131] 1 [1932,134]
[1932,134] 1 [1933,136]
[1933,136] 1 [1934,139]
[1934,139] 1 [1935,141]
[1935,141] 1 [1936,143]
[1936,143] 1 [1937,147]
[1937,147] 1 [1938,150]
[1938,150] 1 [1939,152]
[1939,152] 1 [1940,154]
[1940,154] 1 [1941,158]
[1941,158] 1 [1942,161]
[1942,161] 1 [1943,165]
[1943,165] 1 [1944,169]
[1944,169] 1 [1945,171]
[1945,171] 1 [1946,175]
[1946,175] 1 [1947,6]
[1947,6] 1 [1948,6]
[1948,6] 1 [1949,6]
[1949,6] 1 [1950,6]
[1950,6] 1 [1951,6]
[1951,6] 1 [1952,6]
[1952,6] 1 [1953,6]
[1953,6] 1 [1954,6]
[1954,6] 1 [1955,6]
[1955,6] 1 [1956,7]
[1956,7] 2 [1957,6]
[1957,6] 1 [1958,8]
[1958,8] 1 [1959,11]
[1959,11] 1 [1960,13]
[1960,13] 1 [1961,15]
[1961,15] 1 [1962,19]
[1962,19] 1 [1963,23]
[1963,23] 2 [1964,23]
[1964,23] 2 [1965,19]
[1965,19] 1 [1966,22]
[1966,22] 1 [1967,26]
[1967,26] 1 [1968,29]
[1968,29] 1 [1969,33]
[1969,33] 1 [1970,37]
[1970,37] 1 [1971,39]
[1971,39] 1 [1972,41]
[1972,41] 1 [1973,44]
[1973,44] 1 [1974,47]
[1974,47] 1 [1975,49]
[1975,49] 1 [1976,52]
[1976,52] 2 [1977,48]
[1977,48] 1 [1978,52]
[1978,52] 1 [1979,55]
[1979,55] 1 [1980,59]
[1980,59] 1 [1981,62]
[1981,62] 2 [1982,60]
[1982,60] 0 [1983,57]
[1983,57] 1 [1984,59]
[1984,59] 1 [1985,63]
[1985,63] 1 [1986,66]
[1986,66] 1 [1987,69]
[1987,69] 1 [1988,72]
[1988,72] 1 [1989,76]
[1989,76] 1 [1990,79]
[1990,79] 1 [1991,82]
[1991,82] 1 [1992,86]
[1992,86] 1 [1993,88]
[1993,88] 1 [1994,92]
[1994,92] 1 [1995,94]
[1995,94] 1 [1996,98]
[1996,98] 1 [1997,102]
[1997,102] 1 [1998,104]
[1998,104] 1 [1999,108]
[1999,108] 1 [2000,110]
[2000,110] 1 [2001,112]
[2001,112] 1 [2002,114]
[2002,114] 1 [2003,117]
[2003,117] 1 [2004,121]
[2004,121] 1 [2005,125]
[2005,125] 1 [2006,128]
[2006,128] 1 [2007,131]
[2007,131] 1 [2008,133]
[2008,133] 1 [2009,135]
[2009,135] 1 [2010,137]
[2010,137] 1 [2011,141]
[2011,141] 1 [2012,143]
[2012,143] 1 [2013,146]
[2013,146] 1 [2014,149]
[2014,149] 1 [2015,151]
[2015,151] 1 [2016,154]
[2016,154] 1 [2017,157]
[2017,157] 1 [2018,160]
[2018,160] 1 [2019,164]
[2019,164] 1 [2020,166]
[2020,166] 1 [2021,169]
[2021,169] 1 [2022,171]
[2022,171] 1 [2023,174]
[2023,174] 1 [2024,177]
[2024,177] 1 [2025,6]
[2025,6] 1 [2026,6]
[2026,6] 1 [2027,6]
[2027,6] 1 [2028,6]
[2028,6] 1 [2029,6]
[2029,6] 1 [2030,6]
[2030,6] 1 [2031,6]
[2031,6] 1 [2032,6]
[2032,6] 1 [2033,6]
[2033,6] 1 [2034,7]
[2034,7] 1 [2035,9]
[2035,9] 1 [2036,12]
[2036,12] 2 [2037,8]
[2037,8] 1 [2038,9]
[2038,9] 1 [2039,11]
[2039,11] 2 [2040,8]
[2040,8] 1 [2041,11]
[2041,11] 2 [2042,8]
[2042,8] 1 [2043,11]
[2043,11] 2 [2044,7]
[2044,7] 1 [2045,9]
[2045,9] 1 [2046,11]
[2046,11] 1 [2047,13]
[2047,13] 1 [2048,16]
[2048,16] 1 [2049,20]
[2049,20] 1 [2050,23]
[2050,23] 1 [2051,26]
[2051,26] 1 [2052,28]
[2052,28] 1 [2053,32]
[2053,32] 1 [2054,36]
[2054,36] 1 [2055,38]
[2055,38] 1 [2056,42]
[2056,42] 1 [2057,45]
[2057,45] 1 [2058,49]
[2058,49] 1 [2059,51]
[2059,51] 1 [2060,55]
[2060,55] 1 [2061,58]
[2061,58] 1 [2062,60]
[2062,60] 1 [2063,63]
[2063,63] 1 [2064,65]
[2064,65] 1 [2065,69]
[2065,69] 1 [2066,71]
[2066,71] 1 [2067,73]
[2067,73] 1 [2068,77]
[2068,77] 1 [2069,79]
[2069,79] 1 [2070,81]
[2070,81] 1 [2071,83]
[2071,83] 1 [2072,87]
[2072,87] 1 [2073,89]
[2073,89] 1 [2074,91]
[2074,91] 1 [2075,94]
[2075,94] 1 [2076,97]
[2076,97] 1 [2077,101]
[2077,101] 1 [2078,104]
[2078,104] 1 [2079,107]
[2079,107] 1 [2080,109]
[2080,109] 1 [2081,113]
[2081,113] 1 [2082,117]
[2082,117] 1 [2083,119]
[2083,119] 1 [2084,123]
[2084,123] 1 [2085,125]
[2085,125] 1 [2086,127]
[2086,127] 1 [2087,129]
[2087,129] 1 [2088,131]
[2088,131] 1 [2089,135]
[2089,135] 1 [2090,138]
[2090,138] 1 [2091,140]
[2091,140] 1 [2092,144]
[2092,144] 1 [2093,147]
[2093,147] 1 [2094,151]
[2094,151] 1 [2095,155]
[2095,155] 1 [2096,157]
[2096,157] 1 [2097,160]
[2097,160] 1 [2098,163]
[2098,163] 1 [2099,167]
[2099,167] 1 [2100,169]
[2100,169] 1 [2101,173]
[2101,173] 1 [2102,177]
[2102,177] 1 [2103,6]
[2103,6] 1 [2104,6]
[2104,6] 1 [2105,6]
[2105,6] 1 [2106,6]
[2106,6] 1 [2107,6]
[2107,6] 1 [2108,6]
[2108,6] 1 [2109,6]
[2109,6] 1 [2110,6]
[2110,6] 1 [2111,6]
[2111,6] 1 [2112,10]
[2112,10] 1 [2113,12]
[2113,12] 1 [2114,14]
[2114,14] 2 [2115,10]
[2115,10] 1 [2116,12]
[2116,12] 1 [2117,16]
[2117,16] 2 [2118,13]
[2118,13] 1 [2119,15]
[2119,15] 2 [2120,11]
[2120,11] 1 [2121,13]
[2121,13] 1 [2122,15]
[2122,15] 2 [2123,12]
[2123,12] 1 [2124,15]
[2124,15] 2 [2125,12]
[2125,12] 1 [2126,15]
[2126,15] 2 [2127,12]
[2127,12] 1 [2128,15]
[2128,15] 2 [2129,11]
[2129,11] 1 [2130,12]
[2130,12] 1 [2131,16]
[2131,16] 1 [2132,20]
[2132,20] 1 [2133,22]
[2133,22] 1 [2134,24]
[2134,24] 1 [2135,26]
[2135,26] 1 [2136,29]
[2136,29] 1 [2137,32]
[2137,32] 1 [2138,34]
[2138,34] 1 [2139,36]
[2139,36] 1 [2140,38]
[2140,38] 1 [2141,42]
[2141,42] 1 [2142,45]
[2142,45] 1 [2143,47]
[2143,47] 1 [2144,49]
[2144,49] 1 [2145,51]
[2145,51] 1 [2146,53]
[2146,53] 1 [2147,56]
[2147,56] 1 [2148,58]
[2148,58] 1 [2149,61]
[2149,61] 1 [2150,64]
[2150,64] 1 [2151,66]
[2151,66] 1 [2152,68]
[2152,68] 1 [2153,70]
[2153,70] 1 [2154,74]
[2154,74] 1 [2155,77]
[2155,77] 1 [2156,80]
[2156,80] 1 [2157,83]
[2157,83] 1 [2158,86]
[2158,86] 1 [2159,89]
[2159,89] 1 [2160,91]
[2160,91] 1 [2161,95]
[2161,95] 1 [2162,98]
[2162,98] 1 [2163,101]
[2163,101] 1 [2164,104]
[2164,104] 1 [2165,108]
[2165,108] 1 [2166,112]
[2166,112] 1 [2167,114]
[2167,114] 1 [2168,116]
[2168,116] 1 [2169,118]
[2169,118] 1 [2170,120]
[2170,120] 1 [2171,124]
[2171,124] 1 [2172,126]
[2172,126] 1 [2173,129]
[2173,129] 1 [2174,131]
[2174,131] 1 [2175,135]
[2175,135] 1 [2176,138]
[2176,138] 1 [2177,142]
[2177,142] 1 [2178,145]
[2178,145] 1 [2179,147]
[2179,147] 1 [2180,149]
[2180,149] 1 [2181,153]
[2181,153] 1 [2182,155]
[2182,155] 1 [2183,159]
[2183,159] 1 [2184,161]
[2184,161] 1 [2185,165]
[2185,165] 1 [2186,167]
[2186,167] 1 [2187,171]
[2187,171] 1 [2188,173]
[2188,173] 1 [2189,175]
[2189,175] 1 [2190,6]
[2190,6] 1 [2191,6]
[2191,6] 1 [2192,6]
[2192,6] 1 [2193,6]
[2193,6] 1 [2194,6]
[2194,6] 1 [2195,6]
[2195,6] 1 [2196,6]
[2196,6] 1 [2197,6]
[2197,6] 1 [2198,6]
[2198,6] 1 [2199,6]
[2199,6] 1 [2200,8]
[2200,8] 0 [2201,8]
[2201,8] 1 [2202,10]
[2202,10] 1 [2203,14]
[2203,14] 1 [2204,17]
[2204,17] 0 [2205,17]
[2205,17] 2 [2206,14]
[2206,14] 2 [2207,10]
[2207,10] 1 [2208,12]
[2208,12] 2 [2209,8]
[2209,8] 1 [2210,12]
[2210,12] 2 [2211,9]
[2211,9] 1 [2212,11]
[2212,11] 2 [2213,9]
[2213,9] 1 [2214,11]
[2214,11] 2 [2215,8]
[2215,8] 1 [2216,10]
[2216,10] 1 [2217,13]
[2217,13] 2 [2218,9]
[2218,9] 2 [2219,7]
[2219,7] 1 [2220,8]
[2220,8] 1 [2221,11]
[2221,11] 2 [2222,7]
[2222,7] 1 [2223,8]
[2223,8] 1 [2224,10]
[2224,10] 1 [2225,12]
[2225,12] 1 [2226,14]
[2226,14] 2 [2227,10]
[2227,10] 1 [2228,13]
[2228,13] 1 [2229,16]
[2229,16] 1 [2230,20]
[2230,20] 1 [2231,23]
[2231,23] 1 [2232,25]
[2232,25] 1 [2233,27]
[2233,27] 1 [2234,29]
[2234,29] 1 [2235,31]
[2235,31] 1 [2236,34]
[2236,34] 1 [2237,38]
[2237,38] 1 [2238,42]
[2238,42] 1 [2239,45]
[2239,45] 1 [2240,49]
[2240,49] 1 [2241,53]
[2241,53] 1 [2242,56]
[2242,56] 1 [2243,59]
[2243,59] 1 [2244,61]
[2244,61] 1 [2245,64]
[2245,64] 1 [2246,66]
[2246,66] 1 [2247,68]
[2247,68] 1 [2248,72]
[2248,72] 1 [2249,74]
[2249,74] 1 [2250,76]
[2250,76] 1 [2251,78]
[2251,78] 1 [2252,81]
[2252,81] 1 [2253,83]
[2253,83] 1 [2254,85]
[2254,85] 1 [2255,87]
[2255,87] 1 [2256,89]
[2256,89] 1 [2257,92]
[2257,92] 1 [2258,96]
[2258,96] 1 [2259,99]
[2259,99] 1 [2260,103]
[2260,103] 1 [2261,106]
[2261,106] 1 [2262,108]
[2262,108] 1 [2263,112]
[2263,112] 1 [2264,115]
[2264,115] 1 [2265,119]
[2265,119] 1 [2266,121]
[2266,121] 1 [2267,124]
[2267,124] 1 [2268,128]
[2268,128] 1 [2269,130]
[2269,130] 1 [2270,133]
[2270,133] 1 [2271,136]
[2271,136] 1 [2272,140]
[2272,140] 1 [2273,144]
[2273,144] 1 [2274,147]
[2274,147] 1 [2275,151]
[2275,151] 1 [2276,155]
[2276,155] 1 [2277,157]
[2277,157] 1 [2278,159]
[2278,159] 1 [2279,163]
[2279,163] 1 [2280,167]
[2280,167] 1 [2281,171]
[2281,171] 1 [2282,175]
[2282,175] 1 [2283,6]
[2283,6] 1 [2284,6]
[2284,6] 1 [2285,6]
[2285,6] 1 [2286,6]
[2286,6] 1 [2287,6]
[2287,6] 1 [2288,6]
[2288,6] 1 [2289,6]
[2289,6] 1 [2290,6]
[2290,6] 1 [2291,8]
[2291,8] 1 [2292,10]
[2292,10] 1 [2293,12]
[2293,12] 1 [2294,16]
[2294,16] 1 [2295,19]
[2295,19] 1 [2296,22]
[2296,22] 1 [2297,26]
[2297,26] 1 [2298,29]
[2298,29] 1 [2299,31]
[2299,31] 1 [2300,35]
[2300,35] 1 [2301,39]
[2301,39] 1 [2302,41]
[2302,41] 1 [2303,43]
[2303,43] 1 [2304,47]
[2304,47] 1 [2305,51]
[2305,51] 1 [2306,55]
[2306,55] 1 [2307,58]
[2307,58] 1 [2308,62]
[2308,62] 1 [2309,66]
[2309,66] 1 [2310,68]
[2310,68] 1 [2311,70]
[2311,70] 1 [2312,73]
[2312,73] 1 [2313,75]
[2313,75] 1 [2314,77]
[2314,77] 1 [2315,80]
[2315,80] 1 [2316,83]
[2316,83] 1 [2317,85]
[2317,85] 1 [2318,89]
[2318,89] 1 [2319,93]
[2319,93] 1 [2320,95]
[2320,95] 1 [2321,98]
[2321,98] 1 [2322,100]
[2322,100] 1 [2323,103]
[2323,103] 1 [2324,105]
[2324,105] 1 [2325,109]
[2325,109] 1 [2326,111]
[2326,111] 1 [2327,115]
[2327,115] 1 [2328,119]
[2328,119] 1 [2329,122]
[2329,122] 1 [2330,126]
[2330,126] 1 [2331,129]
[2331,129] 1 [2332,131]
[2332,131] 1 [2333,133]
[2333,133] 1 [2334,137]
[2334,137] 1 [2335,140]
[2335,140] 1 [2336,144]
[2336,144] 1 [2337,148]
[2337,148] 1 [2338,152]
[2338,152] 1 [2339,156]
[2339,156] 1 [2340,160]
[2340,160] 1 [2341,163]
[2341,163] 1 [2342,165]
[2342,165] 1 [2343,168]
[2343,168] 1 [2344,170]
[2344,170] 1 [2345,173]
[2345,173] 1 [2346,175]
[2346,175] 1 [2347,6]
[2347,6] 1 [2348,6]
[2348,6] 1 [2349,6]
[2349,6] 1 [2350,6]
[2350,6] 1 [2351,6]
[2351,6] 1 [2352,6]
[2352,6] 1 [2353,6]
[2353,6] 1 [2354,6]
[2354,6] 1 [2355,6]
[2355,6] 1 [2356,6]
[2356,6] 1 [2357,6]
[2357,6] 1 [2358,7]
[2358,7] 0 [2359,7]
[2359,7] 1 [2360,10]
[2360,10] 1 [2361,13]
[2361,13] 1 [2362,15]
[2362,15] 2 [2363,12]
[2363,12] 1 [2364,15]
[2364,15] 2 [2365,15]
[2365,15] 2 [2366,13]
[2366,13] 1 [2367,11]
[2367,11] 2 [2368,7]
[2368,7] 1 [2369,6]
[2369,6] 1 [2370,9]
[2370,9] 1 [2371,11]
[2371,11] 1 [2372,14]
[2372,14] 1 [2373,18]
[2373,18] 1 [2374,22]
[2374,22] 1 [2375,25]
[2375,25] 1 [2376,28]
[2376,28] 1 [2377,31]
[2377,31] 1 [2378,35]
[2378,35] 1 [2379,39]
[2379,39] 1 [2380,42]
[2380,42] 1 [2381,46]
[2381,46] 1 [2382,48]
[2382,48] 1 [2383,50]
[2383,50] 1 [2384,52]
[2384,52] 1 [2385,54]
[2385,54] 1 [2386,58]
[2386,58] 1 [2387,62]
[2387,62] 1 [2388,65]
[2388,65] 1 [2389,69]
[2389,69] 1 [2390,71]
[2390,71] 1 [2391,74]
[2391,74] 1 [2392,76]
[2392,76] 1 [2393,79]
[2393,79] 1 [2394,83]
[2394,83] 1 [2395,87]
[2395,87] 1 [2396,90]
[2396,90] 1 [2397,92]
[2397,92] 1 [2398,94]
[2398,94] 1 [2399,97]
[2399,97] 1 [2400,99]
[2400,99] 1 [2401,101]
[2401,101] 1 [2402,103]
[2402,103] 1 [2403,106]
[2403,106] 1 [2404,109]
[2404,109] 1 [2405,113]
[2405,113] 1 [2406,117]
[2406,117] 1 [2407,120]
[2407,120] 1 [2408,124]
[2408,124] 1 [2409,127]
[2409,127] 1 [2410,130]
[2410,130] 1 [2411,134]
[2411,134] 1 [2412,136]
[2412,136] 1 [2413,140]
[2413,140] 1 [2414,144]
[2414,144] 1 [2415,147]
[2415,147] 1 [2416,151]
[2416,151] 1 [2417,155]
[2417,155] 1 [2418,158]
[2418,158] 1 [2419,161]
[2419,161] 1 [2420,163]
[2420,163] 1 [2421,167]
[2421,167] 1 [2422,170]
[2422,170] 1 [2423,173]
[2423,173] 1 [2424,175]
[2424,175] 1 [2425,177]
[2425,177] 1 [2426,6]
[2426,6] 1 [2427,6]
[2427,6] 1 [2428,6]
[2428,6] 1 [2429,6]
[2429,6] 1 [2430,6]
[2430,6] 1 [2431,6]
[2431,6] 1 [2432,6]
[2432,6] 1 [2433,6]
[2433,6] 0 [2434,6]
[2434,6] 1 [2435,8]
[2435,8] 2 [2436,6]
[2436,6] 1 [2437,8]
[2437,8] 1 [2438,10]
[2438,10] 1 [2439,12]
[2439,12] 2 [2440,10]
[2440,10] 1 [2441,12]
[2441,12] 2 [2442,10]
[2442,10] 1 [2443,11]
[2443,11] 1 [2444,15]
[2444,15] 2 [2445,12]
[2445,12] 1 [2446,15]
[2446,15] 2 [2447,12]
[2447,12] 1 [2448,15]
[2448,15] 2 [2449,11]
[2449,11] 1 [2450,14]
[2450,14] 1 [2451,16]
[2451,16] 1 [2452,19]
[2452,19] 2 [2453,15]
[2453,15] 2 [2454,11]
[2454,11] 2 [2455,8]
[2455,8] 1 [2456,9]
[2456,9] 1 [2457,12]
[2457,12] 2 [2458,8]
[2458,8] 2 [2459,6]
[2459,6] 1 [2460,8]
[2460,8] 1 [2461,10]
[2461,10] 1 [2462,13]
[2462,13] 1 [2463,16]
[2463,16] 1 [2464,19]
[2464,19] 1 [2465,22]
[2465,22] 1 [2466,26]
[2466,26] 1 [2467,28]
[2467,28] 1 [2468,32]
[2468,32] 1 [2469,35]
[2469,35] 1 [2470,39]
[2470,39] 1 [2471,41]
[2471,41] 1 [2472,44]
[2472,44] 1 [2473,48]
[2473,48] 1 [2474,50]
[2474,50] 1 [2475,53]
[2475,53] 1 [2476,57]
[2476,57] 1 [2477,61]
[2477,61] 1 [2478,64]
[2478,64] 1 [2479,68]
[2479,68] 1 [2480,72]
[2480,72] 1 [2481,75]
[2481,75] 1 [2482,79]
[2482,79] 1 [2483,83]
[2483,83] 1 [2484,86]
[2484,86] 1 [2485,88]
[2485,88] 1 [2486,92]
[2486,92] 1 [2487,96]
[2487,96] 1 [2488,98]
[2488,98] 1 [2489,102]
[2489,102] 1 [2490,106]
[2490,106] 1 [2491,108]
[2491,108] 1 [2492,112]
[2492,112] 2 [2493,110]
[2493,110] 1 [2494,112]
[2494,112] 2 [2495,110]
[2495,110] 1 [2496,112]
[2496,112] 2 [2497,110]
[2497,110] 1 [2498,110]
[2498,110] 1 [2499,112]
[2499,112] 1 [2500,115]
[2500,115] 1 [2501,118]
[2501,118] 1 [2502,122]
[2502,122] 1 [2503,126]
[2503,126] 1 [2504,130]
[2504,130] 1 [2505,133]
[2505,133] 1 [2506,136]
[2506,136] 1 [2507,139]
[2507,139] 1 [2508,141]
[2508,141] 1 [2509,145]
[2509,145] 1 [2510,148]
[2510,148] 1 [2511,152]
[2511,152] 1 [2512,154]
[2512,154] 1 [2513,158]
[2513,158] 1 [2514,161]
[2514,161] 1 [2515,164]
[2515,164] 1 [2516,166]
[2516,166] 1 [2517,169]
[2517,169] 1 [2518,172]
[2518,172] 1 [2519,175]
[2519,175] 1 [2520,6]
[2520,6] 1 [2521,6]
[2521,6] 1 [2522,6]
[2522,6] 1 [2523,6]
[2523,6] 1 [2524,6]
[2524,6] 1 [2525,6]
[2525,6] 1 [2526,6]
[2526,6] 1 [2527,6]
[2527,6] 1 [2528,6]
[2528,6] 1 [2529,6]
[2529,6] 1 [2530,7]
[2530,7] 1 [2531,9]
[2531,9] 1 [2532,12]
[2532,12] 0 [2533,14]
[2533,14] 2 [2534,10]
[2534,10] 1 [2535,8]
[2535,8] 1 [2536,11]
[2536,11] 1 [2537,14]
[2537,14] 2 [2538,13]
[2538,13] 2 [2539,11]
[2539,11] 2 [2540,9]
[2540,9] 1 [2541,11]
[2541,11] 2 [2542,11]
[2542,11] 0 [2543,10]
[2543,10] 2 [2544,8]
[2544,8] 2 [2545,6]
[2545,6] 1 [2546,8]
[2546,8] 1 [2547,11]
[2547,11] 2 [2548,8]
[2548,8] 1 [2549,10]
[2549,10] 1 [2550,13]
[2550,13] 1 [2551,17]
[2551,17] 1 [2552,21]
[2552,21] 1 [2553,25]
[2553,25] 1 [2554,29]
[2554,29] 1 [2555,31]
[2555,31] 2 [2556,27]
[2556,27] 1 [2557,30]
[2557,30] 1 [2558,33]
[2558,33] 1 [2559,35]
[2559,35] 1 [2560,38]
[2560,38] 1 [2561,41]
[2561,41] 1 [2562,44]
[2562,44] 1 [2563,46]
[2563,46] 1 [2564,49]
[2564,49] 1 [2565,51]
[2565,51] 1 [2566,53]
[2566,53] 1 [2567,55]
[2567,55] 1 [2568,57]
[2568,57] 1 [2569,61]
[2569,61] 1 [2570,63]
[2570,63] 1 [2571,67]
[2571,67] 1 [2572,70]
[2572,70] 1 [2573,72]
[2573,72] 1 [2574,76]
[2574,76] 1 [2575,78]
[2575,78] 1 [2576,80]
[2576,80] 1 [2577,84]
[2577,84] 1 [2578,86]
[2578,86] 1 [2579,89]
[2579,89] 1 [2580,91]
[2580,91] 1 [2581,94]
[2581,94] 1 [2582,96]
[2582,96] 1 [2583,100]
[2583,100] 1 [2584,103]
[2584,103] 2 [2585,99]
[2585,99] 1 [2586,101]
[2586,101] 1 [2587,104]
[2587,104] 1 [2588,107]
[2588,107] 1 [2589,110]
[2589,110] 1 [2590,114]
[2590,114] 1 [2591,117]
[2591,117] 1 [2592,121]
[2592,121] 1 [2593,125]
[2593,125] 1 [2594,128]
[2594,128] 1 [2595,131]
[2595,131] 1 [2596,133]
[2596,133] 1 [2597,135]
[2597,135] 1 [2598,138]
[2598,138] 1 [2599,142]
[2599,142] 1 [2600,146]
[2600,146] 1 [2601,149]
[2601,149] 1 [2602,151]
[2602,151] 1 [2603,154]
[2603,154] 1 [2604,156]
[2604,156] 1 [2605,159]
[2605,159] 1 [2606,163]
[2606,163] 1 [2607,165]
[2607,165] 1 [2608,167]
[2608,167] 1 [2609,171]
[2609,171] 1 [2610,175]
[2610,175] 1 [2611,6]
[2611,6] 1 [2612,6]
[2612,6] 1 [2613,6]
[2613,6] 1 [2614,6]
[2614,6] 1 [2615,6]
[2615,6] 1 [2616,6]
[2616,6] 1 [2617,6]
[2617,6] 1 [2618,6]
[2618,6] 1 [2619,6]
[2619,6] 1 [2620,6]
[2620,6] 1 [2621,9]
[2621,9] 1 [2622,11]
[2622,11] 1 [2623,13]
[2623,13] 1 [2624,15]
[2624,15] 1 [2625,18]
[2625,18] 2 [2626,15]
[2626,15] 2 [2627,12]
[2627,12] 2 [2628,8]
[2628,8] 2 [2629,6]
[2629,6] 1 [2630,8]
[2630,8] 1 [2631,10]
[2631,10] 1 [2632,14]
[2632,14] 1 [2633,17]
[2633,17] 1 [2634,19]
[2634,19] 1 [2635,21]
[2635,21] 1 [2636,23]
[2636,23] 1 [2637,27]
[2637,27] 1 [2638,29]
[2638,29] 1 [2639,32]
[2639,32] 1 [2640,35]
[2640,35] 1 [2641,39]
[2641,39] 1 [2642,43]
[2642,43] 1 [2643,47]
[2643,47] 1 [2644,50]
[2644,50] 1 [2645,54]
[2645,54] 1 [2646,58]
[2646,58] 1 [2647,62]
[2647,62] 1 [2648,66]
[2648,66] 1 [2649,69]
[2649,69] 1 [2650,72]
[2650,72] 1 [2651,76]
[2651,76] 1 [2652,78]
[2652,78] 1 [2653,80]
[2653,80] 1 [2654,82]
[2654,82] 1 [2655,84]
[2655,84] 1 [2656,87]
[2656,87] 1 [2657,91]
[2657,91] 1 [2658,94]
[2658,94] 1 [2659,97]
[2659,97] 1 [2660,100]
[2660,100] 1 [2661,104]
[2661,104] 1 [2662,108]
[2662,108] 1 [2663,110]
[2663,110] 1 [2664,113]
[2664,113] 1 [2665,115]
[2665,115] 1 [2666,117]
[2666,117] 1 [2667,120]
[2667,120] 1 [2668,123]
[2668,123] 1 [2669,126]
[2669,126] 1 [2670,129]
[2670,129] 1 [2671,133]
[2671,133] 1 [2672,137]
[2672,137] 1 [2673,140]
[2673,140] 1 [2674,143]
[2674,143] 1 [2675,145]
[2675,145] 1 [2676,147]
[2676,147] 1 [2677,151]
[2677,151] 1 [2678,155]
[2678,155] 1 [2679,157]
[2679,157] 1 [2680,161]
[2680,161] 1 [2681,163]
[2681,163] 1 [2682,165]
[2682,165] 1 [2683,169]
[2683,169] 1 [2684,173]
[2684,173] 1 [2685,176]
[2610,175] 1 [2611,6]
[2611,6] 1 [2612,6]
[2612,6] 1 [2613,6]
[2613,6] 1 [2614,6]
[2614,6] 1 [2615,6]
[2615,6] 1 [2616,6]
[2616,6] 1 [2617,6]
[2617,6] 1 [2618,6]
[2618,6] 1 [2619,6]
[2619,6] 1 [2620,6]
[2620,6] 1 [2621,9]
[2621,9] 1 [2622,11]
[2622,11] 1 [2623,13]
[2623,13] 1 [2624,15]
[2624,15] 1 [2625,18]
[2625,18] 2 [2626,15]
[2626,15] 2 [2627,12]
[2627,12] 2 [2628,8]
[2628,8] 2 [2629,6]
[2629,6] 1 [2630,8]
[2630,8] 1 [2631,10]
[2631,10] 1 [2632,14]
[2632,14] 1 [2633,17]
[2633,17] 1 [2634,19]
[2634,19] 1 [2635,21]
[2635,21] 1 [2636,23]
[2636,23] 1 [2637,27]
[2637,27] 1 [2638,29]
[2638,29] 1 [2639,32]
[2639,32] 1 [2640,35]
[2640,35] 1 [2641,39]
[2641,39] 1 [2642,43]
[2642,43] 1 [2643,47]
[2643,47] 1 [2644,50]
[2644,50] 1 [2645,54]
[2645,54] 1 [2646,58]
[2646,58] 1 [2647,62]
[2647,62] 1 [2648,66]
[2648,66] 1 [2649,69]
[2649,69] 1 [2650,72]
[2650,72] 1 [2651,76]
[2651,76] 1 [2652,78]
[2652,78] 1 [2653,80]
[2653,80] 1 [2654,82]
[2654,82] 1 [2655,84]
[2655,84] 1 [2656,87]
[2656,87] 1 [2657,91]
[2657,91] 1 [2658,94]
[2658,94] 1 [2659,97]
[2659,97] 1 [2660,100]
[2660,100] 1 [2661,104]
[2661,104] 1 [2662,108]
[2662,108] 1 [2663,110]
[2663,110] 1 [2664,113]
[2664,113] 1 [2665,115]
[2665,115] 1 [2666,117]
[2666,117] 1 [2667,120]
[2667,120] 1 [2668,123]
[2668,123] 1 [2669,126]
[2669,126] 1 [2670,129]
[2670,129] 1 [2671,133]
[2671,133] 1 [2672,137]
[2672,137] 1 [2673,140]
[2673,140] 1 [2674,143]
[2674,143] 1 [2675,145]
[2675,145] 1 [2676,147]
[2676,147] 1 [2677,151]
[2677,151] 1 [2678,155]
[2678,155] 1 [2679,157]
[2679,157] 1 [2680,161]
[2680,161] 1 [2681,163]
[2681,163] 1 [2682,165]
[2682,165] 1 [2683,169]
[2683,169] 1 [2684,173]
[2684,173] 1 [2685,176]
