[0,6] 1 [1,8]
[1,8] 1 [2,12]
[2,12] 1 [3,16]
[3,16] 1 [4,19]
[4,19] 1 [5,21]
[5,21] 1 [6,25]
[6,25] 1 [7,29]
[7,29] 1 [8,32]
[8,32] 1 [9,35]
[9,35] 1 [10,38]
[10,38] 1 [11,42]
[11,42] 1 [12,45]
[12,45] 1 [13,47]
[13,47] 1 [14,50]
[14,50] 1 [15,54]
[15,54] 1 [16,56]
[16,56] 1 [17,59]
[17,59] 1 [18,62]
[18,62] 1 [19,64]
[19,64] 1 [20,67]
[20,67] 1 [21,71]
[21,71] 1 [22,75]
[22,75] 1 [23,77]
[23,77] 1 [24,81]
[24,81] 1 [25,83]
[25,83] 1 [26,86]
[26,86] 1 [27,88]
[27,88] 1 [28,90]
[28,90] 1 [29,92]
[29,92] 1 [30,94]
[30,94] 1 [31,97]
[31,97] 1 [32,99]
[32,99] 1 [33,101]
[33,101] 1 [34,103]
[34,103] 1 [35,107]
[35,107] 1 [36,110]
[36,110] 1 [37,114]
[37,114] 1 [38,116]
[38,116] 1 [39,120]
[39,120] 1 [40,124]
[40,124] 1 [41,127]
[41,127] 1 [42,131]
[42,131] 1 [43,133]
[43,133] 1 [44,136]
[44,136] 1 [45,140]
[45,140] 1 [46,143]
[46,143] 1 [47,147]
[47,147] 1 [48,150]
[48,150] 1 [49,153]
[49,153] 1 [50,157]
[50,157] 1 [51,161]
[51,161] 1 [52,164]
[52,164] 1 [53,167]
[53,167] 1 [54,169]
[54,169] 1 [55,173]
[55,173] 1 [56,176]
[56,176] 1 [57,6]
[57,6] 1 [58,6]
[58,6] 1 [59,6]
[59,6] 1 [60,6]
[60,6] 1 [61,6]
[61,6] 1 [62,6]
[62,6] 1 [63,6]
[63,6] 1 [64,6]
[64,6] 1 [65,6]
[65,6] 1 [66,8]
[66,8] 2 [67,6]
[67,6] 1 [68,9]
[68,9] 1 [69,11]
[69,11] 2 [70,8]
[70,8] 1 [71,11]
[71,11] 2 [72,8]
[72,8] 1 [73,12]
[73,12] 2 [74,9]
[74,9] 1 [75,7]
[75,7] 1 [76,7]
[76,7] 1 [77,11]
[77,11] 1 [78,13]
[78,13] 0 [79,13]
[79,13] 2 [80,10]
[80,10] 1 [81,12]
[81,12] 2 [82,8]
[82,8] 1 [83,6]
[83,6] 1 [84,8]
[84,8] 1 [85,12]
[85,12] 2 [86,8]
[86,8] 1 [87,12]
[87,12] 1 [88,15]
[88,15] 1 [89,18]
[89,18] 1 [90,21]
[90,21] 1 [91,24]
[91,24] 1 [92,27]
[92,27] 1 [93,30]
[93,30] 1 [94,34]
[94,34] 1 [95,38]
[95,38] 1 [96,41]
[96,41] 1 [97,45]
[97,45] 1 [98,47]
[98,47] 1 [99,49]
[99,49] 1 [100,53]
[100,53] 1 [101,55]
[101,55] 1 [102,58]
[102,58] 1 [103,61]
[103,61] 1 [104,63]
[104,63] 1 [105,65]
[105,65] 1 [106,68]
[106,68] 1 [107,71]
[107,71] 1 [108,75]
[108,75] 1 [109,77]
[109,77] 1 [110,79]
[110,79] 1 [111,83]
[111,83] 1 [112,86]
[112,86] 1 [113,89]
[113,89] 1 [114,93]
[114,93] 1 [115,95]
[115,95] 1 [116,98]
[116,98] 1 [117,101]
[117,101] 1 [118,104]
[118,104] 1 [119,107]
[119,107] 1 [120,109]
[120,109] 1 [121,111]
[121,111] 1 [122,115]
[122,115] 1 [123,118]
[123,118] 1 [124,122]
[124,122] 1 [125,125]
[125,125] 1 [126,128]
[126,128] 1 [127,131]
[127,131] 1 [128,134]
[128,134] 1 [129,138]
[129,138] 1 [130,141]
[130,141] 1 [131,144]
[131,144] 1 [132,146]
[132,146] 1 [133,148]
[133,148] 1 [134,151]
[134,151] 1 [135,153]
[135,153] 1 [136,155]
[136,155] 1 [137,159]
[137,159] 1 [138,162]
[138,162] 1 [139,165]
[139,165] 1 [140,167]
[140,167] 1 [141,170]
[141,170] 1 [142,174]
[142,174] 1 [143,176]
[143,176] 1 [144,6]
[144,6] 1 [145,6]
[145,6] 1 [146,6]
[146,6] 1 [147,6]
[147,6] 1 [148,6]
[148,6] 1 [149,6]
[149,6] 1 [150,6]
[150,6] 1 [151,6]
[151,6] 1 [152,6]
[152,6] 1 [153,6]
[153,6] 1 [154,6]
[154,6] 1 [155,6]
[155,6] 1 [156,9]
[156,9] 1 [157,11]
[157,11] 1 [158,15]
[158,15] 1 [159,19]
[159,19] 1 [160,22]
[160,22] 1 [161,26]
[161,26] 1 [162,30]
[162,30] 1 [163,32]
[163,32] 1 [164,34]
[164,34] 1 [165,37]
[165,37] 1 [166,41]
[166,41] 1 [167,44]
[167,44] 1 [168,48]
[168,48] 1 [169,52]
[169,52] 1 [170,55]
[170,55] 1 [171,58]
[171,58] 1 [172,61]
[172,61] 1 [173,64]
[173,64] 1 [174,66]
[174,66] 1 [175,68]
[175,68] 1 [176,71]
[176,71] 1 [177,73]
[177,73] 1 [178,76]
[178,76] 1 [179,80]
[179,80] 1 [180,82]
[180,82] 1 [181,85]
[181,85] 1 [182,87]
[182,87] 1 [183,91]
[183,91] 1 [184,93]
[184,93] 1 [185,97]
[185,97] 1 [186,100]
[186,100] 1 [187,103]
[187,103] 1 [188,107]
[188,107] 1 [189,109]
[189,109] 1 [190,113]
[190,113] 1 [191,115]
[191,115] 1 [192,117]
[192,117] 1 [193,121]
[193,121] 1 [194,123]
[194,123] 1 [195,125]
[195,125] 1 [196,128]
[196,128] 1 [197,131]
[197,131] 1 [198,135]
[198,135] 1 [199,138]
[199,138] 1 [200,142]
[200,142] 1 [201,146]
[201,146] 1 [202,149]
[202,149] 1 [203,153]
[203,153] 1 [204,156]
[204,156] 1 [205,160]
[205,160] 1 [206,162]
[206,162] 1 [207,164]
[207,164] 1 [208,168]
[208,168] 1 [209,171]
[209,171] 1 [210,175]
[210,175] 1 [211,6]
[211,6] 1 [212,6]
[212,6] 1 [213,6]
[213,6] 1 [214,6]
[214,6] 1 [215,6]
[215,6] 1 [216,6]
[216,6] 1 [217,6]
[217,6] 1 [218,6]
[218,6] 1 [219,6]
[219,6] 0 [220,6]
[220,6] 1 [221,8]
[221,8] 1 [222,11]
[222,11] 2 [223,8]
[223,8] 1 [224,11]
[224,11] 2 [225,8]
[225,8] 2 [226,6]
[226,6] 1 [227,8]
[227,8] 1 [228,10]
[228,10] 1 [229,14]
[229,14] 1 [230,17]
[230,17] 1 [231,21]
[231,21] 1 [232,24]
[232,24] 1 [233,26]
[233,26] 1 [234,28]
[234,28] 2 [235,24]
[235,24] 2 [236,20]
[236,20] 1 [237,23]
[237,23] 1 [238,26]
[238,26] 2 [239,23]
[239,23] 2 [240,19]
[240,19] 2 [241,16]
[241,16] 1 [242,16]
[242,16] 1 [243,20]
[243,20] 1 [244,22]
[244,22] 1 [245,24]
[245,24] 1 [246,27]
[246,27] 1 [247,30]
[247,30] 1 [248,32]
[248,32] 1 [249,36]
[249,36] 1 [250,39]
[250,39] 1 [251,42]
[251,42] 1 [252,45]
[252,45] 1 [253,47]
[253,47] 1 [254,49]
[254,49] 1 [255,51]
[255,51] 2 [256,48]
[256,48] 1 [257,50]
[257,50] 1 [258,52]
[258,52] 1 [259,56]
[259,56] 1 [260,59]
[260,59] 1 [261,61]
[261,61] 1 [262,64]
[262,64] 1 [263,66]
[263,66] 1 [264,70]
[264,70] 1 [265,72]
[265,72] 1 [266,74]
[266,74] 1 [267,77]
[267,77] 1 [268,81]
[268,81] 1 [269,83]
[269,83] 1 [270,86]
[270,86] 1 [271,88]
[271,88] 1 [272,92]
[272,92] 1 [273,95]
[273,95] 1 [274,98]
[274,98] 1 [275,101]
[275,101] 1 [276,103]
[276,103] 1 [277,105]
[277,105] 1 [278,108]
[278,108] 1 [279,110]
[279,110] 1 [280,112]
[280,112] 1 [281,116]
[281,116] 1 [282,120]
[282,120] 1 [283,124]
[283,124] 1 [284,127]
[284,127] 1 [285,130]
[285,130] 1 [286,134]
[286,134] 1 [287,137]
[287,137] 1 [288,141]
[288,141] 1 [289,144]
[289,144] 1 [290,148]
[290,148] 1 [291,151]
[291,151] 1 [292,153]
[292,153] 1 [293,156]
[293,156] 1 [294,159]
[294,159] 1 [295,163]
[295,163] 1 [296,166]
[296,166] 1 [297,169]
[297,169] 1 [298,171]
[298,171] 1 [299,175]
[299,175] 1 [300,6]
[300,6] 1 [301,6]
[301,6] 1 [302,6]
[302,6] 1 [303,6]
[303,6] 1 [304,6]
[304,6] 1 [305,6]
[305,6] 1 [306,6]
[306,6] 1 [307,6]
[307,6] 1 [308,6]
[308,6] 1 [309,6]
[309,6] 1 [310,7]
[310,7] 2 [311,6]
[311,6] 1 [312,8]
[312,8] 1 [313,10]
[313,10] 1 [314,13]
[314,13] 2 [315,9]
[315,9] 1 [316,9]
[316,9] 1 [317,12]
[317,12] 2 [318,11]
[318,11] 2 [319,7]
[319,7] 1 [320,9]
[320,9] 1 [321,12]
[321,12] 1 [322,14]
[322,14] 2 [323,10]
[323,10] 1 [324,12]
[324,12] 1 [325,15]
[325,15] 1 [326,18]
[326,18] 1 [327,20]
[327,20] 1 [328,24]
[328,24] 2 [329,20]
[329,20] 1 [330,23]
[330,23] 1 [331,26]
[331,26] 1 [332,29]
[332,29] 1 [333,32]
[333,32] 1 [334,36]
[334,36] 1 [335,39]
[335,39] 1 [336,41]
[336,41] 1 [337,44]
[337,44] 1 [338,47]
[338,47] 1 [339,51]
[339,51] 1 [340,53]
[340,53] 1 [341,56]
[341,56] 1 [342,59]
[342,59] 1 [343,63]
[343,63] 1 [344,66]
[344,66] 1 [345,70]
[345,70] 1 [346,72]
[346,72] 1 [347,74]
[347,74] 1 [348,77]
[348,77] 1 [349,79]
[349,79] 1 [350,83]
[350,83] 1 [351,87]
[351,87] 1 [352,89]
[352,89] 1 [353,93]
[353,93] 1 [354,97]
[354,97] 1 [355,99]
[355,99] 1 [356,101]
[356,101] 1 [357,104]
[357,104] 1 [358,106]
[358,106] 1 [359,110]
[359,110] 1 [360,114]
[360,114] 1 [361,116]
[361,116] 2 [362,112]
[362,112] 1 [363,115]
[363,115] 2 [364,111]
[364,111] 1 [365,113]
[365,113] 1 [366,115]
[366,115] 1 [367,118]
[367,118] 1 [368,121]
[368,121] 1 [369,125]
[369,125] 1 [370,129]
[370,129] 1 [371,133]
[371,133] 1 [372,136]
[372,136] 1 [373,139]
[373,139] 1 [374,141]
[374,141] 1 [375,143]
[375,143] 1 [376,147]
[376,147] 1 [377,151]
[377,151] 1 [378,153]
[378,153] 1 [379,156]
[379,156] 0 [380,156]
[380,156] 1 [381,158]
[381,158] 1 [382,162]
[382,162] 1 [383,165]
[383,165] 1 [384,168]
[384,168] 1 [385,171]
[385,171] 1 [386,175]
[386,175] 1 [387,6]
[387,6] 1 [388,6]
[388,6] 1 [389,6]
[389,6] 1 [390,6]
[390,6] 1 [391,6]
[391,6] 1 [392,6]
[392,6] 1 [393,6]
[393,6] 1 [394,6]
[394,6] 1 [395,6]
[395,6] 1 [396,6]
[396,6] 0 [397,6]
[397,6] 1 [398,9]
[398,9] 1 [399,13]
[399,13] 1 [400,16]
[400,16] 1 [401,20]
[401,20] 0 [402,20]
[402,20] 0 [403,20]
[403,20] 1 [404,24]
[404,24] 2 [405,20]
[405,20] 1 [406,23]
[406,23] 2 [407,20]
[407,20] 1 [408,20]
[408,20] 1 [409,24]
[409,24] 2 [410,21]
[410,21] 2 [411,17]
[411,17] 2 [412,13]
[412,13] 1 [413,15]
[413,15] 1 [414,17]
[414,17] 1 [415,20]
[415,20] 1 [416,22]
[416,22] 1 [417,24]
[417,24] 1 [418,27]
[418,27] 1 [419,31]
[419,31] 1 [420,34]
[420,34] 1 [421,38]
[421,38] 1 [422,40]
[422,40] 1 [423,44]
[423,44] 1 [424,47]
[424,47] 1 [425,50]
[425,50] 1 [426,52]
[426,52] 1 [427,54]
[427,54] 1 [428,57]
[428,57] 1 [429,59]
[429,59] 1 [430,62]
[430,62] 1 [431,65]
[431,65] 1 [432,67]
[432,67] 1 [433,71]
[433,71] 1 [434,74]
[434,74] 1 [435,78]
[435,78] 1 [436,82]
[436,82] 1 [437,85]
[437,85] 1 [438,88]
[438,88] 1 [439,90]
[439,90] 1 [440,92]
[440,92] 1 [441,94]
[441,94] 1 [442,98]
[442,98] 1 [443,100]
[443,100] 1 [444,103]
[444,103] 1 [445,107]
[445,107] 1 [446,110]
[446,110] 1 [447,114]
[447,114] 2 [448,111]
[448,111] 2 [449,107]
[449,107] 1 [450,109]
[450,109] 1 [451,112]
[451,112] 1 [452,115]
[452,115] 1 [453,118]
[453,118] 1 [454,120]
[454,120] 1 [455,122]
[455,122] 1 [456,124]
[456,124] 1 [457,128]
[457,128] 1 [458,132]
[458,132] 1 [459,135]
[459,135] 1 [460,137]
[460,137] 1 [461,140]
[461,140] 1 [462,144]
[462,144] 1 [463,148]
[463,148] 1 [464,152]
[464,152] 1 [465,156]
[465,156] 1 [466,158]
[466,158] 1 [467,160]
[467,160] 1 [468,164]
[468,164] 1 [469,166]
[469,166] 1 [470,168]
[470,168] 1 [471,170]
[471,170] 1 [472,173]
[472,173] 1 [473,175]
[473,175] 1 [474,177]
[474,177] 1 [475,6]
[475,6] 1 [476,6]
[476,6] 1 [477,6]
[477,6] 1 [478,6]
[478,6] 1 [479,6]
[479,6] 1 [480,6]
[480,6] 1 [481,6]
[481,6] 1 [482,6]
[482,6] 1 [483,6]
[483,6] 1 [484,6]
[484,6] 1 [485,10]
[485,10] 1 [486,12]
[486,12] 1 [487,15]
[487,15] 1 [488,17]
[488,17] 2 [489,13]
[489,13] 2 [490,9]
[490,9] 1 [491,11]
[491,11] 1 [492,14]
[492,14] 2 [493,10]
[493,10] 1 [494,10]
[494,10] 1 [495,14]
[495,14] 1 [496,16]
[496,16] 1 [497,18]
[497,18] 1 [498,21]
[498,21] 1 [499,25]
[499,25] 1 [500,27]
[500,27] 1 [501,30]
[501,30] 1 [502,33]
[502,33] 1 [503,36]
[503,36] 1 [504,39]
[504,39] 1 [505,43]
[505,43] 1 [506,45]
[506,45] 1 [507,47]
[507,47] 1 [508,49]
[508,49] 1 [509,51]
[509,51] 1 [510,55]
[510,55] 1 [511,57]
[511,57] 1 [512,60]
[512,60] 1 [513,64]
[513,64] 1 [514,66]
[514,66] 1 [515,68]
[515,68] 1 [516,71]
[516,71] 1 [517,75]
[517,75] 1 [518,77]
[518,77] 1 [519,81]
[519,81] 1 [520,83]
[520,83] 1 [521,87]
[521,87] 1 [522,89]
[522,89] 1 [523,93]
[523,93] 1 [524,96]
[524,96] 1 [525,100]
[525,100] 1 [526,102]
[526,102] 1 [527,104]
[527,104] 1 [528,106]
[528,106] 1 [529,108]
[529,108] 1 [530,111]
[530,111] 1 [531,114]
[531,114] 1 [532,118]
[532,118] 1 [533,122]
[533,122] 1 [534,124]
[534,124] 1 [535,128]
[535,128] 1 [536,131]
[536,131] 1 [537,134]
[537,134] 1 [538,136]
[538,136] 1 [539,140]
[539,140] 1 [540,143]
[540,143] 1 [541,145]
[541,145] 1 [542,148]
[542,148] 1 [543,152]
[543,152] 1 [544,154]
[544,154] 1 [545,158]
[545,158] 1 [546,162]
[546,162] 1 [547,164]
[547,164] 1 [548,167]
[548,167] 1 [549,171]
[549,171] 1 [550,175]
[550,175] 1 [551,6]
[551,6] 1 [552,6]
[552,6] 1 [553,6]
[553,6] 1 [554,6]
[554,6] 1 [555,6]
[555,6] 1 [556,6]
[556,6] 1 [557,6]
[557,6] 1 [558,6]
[558,6] 1 [559,6]
[559,6] 1 [560,8]
[560,8] 0 [561,8]
[561,8] 1 [562,9]
[562,9] 1 [563,12]
[563,12] 1 [564,14]
[564,14] 1 [565,18]
[565,18] 1 [566,22]
[566,22] 1 [567,26]
[567,26] 1 [568,30]
[568,30] 1 [569,32]
[569,32] 1 [570,35]
[570,35] 1 [571,38]
[571,38] 1 [572,42]
[572,42] 1 [573,46]
[573,46] 1 [574,49]
[574,49] 1 [575,53]
[575,53] 1 [576,57]
[576,57] 1 [577,61]
[577,61] 1 [578,64]
[578,64] 1 [579,68]
[579,68] 1 [580,71]
[580,71] 1 [581,73]
[581,73] 1 [582,76]
[582,76] 1 [583,80]
[583,80] 1 [584,82]
[584,82] 1 [585,86]
[585,86] 1 [586,90]
[586,90] 1 [587,92]
[587,92] 1 [588,94]
[588,94] 1 [589,96]
[589,96] 1 [590,98]
[590,98] 1 [591,102]
[591,102] 1 [592,106]
[592,106] 1 [593,109]
[593,109] 1 [594,113]
[594,113] 1 [595,115]
[595,115] 1 [596,117]
[596,117] 1 [597,121]
[597,121] 1 [598,123]
[598,123] 1 [599,127]
[599,127] 1 [600,130]
[600,130] 1 [601,132]
[601,132] 1 [602,134]
[602,134] 1 [603,138]
[603,138] 1 [604,142]
[604,142] 1 [605,145]
[605,145] 1 [606,149]
[606,149] 1 [607,151]
[607,151] 1 [608,154]
[608,154] 1 [609,156]
[609,156] 1 [610,160]
[610,160] 1 [611,164]
[611,164] 1 [612,167]
[612,167] 1 [613,171]
[613,171] 1 [614,173]
[614,173] 1 [615,175]
[615,175] 1 [616,6]
[616,6] 1 [617,6]
[617,6] 1 [618,6]
[618,6] 1 [619,6]
[619,6] 1 [620,6]
[620,6] 1 [621,6]
[621,6] 1 [622,6]
[622,6] 1 [623,6]
[623,6] 1 [624,6]
[624,6] 1 [625,6]
[625,6] 0 [626,6]
[626,6] 1 [627,8]
[627,8] 1 [628,10]
[628,10] 1 [629,12]
[629,12] 2 [630,8]
[630,8] 1 [631,12]
[631,12] 1 [632,14]
[632,14] 0 [633,15]
[633,15] 2 [634,11]
[634,11] 1 [635,12]
[635,12] 1 [636,15]
[636,15] 1 [637,18]
[637,18] 1 [638,22]
[638,22] 1 [639,25]
[639,25] 1 [640,28]
[640,28] 1 [641,32]
[641,32] 1 [642,34]
[642,34] 1 [643,36]
[643,36] 1 [644,38]
[644,38] 1 [645,40]
[645,40] 1 [646,42]
[646,42] 1 [647,44]
[647,44] 1 [648,48]
[648,48] 1 [649,50]
[649,50] 1 [650,52]
[650,52] 1 [651,54]
[651,54] 1 [652,57]
[652,57] 1 [653,60]
[653,60] 1 [654,62]
[654,62] 1 [655,64]
[655,64] 1 [656,68]
[656,68] 1 [657,71]
[657,71] 1 [658,74]
[658,74] 1 [659,77]
[659,77] 1 [660,81]
[660,81] 1 [661,85]
[661,85] 1 [662,89]
[662,89] 1 [663,93]
[663,93] 1 [664,97]
[664,97] 1 [665,101]
[665,101] 1 [666,103]
[666,103] 1 [667,106]
[667,106] 1 [668,110]
[668,110] 1 [669,114]
[669,114] 1 [670,116]
[670,116] 1 [671,120]
[671,120] 1 [672,124]
[672,124] 1 [673,127]
[673,127] 1 [674,131]
[674,131] 1 [675,133]
[675,133] 1 [676,137]
[676,137] 1 [677,139]
[677,139] 1 [678,141]
[678,141] 1 [679,145]
[679,145] 1 [680,149]
[680,149] 1 [681,151]
[681,151] 1 [682,153]
[682,153] 1 [683,157]
[683,157] 1 [684,160]
[684,160] 1 [685,163]
[685,163] 1 [686,167]
[686,167] 1 [687,171]
[687,171] 1 [688,175]
[688,175] 1 [689,177]
[689,177] 1 [690,6]
[690,6] 1 [691,6]
[691,6] 1 [692,6]
[692,6] 1 [693,6]
[693,6] 1 [694,6]
[694,6] 1 [695,6]
[695,6] 1 [696,6]
[696,6] 1 [697,6]
[697,6] 1 [698,6]
[698,6] 1 [699,6]
[699,6] 1 [700,7]
[700,7] 1 [701,11]
[701,11] 0 [702,11]
[702,11] 2 [703,8]
[703,8] 1 [704,11]
[704,11] 1 [705,13]
[705,13] 1 [706,17]
[706,17] 1 [707,21]
[707,21] 1 [708,25]
[708,25] 1 [709,29]
[709,29] 1 [710,31]
[710,31] 1 [711,35]
[711,35] 1 [712,37]
[712,37] 1 [713,39]
[713,39] 1 [714,41]
[714,41] 1 [715,45]
[715,45] 1 [716,48]
[716,48] 1 [717,50]
[717,50] 1 [718,52]
[718,52] 1 [719,55]
[719,55] 1 [720,59]
[720,59] 1 [721,62]
[721,62] 1 [722,66]
[722,66] 1 [723,69]
[723,69] 1 [724,73]
[724,73] 1 [725,77]
[725,77] 1 [726,80]
[726,80] 1 [727,84]
[727,84] 1 [728,86]
[728,86] 1 [729,88]
[729,88] 1 [730,90]
[730,90] 1 [731,93]
[731,93] 1 [732,97]
[732,97] 1 [733,99]
[733,99] 1 [734,101]
[734,101] 1 [735,104]
[735,104] 1 [736,106]
[736,106] 1 [737,108]
[737,108] 1 [738,111]
[738,111] 1 [739,114]
[739,114] 1 [740,117]
[740,117] 1 [741,121]
[741,121] 1 [742,125]
[742,125] 1 [743,129]
[743,129] 1 [744,132]
[744,132] 1 [745,136]
[745,136] 1 [746,140]
[746,140] 1 [747,143]
[747,143] 1 [748,146]
[748,146] 1 [749,150]
[749,150] 1 [750,152]
[750,152] 1 [751,154]
[751,154] 1 [752,156]
[752,156] 1 [753,160]
[753,160] 1 [754,162]
[754,162] 1 [755,165]
[755,165] 1 [756,168]
[756,168] 1 [757,170]
[757,170] 1 [758,173]
[758,173] 1 [759,177]
[759,177] 1 [760,6]
[760,6] 1 [761,6]
[761,6] 1 [762,6]
[762,6] 1 [763,6]
[763,6] 1 [764,6]
[764,6] 1 [765,6]
[765,6] 1 [766,6]
[766,6] 1 [767,6]
[767,6] 1 [768,6]
[768,6] 1 [769,7]
[769,7] 1 [770,11]
[770,11] 1 [771,14]
[771,14] 1 [772,17]
[772,17] 1 [773,21]
[773,21] 1 [774,24]
[774,24] 1 [775,28]
[775,28] 1 [776,31]
[776,31] 1 [777,34]
[777,34] 1 [778,36]
[778,36] 1 [779,38]
[779,38] 1 [780,42]
[780,42] 1 [781,45]
[781,45] 1 [782,49]
[782,49] 1 [783,53]
[783,53] 1 [784,57]
[784,57] 1 [785,60]
[785,60] 1 [786,64]
[786,64] 1 [787,67]
[787,67] 1 [788,70]
[788,70] 1 [789,74]
[789,74] 1 [790,78]
[790,78] 1 [791,80]
[791,80] 1 [792,84]
[792,84] 1 [793,87]
[793,87] 1 [794,91]
[794,91] 1 [795,94]
[795,94] 1 [796,96]
[796,96] 1 [797,98]
[797,98] 1 [798,102]
[798,102] 1 [799,106]
[799,106] 1 [800,109]
[800,109] 1 [801,113]
[801,113] 1 [802,116]
[802,116] 1 [803,120]
[803,120] 1 [804,122]
[804,122] 1 [805,124]
[805,124] 1 [806,127]
[806,127] 1 [807,129]
[807,129] 1 [808,131]
[808,131] 1 [809,133]
[809,133] 1 [810,136]
[810,136] 1 [811,138]
[811,138] 1 [812,140]
[812,140] 1 [813,144]
[813,144] 1 [814,148]
[814,148] 1 [815,150]
[815,150] 1 [816,152]
[816,152] 1 [817,155]
[817,155] 1 [818,158]
[818,158] 1 [819,161]
[819,161] 1 [820,164]
[820,164] 1 [821,167]
[821,167] 1 [822,171]
[822,171] 1 [823,173]
[823,173] 1 [824,175]
[824,175] 1 [825,177]
[825,177] 1 [826,6]
[826,6] 1 [827,6]
[827,6] 1 [828,6]
[828,6] 1 [829,6]
[829,6] 1 [830,6]
[830,6] 1 [831,6]
[831,6] 1 [832,6]
[832,6] 1 [833,6]
[833,6] 1 [834,6]
[834,6] 0 [835,7]
[835,7] 1 [836,10]
[836,10] 1 [837,14]
[837,14] 2 [838,11]
[838,11] 1 [839,13]
[839,13] 1 [840,15]
[840,15] 1 [841,17]
[841,17] 2 [842,14]
[842,14] 2 [843,11]
[843,11] 2 [844,8]
[844,8] 1 [845,9]
[845,9] 1 [846,11]
[846,11] 1 [847,15]
[847,15] 1 [848,17]
[848,17] 1 [849,21]
[849,21] 1 [850,23]
[850,23] 1 [851,27]
[851,27] 1 [852,30]
[852,30] 1 [853,32]
[853,32] 1 [854,36]
[854,36] 1 [855,39]
[855,39] 1 [856,43]
[856,43] 1 [857,46]
[857,46] 1 [858,48]
[858,48] 1 [859,50]
[859,50] 1 [860,54]
[860,54] 1 [861,56]
[861,56] 1 [862,58]
[862,58] 1 [863,60]
[863,60] 1 [864,63]
[864,63] 1 [865,67]
[865,67] 1 [866,70]
[866,70] 1 [867,72]
[867,72] 1 [868,76]
[868,76] 1 [869,79]
[869,79] 1 [870,82]
[870,82] 1 [871,84]
[871,84] 1 [872,87]
[872,87] 1 [873,90]
[873,90] 1 [874,92]
[874,92] 1 [875,95]
[875,95] 1 [876,97]
[876,97] 1 [877,99]
[877,99] 1 [878,102]
[878,102] 1 [879,106]
[879,106] 1 [880,108]
[880,108] 1 [881,111]
[881,111] 1 [882,114]
[882,114] 1 [883,118]
[883,118] 1 [884,122]
[884,122] 1 [885,126]
[885,126] 1 [886,128]
[886,128] 1 [887,132]
[887,132] 1 [888,136]
[888,136] 1 [889,138]
[889,138] 1 [890,140]
[890,140] 1 [891,142]
[891,142] 1 [892,144]
[892,144] 1 [893,146]
[893,146] 1 [894,150]
[894,150] 1 [895,153]
[895,153] 1 [896,155]
[896,155] 1 [897,159]
[897,159] 1 [898,161]
[898,161] 1 [899,164]
[899,164] 1 [900,168]
[900,168] 1 [901,172]
[901,172] 1 [902,176]
[902,176] 1 [903,6]
[903,6] 1 [904,6]
[904,6] 1 [905,6]
[905,6] 1 [906,6]
[906,6] 1 [907,6]
[907,6] 1 [908,6]
[908,6] 1 [909,6]
[909,6] 1 [910,6]
[910,6] 1 [911,6]
[911,6] 1 [912,6]
[912,6] 1 [913,6]
[913,6] 1 [914,9]
[914,9] 1 [915,12]
[915,12] 1 [916,14]
[916,14] 0 [917,16]
[917,16] 1 [918,19]
[918,19] 2 [919,15]
[919,15] 1 [920,17]
[920,17] 1 [921,19]
[921,19] 1 [922,21]
[922,21] 1 [923,25]
[923,25] 1 [924,28]
[924,28] 1 [925,30]
[925,30] 1 [926,34]
[926,34] 1 [927,36]
[927,36] 1 [928,38]
[928,38] 1 [929,41]
[929,41] 1 [930,45]
[930,45] 1 [931,47]
[931,47] 1 [932,49]
[932,49] 1 [933,53]
[933,53] 1 [934,56]
[934,56] 1 [935,60]
[935,60] 1 [936,62]
[936,62] 1 [937,65]
[937,65] 1 [938,68]
[938,68] 1 [939,70]
[939,70] 1 [940,74]
[940,74] 1 [941,76]
[941,76] 1 [942,79]
[942,79] 1 [943,82]
[943,82] 1 [944,86]
[944,86] 1 [945,90]
[945,90] 1 [946,92]
[946,92] 1 [947,94]
[947,94] 1 [948,97]
[948,97] 1 [949,99]
[949,99] 1 [950,103]
[950,103] 1 [951,105]
[951,105] 1 [952,109]
[952,109] 1 [953,111]
[953,111] 1 [954,114]
[954,114] 1 [955,116]
[955,116] 1 [956,119]
[956,119] 1 [957,122]
[957,122] 1 [958,125]
[958,125] 1 [959,128]
[959,128] 1 [960,130]
[960,130] 1 [961,132]
[961,132] 1 [962,134]
[962,134] 1 [963,137]
[963,137] 1 [964,139]
[964,139] 1 [965,141]
[965,141] 1 [966,145]
[966,145] 1 [967,148]
[967,148] 1 [968,150]
[968,150] 1 [969,152]
[969,152] 1 [970,155]
[970,155] 1 [971,159]
[971,159] 1 [972,161]
[972,161] 1 [973,163]
[973,163] 1 [974,166]
[974,166] 1 [975,169]
[975,169] 1 [976,171]
[976,171] 1 [977,175]
[977,175] 1 [978,6]
[978,6] 1 [979,6]
[979,6] 1 [980,6]
[980,6] 1 [981,6]
[981,6] 1 [982,6]
[982,6] 1 [983,6]
[983,6] 1 [984,6]
[984,6] 1 [985,6]
[985,6] 1 [986,6]
[986,6] 1 [987,6]
[987,6] 1 [988,7]
[988,7] 1 [989,11]
[989,11] 1 [990,15]
[990,15] 0 [991,15]
[991,15] 2 [992,12]
[992,12] 1 [993,15]
[993,15] 1 [994,19]
[994,19] 2 [995,15]
[995,15] 2 [996,11]
[996,11] 2 [997,8]
[997,8] 1 [998,11]
[998,11] 2 [999,9]
[999,9] 1 [1000,11]
[1000,11] 1 [1001,13]
[1001,13] 1 [1002,15]
[1002,15] 2 [1003,12]
[1003,12] 2 [1004,9]
[1004,9] 1 [1005,11]
[1005,11] 2 [1006,9]
[1006,9] 2 [1007,7]
[1007,7] 1 [1008,7]
[1008,7] 1 [1009,10]
[1009,10] 2 [1010,8]
[1010,8] 2 [1011,6]
[1011,6] 1 [1012,8]
[1012,8] 1 [1013,10]
[1013,10] 1 [1014,14]
[1014,14] 1 [1015,16]
[1015,16] 1 [1016,20]
[1016,20] 1 [1017,22]
[1017,22] 1 [1018,26]
[1018,26] 1 [1019,28]
[1019,28] 1 [1020,30]
[1020,30] 1 [1021,32]
[1021,32] 1 [1022,36]
[1022,36] 1 [1023,40]
[1023,40] 1 [1024,44]
[1024,44] 1 [1025,47]
[1025,47] 1 [1026,49]
[1026,49] 1 [1027,51]
[1027,51] 1 [1028,54]
[1028,54] 1 [1029,57]
[1029,57] 1 [1030,59]
[1030,59] 1 [1031,61]
[1031,61] 1 [1032,64]
[1032,64] 1 [1033,66]
[1033,66] 1 [1034,70]
[1034,70] 1 [1035,72]
[1035,72] 1 [1036,76]
[1036,76] 1 [1037,78]
[1037,78] 1 [1038,81]
[1038,81] 1 [1039,84]
[1039,84] 1 [1040,87]
[1040,87] 1 [1041,91]
[1041,91] 1 [1042,95]
[1042,95] 1 [1043,97]
[1043,97] 1 [1044,100]
[1044,100] 1 [1045,103]
[1045,103] 1 [1046,106]
[1046,106] 1 [1047,110]
[1047,110] 1 [1048,112]
[1048,112] 1 [1049,115]
[1049,115] 1 [1050,119]
[1050,119] 1 [1051,122]
[1051,122] 1 [1052,124]
[1052,124] 1 [1053,126]
[1053,126] 1 [1054,128]
[1054,128] 1 [1055,131]
[1055,131] 1 [1056,134]
[1056,134] 1 [1057,138]
[1057,138] 1 [1058,140]
[1058,140] 1 [1059,143]
[1059,143] 1 [1060,146]
[1060,146] 1 [1061,148]
[1061,148] 1 [1062,150]
[1062,150] 1 [1063,154]
[1063,154] 1 [1064,158]
[1064,158] 1 [1065,161]
[1065,161] 1 [1066,163]
[1066,163] 1 [1067,166]
[1067,166] 1 [1068,169]
[1068,169] 1 [1069,171]
[1069,171] 1 [1070,173]
[1070,173] 1 [1071,177]
[1071,177] 1 [1072,6]
[1072,6] 1 [1073,6]
[1073,6] 1 [1074,6]
[1074,6] 1 [1075,6]
[1075,6] 1 [1076,6]
[1076,6] 1 [1077,6]
[1077,6] 1 [1078,6]
[1078,6] 1 [1079,6]
[1079,6] 1 [1080,6]
[1080,6] 1 [1081,7]
[1081,7] 1 [1082,10]
[1082,10] 1 [1083,12]
[1083,12] 1 [1084,15]
[1084,15] 0 [1085,16]
[1085,16] 0 [1086,16]
[1086,16] 1 [1087,17]
[1087,17] 2 [1088,13]
[1088,13] 2 [1089,9]
[1089,9] 1 [1090,11]
[1090,11] 1 [1091,13]
[1091,13] 1 [1092,16]
[1092,16] 1 [1093,20]
[1093,20] 2 [1094,16]
[1094,16] 1 [1095,16]
[1095,16] 1 [1096,20]
[1096,20] 1 [1097,24]
[1097,24] 1 [1098,28]
[1098,28] 1 [1099,32]
[1099,32] 1 [1100,34]
[1100,34] 1 [1101,38]
[1101,38] 1 [1102,40]
[1102,40] 1 [1103,42]
[1103,42] 1 [1104,45]
[1104,45] 1 [1105,47]
[1105,47] 1 [1106,49]
[1106,49] 1 [1107,53]
[1107,53] 1 [1108,55]
[1108,55] 1 [1109,58]
[1109,58] 1 [1110,60]
[1110,60] 1 [1111,63]
[1111,63] 1 [1112,66]
[1112,66] 1 [1113,69]
[1113,69] 1 [1114,71]
[1114,71] 1 [1115,73]
[1115,73] 1 [1116,77]
[1116,77] 1 [1117,81]
[1117,81] 1 [1118,83]
[1118,83] 1 [1119,87]
[1119,87] 1 [1120,89]
[1120,89] 1 [1121,92]
[1121,92] 1 [1122,94]
[1122,94] 1 [1123,96]
[1123,96] 1 [1124,99]
[1124,99] 1 [1125,102]
[1125,102] 1 [1126,105]
[1126,105] 1 [1127,108]
[1127,108] 1 [1128,111]
[1128,111] 1 [1129,115]
[1129,115] 1 [1130,119]
[1130,119] 1 [1131,121]
[1131,121] 1 [1132,123]
[1132,123] 1 [1133,127]
[1133,127] 1 [1134,129]
[1134,129] 1 [1135,132]
[1135,132] 1 [1136,134]
[1136,134] 1 [1137,137]
[1137,137] 1 [1138,141]
[1138,141] 1 [1139,145]
[1139,145] 1 [1140,147]
[1140,147] 1 [1141,149]
[1141,149] 1 [1142,151]
[1142,151] 1 [1143,155]
[1143,155] 1 [1144,159]
[1144,159] 1 [1145,163]
[1145,163] 1 [1146,166]
[1146,166] 1 [1147,168]
[1147,168] 1 [1148,172]
[1148,172] 1 [1149,174]
[1149,174] 1 [1150,177]
[1150,177] 1 [1151,6]
[1151,6] 1 [1152,6]
[1152,6] 1 [1153,6]
[1153,6] 1 [1154,6]
[1154,6] 1 [1155,6]
[1155,6] 1 [1156,6]
[1156,6] 1 [1157,6]
[1157,6] 1 [1158,6]
[1158,6] 1 [1159,6]
[1159,6] 1 [1160,6]
[1160,6] 0 [1161,6]
[1161,6] 1 [1162,8]
[1162,8] 1 [1163,10]
[1163,10] 0 [1164,11]
[1164,11] 0 [1165,11]
[1165,11] 1 [1166,14]
[1166,14] 2 [1167,10]
[1167,10] 1 [1168,12]
[1168,12] 1 [1169,14]
[1169,14] 1 [1170,17]
[1170,17] 2 [1171,13]
[1171,13] 1 [1172,15]
[1172,15] 2 [1173,11]
[1173,11] 1 [1174,13]
[1174,13] 2 [1175,9]
[1175,9] 1 [1176,9]
[1176,9] 1 [1177,12]
[1177,12] 1 [1178,15]
[1178,15] 2 [1179,11]
[1179,11] 1 [1180,11]
[1180,11] 1 [1181,13]
[1181,13] 1 [1182,17]
[1182,17] 2 [1183,15]
[1183,15] 1 [1184,14]
[1184,14] 1 [1185,16]
[1185,16] 1 [1186,19]
[1186,19] 2 [1187,15]
[1187,15] 1 [1188,17]
[1188,17] 1 [1189,21]
[1189,21] 1 [1190,25]
[1190,25] 1 [1191,29]
[1191,29] 1 [1192,32]
[1192,32] 1 [1193,36]
[1193,36] 1 [1194,38]
[1194,38] 1 [1195,41]
[1195,41] 1 [1196,45]
[1196,45] 1 [1197,49]
[1197,49] 1 [1198,53]
[1198,53] 1 [1199,55]
[1199,55] 1 [1200,57]
[1200,57] 1 [1201,59]
[1201,59] 1 [1202,61]
[1202,61] 1 [1203,63]
[1203,63] 1 [1204,67]
[1204,67] 1 [1205,71]
[1205,71] 1 [1206,74]
[1206,74] 1 [1207,78]
[1207,78] 1 [1208,81]
[1208,81] 1 [1209,83]
[1209,83] 1 [1210,85]
[1210,85] 1 [1211,87]
[1211,87] 1 [1212,89]
[1212,89] 1 [1213,92]
[1213,92] 1 [1214,94]
[1214,94] 1 [1215,96]
[1215,96] 1 [1216,100]
[1216,100] 1 [1217,102]
[1217,102] 1 [1218,105]
[1218,105] 1 [1219,108]
[1219,108] 1 [1220,111]
[1220,111] 1 [1221,113]
[1221,113] 1 [1222,115]
[1222,115] 2 [1223,112]
[1223,112] 2 [1224,110]
[1224,110] 1 [1225,112]
[1225,112] 1 [1226,115]
[1226,115] 2 [1227,112]
[1227,112] 1 [1228,114]
[1228,114] 1 [1229,116]
[1229,116] 1 [1230,120]
[1230,120] 1 [1231,124]
[1231,124] 1 [1232,127]
[1232,127] 1 [1233,129]
[1233,129] 1 [1234,132]
[1234,132] 1 [1235,134]
[1235,134] 1 [1236,138]
[1236,138] 1 [1237,142]
[1237,142] 1 [1238,146]
[1238,146] 1 [1239,150]
[1239,150] 1 [1240,152]
[1240,152] 1 [1241,156]
[1241,156] 1 [1242,158]
[1242,158] 1 [1243,162]
[1243,162] 1 [1244,166]
[1244,166] 0 [1245,167]
[1245,167] 1 [1246,171]
[1246,171] 1 [1247,175]
[1247,175] 1 [1248,6]
[1248,6] 1 [1249,6]
[1249,6] 1 [1250,6]
[1250,6] 1 [1251,6]
[1251,6] 1 [1252,6]
[1252,6] 1 [1253,6]
[1253,6] 1 [1254,6]
[1254,6] 1 [1255,6]
[1255,6] 1 [1256,6]
[1256,6] 1 [1257,8]
[1257,8] 1 [1258,11]
[1258,11] 1 [1259,14]
[1259,14] 1 [1260,17]
[1260,17] 1 [1261,19]
[1261,19] 1 [1262,22]
[1262,22] 1 [1263,25]
[1263,25] 1 [1264,27]
[1264,27] 1 [1265,29]
[1265,29] 1 [1266,32]
[1266,32] 1 [1267,36]
[1267,36] 1 [1268,38]
[1268,38] 1 [1269,41]
[1269,41] 1 [1270,43]
[1270,43] 1 [1271,47]
[1271,47] 1 [1272,51]
[1272,51] 1 [1273,53]
[1273,53] 1 [1274,55]
[1274,55] 1 [1275,57]
[1275,57] 1 [1276,59]
[1276,59] 1 [1277,63]
[1277,63] 1 [1278,67]
[1278,67] 1 [1279,71]
[1279,71] 1 [1280,75]
[1280,75] 1 [1281,79]
[1281,79] 1 [1282,82]
[1282,82] 1 [1283,86]
[1283,86] 1 [1284,89]
[1284,89] 1 [1285,93]
[1285,93] 1 [1286,95]
[1286,95] 1 [1287,99]
[1287,99] 1 [1288,102]
[1288,102] 1 [1289,106]
[1289,106] 1 [1290,109]
[1290,109] 1 [1291,113]
[1291,113] 1 [1292,116]
[1292,116] 1 [1293,119]
[1293,119] 1 [1294,123]
[1294,123] 1 [1295,126]
[1295,126] 1 [1296,130]
[1296,130] 1 [1297,132]
[1297,132] 1 [1298,136]
[1298,136] 1 [1299,139]
[1299,139] 1 [1300,142]
[1300,142] 1 [1301,144]
[1301,144] 1 [1302,146]
[1302,146] 1 [1303,149]
[1303,149] 1 [1304,151]
[1304,151] 1 [1305,155]
[1305,155] 1 [1306,157]
[1306,157] 1 [1307,161]
[1307,161] 1 [1308,165]
[1308,165] 1 [1309,168]
[1309,168] 1 [1310,172]
[1310,172] 1 [1311,175]
[1311,175] 1 [1312,177]
[1312,177] 1 [1313,6]
[1313,6] 1 [1314,6]
[1314,6] 1 [1315,6]
[1315,6] 1 [1316,6]
[1316,6] 1 [1317,6]
[1317,6] 1 [1318,6]
[1318,6] 1 [1319,6]
[1319,6] 1 [1320,6]
[1320,6] 0 [1321,6]
[1321,6] 1 [1322,9]
[1322,9] 1 [1323,12]
[1323,12] 1 [1324,16]
[1324,16] 2 [1325,15]
[1325,15] 1 [1326,19]
[1326,19] 2 [1327,16]
[1327,16] 1 [1328,18]
[1328,18] 1 [1329,21]
[1329,21] 1 [1330,23]
[1330,23] 1 [1331,25]
[1331,25] 1 [1332,27]
[1332,27] 1 [1333,29]
[1333,29] 1 [1334,31]
[1334,31] 1 [1335,33]
[1335,33] 1 [1336,36]
[1336,36] 1 [1337,39]
[1337,39] 1 [1338,41]
[1338,41] 1 [1339,44]
[1339,44] 1 [1340,46]
[1340,46] 1 [1341,50]
[1341,50] 1 [1342,53]
[1342,53] 1 [1343,56]
[1343,56] 1 [1344,59]
[1344,59] 1 [1345,63]
[1345,63] 1 [1346,67]
[1346,67] 0 [1347,67]
[1347,67] 1 [1348,71]
[1348,71] 2 [1349,67]
[1349,67] 2 [1350,63]
[1350,63] 1 [1351,64]
[1351,64] 1 [1352,68]
[1352,68] 1 [1353,71]
[1353,71] 1 [1354,73]
[1354,73] 1 [1355,75]
[1355,75] 1 [1356,79]
[1356,79] 1 [1357,81]
[1357,81] 1 [1358,85]
[1358,85] 1 [1359,88]
[1359,88] 1 [1360,92]
[1360,92] 1 [1361,95]
[1361,95] 1 [1362,98]
[1362,98] 1 [1363,100]
[1363,100] 1 [1364,102]
[1364,102] 1 [1365,104]
[1365,104] 1 [1366,106]
[1366,106] 1 [1367,109]
[1367,109] 1 [1368,113]
[1368,113] 1 [1369,116]
[1369,116] 1 [1370,118]
[1370,118] 1 [1371,120]
[1371,120] 1 [1372,124]
[1372,124] 1 [1373,126]
[1373,126] 1 [1374,128]
[1374,128] 1 [1375,131]
[1375,131] 1 [1376,134]
[1376,134] 1 [1377,137]
[1377,137] 1 [1378,141]
[1378,141] 1 [1379,145]
[1379,145] 1 [1380,148]
[1380,148] 1 [1381,152]
[1381,152] 1 [1382,156]
[1382,156] 1 [1383,159]
[1383,159] 1 [1384,161]
[1384,161] 1 [1385,165]
[1385,165] 1 [1386,167]
[1386,167] 1 [1387,171]
[1387,171] 1 [1388,174]
[1388,174] 1 [1389,177]
[1389,177] 1 [1390,6]
[1390,6] 1 [1391,6]
[1391,6] 1 [1392,6]
[1392,6] 1 [1393,6]
[1393,6] 1 [1394,6]
[1394,6] 1 [1395,6]
[1395,6] 1 [1396,6]
[1396,6] 1 [1397,6]
[1397,6] 1 [1398,8]
[1398,8] 0 [1399,8]
[1399,8] 1 [1400,10]
[1400,10] 2 [1401,6]
[1401,6] 1 [1402,8]
[1402,8] 2 [1403,6]
[1403,6] 1 [1404,8]
[1404,8] 1 [1405,11]
[1405,11] 2 [1406,12]
[1406,12] 2 [1407,9]
[1407,9] 1 [1408,7]
[1408,7] 1 [1409,10]
[1409,10] 2 [1410,6]
[1410,6] 1 [1411,9]
[1411,9] 1 [1412,12]
[1412,12] 2 [1413,8]
[1413,8] 1 [1414,10]
[1414,10] 2 [1415,7]
[1415,7] 1 [1416,11]
[1416,11] 2 [1417,8]
[1417,8] 1 [1418,11]
[1418,11] 0 [1419,11]
[1419,11] 0 [1420,11]
[1420,11] 2 [1421,7]
[1421,7] 1 [1422,11]
[1422,11] 2 [1423,8]
[1423,8] 1 [1424,10]
[1424,10] 1 [1425,13]
[1425,13] 1 [1426,17]
[1426,17] 1 [1427,19]
[1427,19] 1 [1428,22]
[1428,22] 1 [1429,26]
[1429,26] 1 [1430,29]
[1430,29] 1 [1431,32]
[1431,32] 1 [1432,36]
[1432,36] 1 [1433,40]
[1433,40] 1 [1434,43]
[1434,43] 1 [1435,45]
[1435,45] 1 [1436,47]
[1436,47] 1 [1437,50]
[1437,50] 1 [1438,53]
[1438,53] 1 [1439,55]
[1439,55] 1 [1440,58]
[1440,58] 1 [1441,60]
[1441,60] 1 [1442,64]
[1442,64] 1 [1443,67]
[1443,67] 1 [1444,70]
[1444,70] 1 [1445,72]
[1445,72] 1 [1446,76]
[1446,76] 1 [1447,79]
[1447,79] 1 [1448,81]
[1448,81] 1 [1449,84]
[1449,84] 1 [1450,86]
[1450,86] 1 [1451,89]
[1451,89] 1 [1452,93]
[1452,93] 1 [1453,95]
[1453,95] 1 [1454,97]
[1454,97] 1 [1455,101]
[1455,101] 1 [1456,103]
[1456,103] 1 [1457,106]
[1457,106] 1 [1458,110]
[1458,110] 1 [1459,112]
[1459,112] 1 [1460,116]
[1460,116] 1 [1461,118]
[1461,118] 1 [1462,120]
[1462,120] 1 [1463,123]
[1463,123] 1 [1464,127]
[1464,127] 1 [1465,131]
[1465,131] 1 [1466,135]
[1466,135] 1 [1467,137]
[1467,137] 1 [1468,141]
[1468,141] 1 [1469,143]
[1469,143] 1 [1470,147]
[1470,147] 1 [1471,150]
[1471,150] 1 [1472,154]
[1472,154] 1 [1473,157]
[1473,157] 1 [1474,161]
[1474,161] 1 [1475,165]
[1475,165] 1 [1476,167]
[1476,167] 1 [1477,170]
[1477,170] 1 [1478,173]
[1478,173] 1 [1479,175]
[1479,175] 1 [1480,6]
[1480,6] 1 [1481,6]
[1481,6] 1 [1482,6]
[1482,6] 1 [1483,6]
[1483,6] 1 [1484,6]
[1484,6] 1 [1485,6]
[1485,6] 1 [1486,6]
[1486,6] 1 [1487,6]
[1487,6] 1 [1488,6]
[1488,6] 1 [1489,9]
[1489,9] 1 [1490,12]
[1490,12] 1 [1491,14]
[1491,14] 1 [1492,16]
[1492,16] 0 [1493,16]
[1493,16] 1 [1494,18]
[1494,18] 1 [1495,22]
[1495,22] 1 [1496,25]
[1496,25] 1 [1497,29]
[1497,29] 1 [1498,32]
[1498,32] 1 [1499,35]
[1499,35] 1 [1500,38]
[1500,38] 1 [1501,42]
[1501,42] 1 [1502,44]
[1502,44] 1 [1503,46]
[1503,46] 1 [1504,50]
[1504,50] 1 [1505,53]
[1505,53] 1 [1506,57]
[1506,57] 1 [1507,60]
[1507,60] 1 [1508,64]
[1508,64] 1 [1509,67]
[1509,67] 1 [1510,71]
[1510,71] 1 [1511,75]
[1511,75] 1 [1512,77]
[1512,77] 1 [1513,80]
[1513,80] 1 [1514,84]
[1514,84] 1 [1515,88]
[1515,88] 1 [1516,91]
[1516,91] 1 [1517,93]
[1517,93] 1 [1518,97]
[1518,97] 1 [1519,99]
[1519,99] 1 [1520,102]
[1520,102] 1 [1521,104]
[1521,104] 1 [1522,106]
[1522,106] 1 [1523,110]
[1523,110] 1 [1524,113]
[1524,113] 1 [1525,115]
[1525,115] 1 [1526,118]
[1526,118] 1 [1527,122]
[1527,122] 1 [1528,126]
[1528,126] 1 [1529,128]
[1529,128] 1 [1530,132]
[1530,132] 1 [1531,135]
[1531,135] 1 [1532,137]
[1532,137] 1 [1533,139]
[1533,139] 1 [1534,141]
[1534,141] 1 [1535,143]
[1535,143] 1 [1536,146]
[1536,146] 1 [1537,150]
[1537,150] 1 [1538,153]
[1538,153] 1 [1539,156]
[1539,156] 1 [1540,158]
[1540,158] 1 [1541,161]
[1541,161] 1 [1542,163]
[1542,163] 1 [1543,167]
[1543,167] 1 [1544,171]
[1544,171] 1 [1545,175]
[1545,175] 1 [1546,6]
[1546,6] 1 [1547,6]
[1547,6] 1 [1548,6]
[1548,6] 1 [1549,6]
[1549,6] 1 [1550,6]
[1550,6] 1 [1551,6]
[1551,6] 1 [1552,6]
[1552,6] 1 [1553,6]
[1553,6] 1 [1554,6]
[1554,6] 1 [1555,6]
[1555,6] 1 [1556,10]
[1556,10] 1 [1557,12]
[1557,12] 1 [1558,14]
[1558,14] 1 [1559,18]
[1559,18] 1 [1560,21]
[1560,21] 2 [1561,21]
[1561,21] 1 [1562,23]
[1562,23] 0 [1563,23]
[1563,23] 1 [1564,24]
[1564,24] 1 [1565,27]
[1565,27] 1 [1566,30]
[1566,30] 1 [1567,32]
[1567,32] 1 [1568,36]
[1568,36] 1 [1569,38]
[1569,38] 1 [1570,42]
[1570,42] 1 [1571,44]
[1571,44] 1 [1572,48]
[1572,48] 1 [1573,52]
[1573,52] 1 [1574,54]
[1574,54] 1 [1575,58]
[1575,58] 1 [1576,62]
[1576,62] 1 [1577,66]
[1577,66] 1 [1578,69]
[1578,69] 1 [1579,73]
[1579,73] 1 [1580,77]
[1580,77] 1 [1581,81]
[1581,81] 1 [1582,83]
[1582,83] 1 [1583,85]
[1583,85] 1 [1584,87]
[1584,87] 1 [1585,89]
[1585,89] 1 [1586,93]
[1586,93] 1 [1587,95]
[1587,95] 1 [1588,97]
[1588,97] 1 [1589,99]
[1589,99] 1 [1590,101]
[1590,101] 1 [1591,103]
[1591,103] 1 [1592,106]
[1592,106] 1 [1593,110]
[1593,110] 1 [1594,113]
[1594,113] 1 [1595,115]
[1595,115] 1 [1596,119]
[1596,119] 1 [1597,122]
[1597,122] 1 [1598,126]
[1598,126] 1 [1599,130]
[1599,130] 1 [1600,133]
[1600,133] 1 [1601,136]
[1601,136] 1 [1602,139]
[1602,139] 1 [1603,141]
[1603,141] 1 [1604,144]
[1604,144] 1 [1605,146]
[1605,146] 1 [1606,148]
[1606,148] 1 [1607,150]
[1607,150] 1 [1608,154]
[1608,154] 1 [1609,157]
[1609,157] 1 [1610,159]
[1610,159] 1 [1611,163]
[1611,163] 1 [1612,167]
[1612,167] 1 [1613,171]
[1613,171] 1 [1614,175]
[1614,175] 1 [1615,6]
[1615,6] 1 [1616,6]
[1616,6] 1 [1617,6]
[1617,6] 1 [1618,6]
[1618,6] 1 [1619,6]
[1619,6] 1 [1620,6]
[1620,6] 1 [1621,6]
[1621,6] 1 [1622,6]
[1622,6] 1 [1623,6]
[1623,6] 1 [1624,6]
[1624,6] 1 [1625,6]
[1625,6] 1 [1626,7]
[1626,7] 1 [1627,10]
[1627,10] 1 [1628,13]
[1628,13] 2 [1629,13]
[1629,13] 1 [1630,15]
[1630,15] 0 [1631,15]
[1631,15] 2 [1632,11]
[1632,11] 1 [1633,11]
[1633,11] 1 [1634,13]
[1634,13] 1 [1635,15]
[1635,15] 1 [1636,19]
[1636,19] 2 [1637,16]
[1637,16] 2 [1638,12]
[1638,12] 2 [1639,9]
[1639,9] 2 [1640,6]
[1640,6] 1 [1641,8]
[1641,8] 1 [1642,10]
[1642,10] 1 [1643,13]
[1643,13] 1 [1644,17]
[1644,17] 1 [1645,19]
[1645,19] 2 [1646,15]
[1646,15] 2 [1647,12]
[1647,12] 1 [1648,15]
[1648,15] 2 [1649,12]
[1649,12] 1 [1650,14]
[1650,14] 1 [1651,17]
[1651,17] 2 [1652,13]
[1652,13] 1 [1653,15]
[1653,15] 1 [1654,18]
[1654,18] 1 [1655,22]
[1655,22] 1 [1656,26]
[1656,26] 1 [1657,30]
[1657,30] 1 [1658,34]
[1658,34] 1 [1659,37]
[1659,37] 1 [1660,40]
[1660,40] 1 [1661,44]
[1661,44] 1 [1662,48]
[1662,48] 1 [1663,50]
[1663,50] 1 [1664,54]
[1664,54] 1 [1665,56]
[1665,56] 1 [1666,58]
[1666,58] 1 [1667,61]
[1667,61] 1 [1668,64]
[1668,64] 1 [1669,67]
[1669,67] 1 [1670,69]
[1670,69] 1 [1671,71]
[1671,71] 1 [1672,73]
[1672,73] 1 [1673,76]
[1673,76] 1 [1674,80]
[1674,80] 1 [1675,82]
[1675,82] 1 [1676,85]
[1676,85] 1 [1677,88]
[1677,88] 1 [1678,92]
[1678,92] 1 [1679,94]
[1679,94] 1 [1680,98]
[1680,98] 1 [1681,101]
[1681,101] 1 [1682,103]
[1682,103] 1 [1683,107]
[1683,107] 1 [1684,111]
[1684,111] 1 [1685,115]
[1685,115] 1 [1686,119]
[1686,119] 1 [1687,121]
[1687,121] 1 [1688,123]
[1688,123] 1 [1689,126]
[1689,126] 1 [1690,129]
[1690,129] 1 [1691,133]
[1691,133] 1 [1692,136]
[1692,136] 1 [1693,140]
[1693,140] 1 [1694,144]
[1694,144] 1 [1695,148]
[1695,148] 1 [1696,151]
[1696,151] 1 [1697,154]
[1697,154] 1 [1698,158]
[1698,158] 1 [1699,160]
[1699,160] 1 [1700,164]
[1700,164] 1 [1701,167]
[1701,167] 1 [1702,169]
[1702,169] 1 [1703,172]
[1703,172] 1 [1704,175]
[1704,175] 1 [1705,6]
[1705,6] 1 [1706,6]
[1706,6] 1 [1707,6]
[1707,6] 1 [1708,6]
[1708,6] 1 [1709,6]
[1709,6] 1 [1710,6]
[1710,6] 1 [1711,6]
[1711,6] 1 [1712,6]
[1712,6] 1 [1713,6]
[1713,6] 1 [1714,6]
[1714,6] 1 [1715,6]
[1715,6] 0 [1716,7]
[1716,7] 1 [1717,7]
[1717,7] 1 [1718,7]
[1718,7] 1 [1719,9]
[1719,9] 1 [1720,13]
[1720,13] 1 [1721,16]
[1721,16] 2 [1722,12]
[1722,12] 2 [1723,9]
[1723,9] 1 [1724,11]
[1724,11] 1 [1725,13]
[1725,13] 1 [1726,16]
[1726,16] 1 [1727,20]
[1727,20] 1 [1728,24]
[1728,24] 1 [1729,28]
[1729,28] 1 [1730,32]
[1730,32] 1 [1731,35]
[1731,35] 2 [1732,33]
[1732,33] 1 [1733,35]
[1733,35] 1 [1734,37]
[1734,37] 1 [1735,40]
[1735,40] 1 [1736,42]
[1736,42] 1 [1737,45]
[1737,45] 1 [1738,47]
[1738,47] 1 [1739,51]
[1739,51] 1 [1740,55]
[1740,55] 1 [1741,58]
[1741,58] 1 [1742,62]
[1742,62] 0 [1743,62]
[1743,62] 1 [1744,66]
[1744,66] 1 [1745,68]
[1745,68] 1 [1746,71]
[1746,71] 1 [1747,74]
[1747,74] 1 [1748,78]
[1748,78] 1 [1749,81]
[1749,81] 1 [1750,84]
[1750,84] 1 [1751,86]
[1751,86] 1 [1752,90]
[1752,90] 1 [1753,92]
[1753,92] 1 [1754,95]
[1754,95] 1 [1755,97]
[1755,97] 1 [1756,99]
[1756,99] 1 [1757,101]
[1757,101] 1 [1758,103]
[1758,103] 1 [1759,106]
[1759,106] 1 [1760,110]
[1760,110] 1 [1761,114]
[1761,114] 1 [1762,117]
[1762,117] 1 [1763,119]
[1763,119] 1 [1764,123]
[1764,123] 1 [1765,126]
[1765,126] 1 [1766,129]
[1766,129] 1 [1767,133]
[1767,133] 1 [1768,136]
[1768,136] 1 [1769,140]
[1769,140] 1 [1770,144]
[1770,144] 1 [1771,148]
[1771,148] 1 [1772,151]
[1772,151] 1 [1773,155]
[1773,155] 1 [1774,157]
[1774,157] 1 [1775,160]
[1775,160] 1 [1776,162]
[1776,162] 1 [1777,164]
[1777,164] 1 [1778,166]
[1778,166] 1 [1779,169]
[1779,169] 1 [1780,171]
[1780,171] 1 [1781,175]
[1781,175] 1 [1782,177]
[1782,177] 1 [1783,6]
[1783,6] 1 [1784,6]
[1784,6] 1 [1785,6]
[1785,6] 1 [1786,6]
[1786,6] 1 [1787,6]
[1787,6] 1 [1788,6]
[1788,6] 1 [1789,6]
[1789,6] 1 [1790,6]
[1790,6] 1 [1791,6]
[1791,6] 1 [1792,6]
[1792,6] 1 [1793,6]
[1793,6] 1 [1794,9]
[1794,9] 1 [1795,13]
[1795,13] 0 [1796,14]
[1796,14] 0 [1797,14]
[1797,14] 2 [1798,10]
[1798,10] 1 [1799,7]
[1799,7] 1 [1800,9]
[1800,9] 1 [1801,13]
[1801,13] 2 [1802,11]
[1802,11] 2 [1803,9]
[1803,9] 1 [1804,11]
[1804,11] 2 [1805,8]
[1805,8] 1 [1806,11]
[1806,11] 1 [1807,13]
[1807,13] 1 [1808,16]
[1808,16] 2 [1809,12]
[1809,12] 1 [1810,14]
[1810,14] 2 [1811,10]
[1811,10] 1 [1812,12]
[1812,12] 1 [1813,14]
[1813,14] 1 [1814,18]
[1814,18] 1 [1815,21]
[1815,21] 1 [1816,23]
[1816,23] 2 [1817,19]
[1817,19] 2 [1818,15]
[1818,15] 2 [1819,11]
[1819,11] 1 [1820,11]
[1820,11] 1 [1821,13]
[1821,13] 1 [1822,16]
[1822,16] 1 [1823,20]
[1823,20] 1 [1824,22]
[1824,22] 1 [1825,26]
[1825,26] 1 [1826,28]
[1826,28] 1 [1827,32]
[1827,32] 1 [1828,36]
[1828,36] 1 [1829,39]
[1829,39] 1 [1830,41]
[1830,41] 1 [1831,43]
[1831,43] 1 [1832,45]
[1832,45] 1 [1833,48]
[1833,48] 1 [1834,50]
[1834,50] 1 [1835,54]
[1835,54] 1 [1836,57]
[1836,57] 1 [1837,60]
[1837,60] 1 [1838,63]
[1838,63] 1 [1839,67]
[1839,67] 1 [1840,71]
[1840,71] 1 [1841,75]
[1841,75] 1 [1842,79]
[1842,79] 1 [1843,81]
[1843,81] 1 [1844,85]
[1844,85] 1 [1845,89]
[1845,89] 1 [1846,93]
[1846,93] 1 [1847,97]
[1847,97] 1 [1848,101]
[1848,101] 1 [1849,103]
[1849,103] 1 [1850,107]
[1850,107] 1 [1851,109]
[1851,109] 1 [1852,111]
[1852,111] 1 [1853,113]
[1853,113] 1 [1854,116]
[1854,116] 2 [1855,112]
[1855,112] 1 [1856,115]
[1856,115] 2 [1857,112]
[1857,112] 1 [1858,115]
[1858,115] 2 [1859,112]
[1859,112] 1 [1860,114]
[1860,114] 1 [1861,118]
[1861,118] 1 [1862,120]
[1862,120] 1 [1863,123]
[1863,123] 1 [1864,126]
[1864,126] 1 [1865,130]
[1865,130] 1 [1866,132]
[1866,132] 1 [1867,135]
[1867,135] 1 [1868,137]
[1868,137] 1 [1869,141]
[1869,141] 1 [1870,143]
[1870,143] 1 [1871,147]
[1871,147] 1 [1872,150]
[1872,150] 1 [1873,153]
[1873,153] 1 [1874,156]
[1874,156] 1 [1875,158]
[1875,158] 1 [1876,162]
[1876,162] 1 [1877,166]
[1877,166] 1 [1878,168]
[1878,168] 1 [1879,171]
[1879,171] 1 [1880,174]
[1880,174] 1 [1881,177]
[1881,177] 1 [1882,6]
[1882,6] 1 [1883,6]
[1883,6] 1 [1884,6]
[1884,6] 1 [1885,6]
[1885,6] 1 [1886,6]
[1886,6] 1 [1887,6]
[1887,6] 1 [1888,6]
[1888,6] 1 [1889,6]
[1889,6] 1 [1890,6]
[1890,6] 1 [1891,6]
[1891,6] 1 [1892,8]
[1892,8] 1 [1893,12]
[1893,12] 1 [1894,15]
[1894,15] 1 [1895,18]
[1895,18] 1 [1896,20]
[1896,20] 1 [1897,23]
[1897,23] 1 [1898,27]
[1898,27] 1 [1899,29]
[1899,29] 1 [1900,31]
[1900,31] 1 [1901,34]
[1901,34] 1 [1902,36]
[1902,36] 1 [1903,40]
[1903,40] 1 [1904,42]
[1904,42] 1 [1905,46]
[1905,46] 1 [1906,50]
[1906,50] 1 [1907,52]
[1907,52] 1 [1908,54]
[1908,54] 1 [1909,58]
[1909,58] 1 [1910,61]
[1910,61] 1 [1911,65]
[1911,65] 1 [1912,69]
[1912,69] 1 [1913,71]
[1913,71] 1 [1914,75]
[1914,75] 1 [1915,78]
[1915,78] 1 [1916,81]
[1916,81] 1 [1917,84]
[1917,84] 1 [1918,88]
[1918,88] 1 [1919,90]
[1919,90] 1 [1920,93]
[1920,93] 1 [1921,95]
[1921,95] 1 [1922,98]
[1922,98] 1 [1923,100]
[1923,100] 1 [1924,104]
[1924,104] 1 [1925,107]
[1925,107] 1 [1926,110]
[1926,110] 1 [1927,114]
[1927,114] 1 [1928,117]
[1928,117] 1 [1929,120]
[1929,120] 1 [1930,123]
[1930,123] 1 [1931,126]
[1931,126] 1 [1932,129]
[1932,129] 1 [1933,132]
[1933,132] 1 [1934,134]
[1934,134] 1 [1935,136]
[1935,136] 1 [1936,140]
[1936,140] 1 [1937,144]
[1937,144] 1 [1938,148]
[1938,148] 1 [1939,150]
[1939,150] 1 [1940,153]
[1940,153] 1 [1941,156]
[1941,156] 1 [1942,160]
[1942,160] 1 [1943,162]
[1943,162] 1 [1944,165]
[1944,165] 1 [1945,169]
[1945,169] 1 [1946,171]
[1946,171] 1 [1947,175]
[1947,175] 1 [1948,177]
[1948,177] 1 [1949,6]
[1949,6] 1 [1950,6]
[1950,6] 1 [1951,6]
[1951,6] 1 [1952,6]
[1952,6] 1 [1953,6]
[1953,6] 1 [1954,6]
[1954,6] 1 [1955,6]
[1955,6] 1 [1956,6]
[1956,6] 1 [1957,6]
[1957,6] 1 [1958,8]
[1958,8] 2 [1959,6]
[1959,6] 1 [1960,10]
[1960,10] 1 [1961,13]
[1961,13] 1 [1962,16]
[1962,16] 1 [1963,19]
[1963,19] 2 [1964,15]
[1964,15] 1 [1965,16]
[1965,16] 1 [1966,19]
[1966,19] 1 [1967,21]
[1967,21] 1 [1968,25]
[1968,25] 1 [1969,29]
[1969,29] 1 [1970,33]
[1970,33] 1 [1971,35]
[1971,35] 1 [1972,38]
[1972,38] 1 [1973,42]
[1973,42] 1 [1974,46]
[1974,46] 1 [1975,49]
[1975,49] 1 [1976,51]
[1976,51] 2 [1977,48]
[1977,48] 2 [1978,46]
[1978,46] 1 [1979,47]
[1979,47] 1 [1980,50]
[1980,50] 1 [1981,52]
[1981,52] 2 [1982,48]
[1982,48] 1 [1983,50]
[1983,50] 1 [1984,53]
[1984,53] 1 [1985,55]
[1985,55] 1 [1986,58]
[1986,58] 1 [1987,62]
[1987,62] 1 [1988,65]
[1988,65] 1 [1989,69]
[1989,69] 1 [1990,71]
[1990,71] 1 [1991,73]
[1991,73] 1 [1992,76]
[1992,76] 1 [1993,78]
[1993,78] 1 [1994,81]
[1994,81] 1 [1995,85]
[1995,85] 1 [1996,88]
[1996,88] 1 [1997,91]
[1997,91] 1 [1998,95]
[1998,95] 1 [1999,99]
[1999,99] 1 [2000,103]
[2000,103] 1 [2001,106]
[2001,106] 1 [2002,109]
[2002,109] 1 [2003,113]
[2003,113] 1 [2004,117]
[2004,117] 1 [2005,120]
[2005,120] 1 [2006,124]
[2006,124] 1 [2007,127]
[2007,127] 1 [2008,129]
[2008,129] 1 [2009,133]
[2009,133] 1 [2010,135]
[2010,135] 1 [2011,137]
[2011,137] 1 [2012,139]
[2012,139] 1 [2013,143]
[2013,143] 1 [2014,147]
[2014,147] 1 [2015,151]
[2015,151] 1 [2016,153]
[2016,153] 1 [2017,156]
[2017,156] 1 [2018,159]
[2018,159] 1 [2019,163]
[2019,163] 1 [2020,165]
[2020,165] 1 [2021,167]
[2021,167] 1 [2022,169]
[2022,169] 1 [2023,171]
[2023,171] 1 [2024,173]
[2024,173] 1 [2025,176]
[2025,176] 1 [2026,6]
[2026,6] 1 [2027,6]
[2027,6] 1 [2028,6]
[2028,6] 1 [2029,6]
[2029,6] 1 [2030,6]
[2030,6] 1 [2031,6]
[2031,6] 1 [2032,6]
[2032,6] 1 [2033,6]
[2033,6] 1 [2034,6]
[2034,6] 1 [2035,6]
[2035,6] 1 [2036,10]
[2036,10] 1 [2037,14]
[2037,14] 0 [2038,14]
[2038,14] 1 [2039,18]
[2039,18] 1 [2040,20]
[2040,20] 0 [2041,20]
[2041,20] 1 [2042,24]
[2042,24] 1 [2043,27]
[2043,27] 2 [2044,23]
[2044,23] 2 [2045,19]
[2045,19] 2 [2046,15]
[2046,15] 1 [2047,18]
[2047,18] 1 [2048,22]
[2048,22] 1 [2049,25]
[2049,25] 1 [2050,27]
[2050,27] 1 [2051,29]
[2051,29] 1 [2052,33]
[2052,33] 1 [2053,35]
[2053,35] 1 [2054,39]
[2054,39] 1 [2055,43]
[2055,43] 1 [2056,47]
[2056,47] 1 [2057,51]
[2057,51] 1 [2058,55]
[2058,55] 1 [2059,58]
[2059,58] 1 [2060,60]
[2060,60] 1 [2061,62]
[2061,62] 1 [2062,64]
[2062,64] 1 [2063,66]
[2063,66] 1 [2064,70]
[2064,70] 1 [2065,74]
[2065,74] 1 [2066,76]
[2066,76] 1 [2067,78]
[2067,78] 1 [2068,80]
[2068,80] 1 [2069,83]
[2069,83] 1 [2070,86]
[2070,86] 1 [2071,89]
[2071,89] 1 [2072,92]
[2072,92] 1 [2073,96]
[2073,96] 1 [2074,98]
[2074,98] 1 [2075,101]
[2075,101] 1 [2076,105]
[2076,105] 1 [2077,107]
[2077,107] 1 [2078,110]
[2078,110] 1 [2079,114]
[2079,114] 1 [2080,117]
[2080,117] 1 [2081,119]
[2081,119] 1 [2082,121]
[2082,121] 1 [2083,125]
[2083,125] 1 [2084,129]
[2084,129] 1 [2085,131]
[2085,131] 1 [2086,135]
[2086,135] 1 [2087,139]
[2087,139] 1 [2088,141]
[2088,141] 1 [2089,145]
[2089,145] 1 [2090,147]
[2090,147] 1 [2091,151]
[2091,151] 1 [2092,155]
[2092,155] 1 [2093,157]
[2093,157] 1 [2094,160]
[2094,160] 1 [2095,163]
[2095,163] 1 [2096,165]
[2096,165] 1 [2097,169]
[2097,169] 1 [2098,171]
[2098,171] 1 [2099,175]
[2099,175] 1 [2100,6]
[2100,6] 1 [2101,6]
[2101,6] 1 [2102,6]
[2102,6] 1 [2103,6]
[2103,6] 1 [2104,6]
[2104,6] 1 [2105,6]
[2105,6] 1 [2106,6]
[2106,6] 1 [2107,6]
[2107,6] 1 [2108,6]
[2108,6] 1 [2109,6]
[2109,6] 0 [2110,6]
[2110,6] 1 [2111,8]
[2111,8] 1 [2112,12]
[2112,12] 0 [2113,12]
[2113,12] 1 [2114,15]
[2114,15] 1 [2115,19]
[2115,19] 2 [2116,16]
[2116,16] 2 [2117,12]
[2117,12] 1 [2118,15]
[2118,15] 1 [2119,19]
[2119,19] 2 [2120,16]
[2120,16] 2 [2121,13]
[2121,13] 1 [2122,12]
[2122,12] 1 [2123,15]
[2123,15] 1 [2124,17]
[2124,17] 1 [2125,21]
[2125,21] 1 [2126,23]
[2126,23] 1 [2127,27]
[2127,27] 2 [2128,25]
[2128,25] 2 [2129,22]
[2129,22] 1 [2130,24]
[2130,24] 1 [2131,27]
[2131,27] 1 [2132,30]
[2132,30] 1 [2133,33]
[2133,33] 1 [2134,37]
[2134,37] 1 [2135,40]
[2135,40] 1 [2136,43]
[2136,43] 1 [2137,46]
[2137,46] 1 [2138,50]
[2138,50] 1 [2139,52]
[2139,52] 1 [2140,55]
[2140,55] 1 [2141,58]
[2141,58] 1 [2142,61]
[2142,61] 1 [2143,64]
[2143,64] 1 [2144,67]
[2144,67] 1 [2145,70]
[2145,70] 1 [2146,72]
[2146,72] 1 [2147,76]
[2147,76] 1 [2148,78]
[2148,78] 1 [2149,81]
[2149,81] 1 [2150,83]
[2150,83] 1 [2151,85]
[2151,85] 1 [2152,87]
[2152,87] 1 [2153,89]
[2153,89] 1 [2154,92]
[2154,92] 1 [2155,96]
[2155,96] 1 [2156,100]
[2156,100] 1 [2157,103]
[2157,103] 1 [2158,106]
[2158,106] 1 [2159,109]
[2159,109] 1 [2160,112]
[2160,112] 1 [2161,114]
[2161,114] 1 [2162,116]
[2162,116] 1 [2163,118]
[2163,118] 1 [2164,122]
[2164,122] 1 [2165,126]
[2165,126] 1 [2166,130]
[2166,130] 1 [2167,133]
[2167,133] 1 [2168,135]
[2168,135] 1 [2169,137]
[2169,137] 1 [2170,140]
[2170,140] 1 [2171,142]
[2171,142] 1 [2172,145]
[2172,145] 1 [2173,149]
[2173,149] 1 [2174,153]
[2174,153] 1 [2175,157]
[2175,157] 1 [2176,159]
[2176,159] 1 [2177,163]
[2177,163] 1 [2178,166]
[2178,166] 1 [2179,170]
[2179,170] 1 [2180,173]
[2180,173] 1 [2181,175]
[2181,175] 1 [2182,6]
[2182,6] 1 [2183,6]
[2183,6] 1 [2184,6]
[2184,6] 1 [2185,6]
[2185,6] 1 [2186,6]
[2186,6] 1 [2187,6]
[2187,6] 1 [2188,6]
[2188,6] 1 [2189,6]
[2189,6] 1 [2190,6]
[2190,6] 1 [2191,6]
[2191,6] 1 [2192,6]
[2192,6] 1 [2193,8]
[2193,8] 1 [2194,12]
[2194,12] 2 [2195,8]
[2195,8] 1 [2196,11]
[2196,11] 2 [2197,9]
[2197,9] 1 [2198,11]
[2198,11] 2 [2199,7]
[2199,7] 1 [2200,10]
[2200,10] 1 [2201,12]
[2201,12] 2 [2202,9]
[2202,9] 2 [2203,7]
[2203,7] 1 [2204,6]
[2204,6] 1 [2205,9]
[2205,9] 1 [2206,11]
[2206,11] 2 [2207,7]
[2207,7] 1 [2208,10]
[2208,10] 2 [2209,6]
[2209,6] 1 [2210,9]
[2210,9] 1 [2211,11]
[2211,11] 0 [2212,11]
[2212,11] 2 [2213,7]
[2213,7] 1 [2214,7]
[2214,7] 1 [2215,9]
[2215,9] 2 [2216,7]
[2216,7] 1 [2217,9]
[2217,9] 1 [2218,11]
[2218,11] 1 [2219,13]
[2219,13] 2 [2220,9]
[2220,9] 1 [2221,12]
[2221,12] 1 [2222,15]
[2222,15] 1 [2223,18]
[2223,18] 1 [2224,22]
[2224,22] 1 [2225,26]
[2225,26] 1 [2226,29]
[2226,29] 1 [2227,33]
[2227,33] 1 [2228,36]
[2228,36] 1 [2229,40]
[2229,40] 1 [2230,44]
[2230,44] 1 [2231,46]
[2231,46] 1 [2232,48]
[2232,48] 1 [2233,52]
[2233,52] 1 [2234,54]
[2234,54] 1 [2235,57]
[2235,57] 1 [2236,61]
[2236,61] 1 [2237,63]
[2237,63] 1 [2238,65]
[2238,65] 1 [2239,68]
[2239,68] 1 [2240,72]
[2240,72] 1 [2241,74]
[2241,74] 1 [2242,76]
[2242,76] 1 [2243,79]
[2243,79] 1 [2244,81]
[2244,81] 1 [2245,85]
[2245,85] 1 [2246,89]
[2246,89] 1 [2247,92]
[2247,92] 1 [2248,95]
[2248,95] 1 [2249,97]
[2249,97] 1 [2250,99]
[2250,99] 1 [2251,101]
[2251,101] 1 [2252,104]
[2252,104] 1 [2253,108]
[2253,108] 1 [2254,112]
[2254,112] 1 [2255,115]
[2255,115] 1 [2256,117]
[2256,117] 1 [2257,119]
[2257,119] 1 [2258,121]
[2258,121] 1 [2259,123]
[2259,123] 1 [2260,126]
[2260,126] 1 [2261,130]
[2261,130] 1 [2262,133]
[2262,133] 1 [2263,135]
[2263,135] 1 [2264,139]
[2264,139] 1 [2265,143]
[2265,143] 1 [2266,146]
[2266,146] 1 [2267,148]
[2267,148] 1 [2268,151]
[2268,151] 1 [2269,154]
[2269,154] 1 [2270,156]
[2270,156] 1 [2271,160]
[2271,160] 1 [2272,164]
[2272,164] 1 [2273,167]
[2273,167] 1 [2274,170]
[2274,170] 1 [2275,173]
[2275,173] 1 [2276,177]
[2276,177] 1 [2277,6]
[2277,6] 1 [2278,6]
[2278,6] 1 [2279,6]
[2279,6] 1 [2280,6]
[2280,6] 1 [2281,6]
[2281,6] 1 [2282,6]
[2282,6] 1 [2283,6]
[2283,6] 1 [2284,6]
[2284,6] 1 [2285,6]
[2285,6] 1 [2286,7]
[2286,7] 1 [2287,9]
[2287,9] 1 [2288,12]
[2288,12] 1 [2289,15]
[2289,15] 1 [2290,19]
[2290,19] 1 [2291,22]
[2291,22] 1 [2292,24]
[2292,24] 1 [2293,27]
[2293,27] 1 [2294,31]
[2294,31] 1 [2295,33]
[2295,33] 1 [2296,35]
[2296,35] 1 [2297,38]
[2297,38] 1 [2298,41]
[2298,41] 1 [2299,43]
[2299,43] 1 [2300,47]
[2300,47] 1 [2301,49]
[2301,49] 1 [2302,51]
[2302,51] 1 [2303,55]
[2303,55] 1 [2304,58]
[2304,58] 1 [2305,61]
[2305,61] 1 [2306,64]
[2306,64] 1 [2307,67]
[2307,67] 1 [2308,71]
[2308,71] 1 [2309,75]
[2309,75] 1 [2310,77]
[2310,77] 1 [2311,80]
[2311,80] 1 [2312,82]
[2312,82] 1 [2313,84]
[2313,84] 1 [2314,87]
[2314,87] 1 [2315,91]
[2315,91] 1 [2316,94]
[2316,94] 1 [2317,96]
[2317,96] 1 [2318,100]
[2318,100] 1 [2319,103]
[2319,103] 1 [2320,106]
[2320,106] 1 [2321,109]
[2321,109] 1 [2322,113]
[2322,113] 1 [2323,117]
[2323,117] 1 [2324,121]
[2324,121] 1 [2325,125]
[2325,125] 1 [2326,128]
[2326,128] 1 [2327,130]
[2327,130] 1 [2328,133]
[2328,133] 1 [2329,137]
[2329,137] 1 [2330,139]
[2330,139] 1 [2331,141]
[2331,141] 1 [2332,143]
[2332,143] 1 [2333,145]
[2333,145] 1 [2334,147]
[2334,147] 1 [2335,149]
[2335,149] 1 [2336,151]
[2336,151] 1 [2337,153]
[2337,153] 1 [2338,157]
[2338,157] 1 [2339,160]
[2339,160] 1 [2340,162]
[2340,162] 1 [2341,166]
[2341,166] 1 [2342,169]
[2342,169] 1 [2343,172]
[2343,172] 1 [2344,176]
[2344,176] 1 [2345,6]
[2345,6] 1 [2346,6]
[2346,6] 1 [2347,6]
[2347,6] 1 [2348,6]
[2348,6] 1 [2349,6]
[2349,6] 1 [2350,6]
[2350,6] 1 [2351,6]
[2351,6] 1 [2352,6]
[2352,6] 1 [2353,6]
[2353,6] 1 [2354,6]
[2354,6] 1 [2355,6]
[2355,6] 0 [2356,6]
[2356,6] 1 [2357,10]
[2357,10] 1 [2358,13]
[2358,13] 1 [2359,17]
[2359,17] 0 [2360,18]
[2360,18] 2 [2361,15]
[2361,15] 0 [2362,14]
[2362,14] 2 [2363,10]
[2363,10] 2 [2364,6]
[2364,6] 1 [2365,8]
[2365,8] 1 [2366,11]
[2366,11] 1 [2367,13]
[2367,13] 1 [2368,15]
[2368,15] 1 [2369,18]
[2369,18] 1 [2370,20]
[2370,20] 1 [2371,24]
[2371,24] 1 [2372,27]
[2372,27] 1 [2373,30]
[2373,30] 1 [2374,32]
[2374,32] 1 [2375,34]
[2375,34] 1 [2376,36]
[2376,36] 1 [2377,38]
[2377,38] 1 [2378,41]
[2378,41] 1 [2379,44]
[2379,44] 1 [2380,48]
[2380,48] 1 [2381,52]
[2381,52] 1 [2382,54]
[2382,54] 1 [2383,58]
[2383,58] 1 [2384,60]
[2384,60] 1 [2385,64]
[2385,64] 1 [2386,68]
[2386,68] 1 [2387,72]
[2387,72] 1 [2388,76]
[2388,76] 1 [2389,79]
[2389,79] 1 [2390,82]
[2390,82] 1 [2391,85]
[2391,85] 1 [2392,89]
[2392,89] 1 [2393,93]
[2393,93] 1 [2394,95]
[2394,95] 1 [2395,98]
[2395,98] 1 [2396,100]
[2396,100] 1 [2397,104]
[2397,104] 1 [2398,107]
[2398,107] 1 [2399,111]
[2399,111] 1 [2400,113]
[2400,113] 1 [2401,117]
[2401,117] 1 [2402,121]
[2402,121] 1 [2403,125]
[2403,125] 1 [2404,127]
[2404,127] 1 [2405,129]
[2405,129] 1 [2406,131]
[2406,131] 1 [2407,134]
[2407,134] 1 [2408,137]
[2408,137] 1 [2409,141]
[2409,141] 1 [2410,143]
[2410,143] 1 [2411,145]
[2411,145] 1 [2412,147]
[2412,147] 1 [2413,149]
[2413,149] 1 [2414,152]
[2414,152] 1 [2415,155]
[2415,155] 1 [2416,157]
[2416,157] 1 [2417,159]
[2417,159] 1 [2418,162]
[2418,162] 1 [2419,164]
[2419,164] 1 [2420,167]
[2420,167] 1 [2421,169]
[2421,169] 1 [2422,172]
[2422,172] 1 [2423,175]
[2423,175] 1 [2424,6]
[2424,6] 1 [2425,6]
[2425,6] 1 [2426,6]
[2426,6] 1 [2427,6]
[2427,6] 1 [2428,6]
[2428,6] 1 [2429,6]
[2429,6] 1 [2430,6]
[2430,6] 1 [2431,6]
[2431,6] 1 [2432,6]
[2432,6] 1 [2433,6]
[2433,6] 1 [2434,10]
[2434,10] 0 [2435,12]
[2435,12] 1 [2436,14]
[2436,14] 1 [2437,16]
[2437,16] 2 [2438,12]
[2438,12] 2 [2439,8]
[2439,8] 1 [2440,10]
[2440,10] 1 [2441,12]
[2441,12] 1 [2442,15]
[2442,15] 2 [2443,14]
[2443,14] 2 [2444,10]
[2444,10] 1 [2445,10]
[2445,10] 1 [2446,12]
[2446,12] 1 [2447,16]
[2447,16] 2 [2448,12]
[2448,12] 1 [2449,15]
[2449,15] 2 [2450,12]
[2450,12] 2 [2451,9]
[2451,9] 1 [2452,11]
[2452,11] 1 [2453,14]
[2453,14] 1 [2454,17]
[2454,17] 1 [2455,19]
[2455,19] 2 [2456,15]
[2456,15] 2 [2457,12]
[2457,12] 1 [2458,14]
[2458,14] 1 [2459,16]
[2459,16] 2 [2460,12]
[2460,12] 1 [2461,14]
[2461,14] 1 [2462,17]
[2462,17] 1 [2463,19]
[2463,19] 1 [2464,23]
[2464,23] 1 [2465,27]
[2465,27] 1 [2466,29]
[2466,29] 1 [2467,32]
[2467,32] 1 [2468,34]
[2468,34] 1 [2469,38]
[2469,38] 1 [2470,42]
[2470,42] 1 [2471,45]
[2471,45] 1 [2472,48]
[2472,48] 1 [2473,52]
[2473,52] 1 [2474,54]
[2474,54] 1 [2475,56]
[2475,56] 1 [2476,60]
[2476,60] 1 [2477,64]
[2477,64] 1 [2478,68]
[2478,68] 1 [2479,72]
[2479,72] 1 [2480,76]
[2480,76] 1 [2481,80]
[2481,80] 1 [2482,84]
[2482,84] 1 [2483,86]
[2483,86] 1 [2484,89]
[2484,89] 1 [2485,92]
[2485,92] 1 [2486,96]
[2486,96] 1 [2487,100]
[2487,100] 1 [2488,104]
[2488,104] 1 [2489,106]
[2489,106] 1 [2490,109]
[2490,109] 1 [2491,111]
[2491,111] 1 [2492,114]
[2492,114] 1 [2493,117]
[2493,117] 2 [2494,114]
[2494,114] 2 [2495,111]
[2495,111] 2 [2496,107]
[2496,107] 1 [2497,110]
[2497,110] 1 [2498,113]
[2498,113] 1 [2499,115]
[2499,115] 1 [2500,119]
[2500,119] 1 [2501,121]
[2501,121] 1 [2502,123]
[2502,123] 1 [2503,125]
[2503,125] 1 [2504,128]
[2504,128] 1 [2505,130]
[2505,130] 1 [2506,134]
[2506,134] 1 [2507,136]
[2507,136] 1 [2508,138]
[2508,138] 1 [2509,142]
[2509,142] 1 [2510,144]
[2510,144] 1 [2511,147]
[2511,147] 1 [2512,149]
[2512,149] 1 [2513,152]
[2513,152] 1 [2514,156]
[2514,156] 1 [2515,160]
[2515,160] 1 [2516,162]
[2516,162] 1 [2517,164]
[2517,164] 1 [2518,168]
[2518,168] 1 [2519,172]
[2519,172] 1 [2520,176]
[2520,176] 1 [2521,6]
[2521,6] 1 [2522,6]
[2522,6] 1 [2523,6]
[2523,6] 1 [2524,6]
[2524,6] 1 [2525,6]
[2525,6] 1 [2526,6]
[2526,6] 1 [2527,6]
[2527,6] 1 [2528,6]
[2528,6] 1 [2529,6]
[2529,6] 1 [2530,6]
[2530,6] 0 [2531,6]
[2531,6] 1 [2532,9]
[2532,9] 1 [2533,11]
[2533,11] 1 [2534,14]
[2534,14] 2 [2535,11]
[2535,11] 2 [2536,7]
[2536,7] 1 [2537,8]
[2537,8] 1 [2538,11]
[2538,11] 1 [2539,15]
[2539,15] 1 [2540,19]
[2540,19] 2 [2541,15]
[2541,15] 2 [2542,11]
[2542,11] 2 [2543,8]
[2543,8] 1 [2544,11]
[2544,11] 2 [2545,8]
[2545,8] 1 [2546,9]
[2546,9] 1 [2547,11]
[2547,11] 1 [2548,13]
[2548,13] 1 [2549,15]
[2549,15] 1 [2550,17]
[2550,17] 1 [2551,20]
[2551,20] 1 [2552,24]
[2552,24] 1 [2553,27]
[2553,27] 1 [2554,29]
[2554,29] 1 [2555,31]
[2555,31] 1 [2556,34]
[2556,34] 1 [2557,38]
[2557,38] 1 [2558,42]
[2558,42] 1 [2559,44]
[2559,44] 1 [2560,46]
[2560,46] 1 [2561,50]
[2561,50] 1 [2562,54]
[2562,54] 1 [2563,57]
[2563,57] 1 [2564,61]
[2564,61] 1 [2565,64]
[2565,64] 1 [2566,68]
[2566,68] 1 [2567,70]
[2567,70] 1 [2568,74]
[2568,74] 1 [2569,76]
[2569,76] 1 [2570,80]
[2570,80] 1 [2571,83]
[2571,83] 1 [2572,85]
[2572,85] 1 [2573,87]
[2573,87] 1 [2574,90]
[2574,90] 1 [2575,92]
[2575,92] 1 [2576,96]
[2576,96] 1 [2577,100]
[2577,100] 1 [2578,102]
[2578,102] 2 [2579,98]
[2579,98] 1 [2580,96]
[2580,96] 1 [2581,97]
[2581,97] 1 [2582,101]
[2582,101] 1 [2583,103]
[2583,103] 1 [2584,107]
[2584,107] 1 [2585,111]
[2585,111] 1 [2586,115]
[2586,115] 1 [2587,118]
[2587,118] 1 [2588,121]
[2588,121] 1 [2589,125]
[2589,125] 1 [2590,127]
[2590,127] 1 [2591,130]
[2591,130] 1 [2592,132]
[2592,132] 1 [2593,135]
[2593,135] 1 [2594,138]
[2594,138] 1 [2595,141]
[2595,141] 1 [2596,145]
[2596,145] 1 [2597,148]
[2597,148] 1 [2598,152]
[2598,152] 1 [2599,155]
[2599,155] 1 [2600,157]
[2600,157] 1 [2601,161]
[2601,161] 1 [2602,164]
[2602,164] 1 [2603,167]
[2603,167] 1 [2604,171]
[2604,171] 1 [2605,173]
[2605,173] 1 [2606,177]
[2606,177] 1 [2607,6]
[2607,6] 1 [2608,6]
[2608,6] 1 [2609,6]
[2609,6] 1 [2610,6]
[2610,6] 1 [2611,6]
[2611,6] 1 [2612,6]
[2612,6] 1 [2613,6]
[2613,6] 1 [2614,6]
[2614,6] 1 [2615,6]
[2615,6] 1 [2616,6]
[2616,6] 0 [2617,6]
[2617,6] 1 [2618,8]
[2618,8] 2 [2619,6]
[2619,6] 1 [2620,6]
[2620,6] 1 [2621,10]
[2621,10] 1 [2622,12]
[2622,12] 1 [2623,14]
[2623,14] 1 [2624,18]
[2624,18] 1 [2625,22]
[2625,22] 0 [2626,23]
[2626,23] 0 [2627,23]
[2627,23] 2 [2628,19]
[2628,19] 1 [2629,23]
[2629,23] 1 [2630,26]
[2630,26] 1 [2631,29]
[2631,29] 1 [2632,33]
[2632,33] 1 [2633,37]
[2633,37] 0 [2634,37]
[2634,37] 1 [2635,40]
[2635,40] 1 [2636,42]
[2636,42] 1 [2637,44]
[2637,44] 1 [2638,47]
[2638,47] 1 [2639,51]
[2639,51] 1 [2640,55]
[2640,55] 1 [2641,59]
[2641,59] 1 [2642,62]
[2642,62] 1 [2643,66]
[2643,66] 1 [2644,68]
[2644,68] 1 [2645,72]
[2645,72] 1 [2646,74]
[2646,74] 1 [2647,78]
[2647,78] 1 [2648,80]
[2648,80] 1 [2649,83]
[2649,83] 1 [2650,86]
[2650,86] 1 [2651,88]
[2651,88] 1 [2652,92]
[2652,92] 1 [2653,95]
[2653,95] 1 [2654,98]
[2654,98] 1 [2655,100]
[2655,100] 1 [2656,103]
[2656,103] 1 [2657,105]
[2657,105] 1 [2658,109]
[2658,109] 1 [2659,113]
[2659,113] 1 [2660,117]
[2660,117] 1 [2661,121]
[2661,121] 1 [2662,124]
[2662,124] 1 [2663,128]
[2663,128] 1 [2664,131]
[2664,131] 1 [2665,133]
[2665,133] 1 [2666,135]
[2666,135] 1 [2667,137]
[2667,137] 1 [2668,139]
[2668,139] 1 [2669,142]
[2669,142] 1 [2670,144]
[2670,144] 1 [2671,148]
[2671,148] 1 [2672,151]
[2672,151] 1 [2673,153]
[2673,153] 1 [2674,155]
[2674,155] 1 [2675,158]
[2675,158] 1 [2676,161]
[2676,161] 1 [2677,164]
[2677,164] 1 [2678,167]
[2678,167] 1 [2679,171]
[2679,171] 1 [2680,175]
[2606,177] 1 [2607,6]
[2607,6] 1 [2608,6]
[2608,6] 1 [2609,6]
[2609,6] 1 [2610,6]
[2610,6] 1 [2611,6]
[2611,6] 1 [2612,6]
[2612,6] 1 [2613,6]
[2613,6] 1 [2614,6]
[2614,6] 1 [2615,6]
[2615,6] 1 [2616,6]
[2616,6] 0 [2617,6]
[2617,6] 1 [2618,8]
[2618,8] 2 [2619,6]
[2619,6] 1 [2620,6]
[2620,6] 1 [2621,10]
[2621,10] 1 [2622,12]
[2622,12] 1 [2623,14]
[2623,14] 1 [2624,18]
[2624,18] 1 [2625,22]
[2625,22] 0 [2626,23]
[2626,23] 0 [2627,23]
[2627,23] 2 [2628,19]
[2628,19] 1 [2629,23]
[2629,23] 1 [2630,26]
[2630,26] 1 [2631,29]
[2631,29] 1 [2632,33]
[2632,33] 1 [2633,37]
[2633,37] 0 [2634,37]
[2634,37] 1 [2635,40]
[2635,40] 1 [2636,42]
[2636,42] 1 [2637,44]
[2637,44] 1 [2638,47]
[2638,47] 1 [2639,51]
[2639,51] 1 [2640,55]
[2640,55] 1 [2641,59]
[2641,59] 1 [2642,62]
[2642,62] 1 [2643,66]
[2643,66] 1 [2644,68]
[2644,68] 1 [2645,72]
[2645,72] 1 [2646,74]
[2646,74] 1 [2647,78]
[2647,78] 1 [2648,80]
[2648,80] 1 [2649,83]
[2649,83] 1 [2650,86]
[2650,86] 1 [2651,88]
[2651,88] 1 [2652,92]
[2652,92] 1 [2653,95]
[2653,95] 1 [2654,98]
[2654,98] 1 [2655,100]
[2655,100] 1 [2656,103]
[2656,103] 1 [2657,105]
[2657,105] 1 [2658,109]
[2658,109] 1 [2659,113]
[2659,113] 1 [2660,117]
[2660,117] 1 [2661,121]
[2661,121] 1 [2662,124]
[2662,124] 1 [2663,128]
[2663,128] 1 [2664,131]
[2664,131] 1 [2665,133]
[2665,133] 1 [2666,135]
[2666,135] 1 [2667,137]
[2667,137] 1 [2668,139]
[2668,139] 1 [2669,142]
[2669,142] 1 [2670,144]
[2670,144] 1 [2671,148]
[2671,148] 1 [2672,151]
[2672,151] 1 [2673,153]
[2673,153] 1 [2674,155]
[2674,155] 1 [2675,158]
[2675,158] 1 [2676,161]
[2676,161] 1 [2677,164]
[2677,164] 1 [2678,167]
[2678,167] 1 [2679,171]
[2679,171] 1 [2680,175]
