[0,6] 1 [1,10]
[1,10] 1 [2,13]
[2,13] 1 [3,17]
[3,17] 1 [4,21]
[4,21] 1 [5,23]
[5,23] 1 [6,25]
[6,25] 1 [7,28]
[7,28] 1 [8,31]
[8,31] 1 [9,35]
[9,35] 1 [10,38]
[10,38] 1 [11,40]
[11,40] 1 [12,43]
[12,43] 1 [13,45]
[13,45] 1 [14,47]
[14,47] 1 [15,50]
[15,50] 1 [16,54]
[16,54] 1 [17,56]
[17,56] 1 [18,58]
[18,58] 1 [19,61]
[19,61] 1 [20,64]
[20,64] 1 [21,68]
[21,68] 1 [22,70]
[22,70] 1 [23,74]
[23,74] 1 [24,76]
[24,76] 1 [25,78]
[25,78] 1 [26,81]
[26,81] 1 [27,83]
[27,83] 1 [28,87]
[28,87] 1 [29,89]
[29,89] 1 [30,91]
[30,91] 1 [31,95]
[31,95] 1 [32,98]
[32,98] 1 [33,100]
[33,100] 1 [34,104]
[34,104] 1 [35,106]
[35,106] 1 [36,109]
[36,109] 1 [37,113]
[37,113] 1 [38,117]
[38,117] 1 [39,119]
[39,119] 1 [40,121]
[40,121] 1 [41,125]
[41,125] 1 [42,127]
[42,127] 1 [43,131]
[43,131] 1 [44,134]
[44,134] 1 [45,137]
[45,137] 1 [46,139]
[46,139] 1 [47,142]
[47,142] 1 [48,145]
[48,145] 1 [49,147]
[49,147] 1 [50,149]
[50,149] 1 [51,152]
[51,152] 1 [52,154]
[52,154] 1 [53,156]
[53,156] 1 [54,159]
[54,159] 1 [55,163]
[55,163] 1 [56,167]
[56,167] 1 [57,171]
[57,171] 1 [58,175]
[58,175] 1 [59,6]
[59,6] 1 [60,6]
[60,6] 1 [61,6]
[61,6] 1 [62,6]
[62,6] 1 [63,6]
[63,6] 1 [64,6]
[64,6] 1 [65,6]
[65,6] 1 [66,6]
[66,6] 1 [67,6]
[67,6] 1 [68,8]
[68,8] 2 [69,6]
[69,6] 1 [70,8]
[70,8] 1 [71,11]
[71,11] 2 [72,7]
[72,7] 1 [73,11]
[73,11] 2 [74,7]
[74,7] 1 [75,9]
[75,9] 1 [76,11]
[76,11] 2 [77,7]
[77,7] 1 [78,11]
[78,11] 0 [79,11]
[79,11] 1 [80,13]
[80,13] 2 [81,9]
[81,9] 2 [82,6]
[82,6] 1 [83,8]
[83,8] 1 [84,11]
[84,11] 0 [85,13]
[85,13] 2 [86,9]
[86,9] 1 [87,11]
[87,11] 1 [88,14]
[88,14] 1 [89,16]
[89,16] 1 [90,20]
[90,20] 1 [91,23]
[91,23] 1 [92,27]
[92,27] 1 [93,30]
[93,30] 1 [94,33]
[94,33] 1 [95,37]
[95,37] 1 [96,40]
[96,40] 1 [97,43]
[97,43] 1 [98,46]
[98,46] 1 [99,50]
[99,50] 1 [100,53]
[100,53] 1 [101,56]
[101,56] 1 [102,58]
[102,58] 1 [103,62]
[103,62] 1 [104,65]
[104,65] 1 [105,69]
[105,69] 1 [106,72]
[106,72] 1 [107,75]
[107,75] 1 [108,77]
[108,77] 1 [109,80]
[109,80] 1 [110,82]
[110,82] 1 [111,86]
[111,86] 1 [112,88]
[112,88] 1 [113,92]
[113,92] 1 [114,96]
[114,96] 1 [115,98]
[115,98] 1 [116,102]
[116,102] 1 [117,106]
[117,106] 1 [118,109]
[118,109] 1 [119,112]
[119,112] 1 [120,114]
[120,114] 1 [121,117]
[121,117] 1 [122,119]
[122,119] 1 [123,123]
[123,123] 1 [124,127]
[124,127] 1 [125,129]
[125,129] 1 [126,133]
[126,133] 1 [127,137]
[127,137] 1 [128,141]
[128,141] 1 [129,145]
[129,145] 1 [130,149]
[130,149] 1 [131,153]
[131,153] 1 [132,156]
[132,156] 1 [133,158]
[133,158] 1 [134,161]
[134,161] 1 [135,165]
[135,165] 1 [136,169]
[136,169] 1 [137,172]
[137,172] 1 [138,175]
[138,175] 1 [139,177]
[139,177] 1 [140,6]
[140,6] 1 [141,6]
[141,6] 1 [142,6]
[142,6] 1 [143,6]
[143,6] 1 [144,6]
[144,6] 1 [145,6]
[145,6] 1 [146,6]
[146,6] 1 [147,6]
[147,6] 1 [148,6]
[148,6] 1 [149,6]
[149,6] 1 [150,7]
[150,7] 0 [151,7]
[151,7] 1 [152,10]
[152,10] 1 [153,14]
[153,14] 1 [154,16]
[154,16] 1 [155,20]
[155,20] 1 [156,23]
[156,23] 1 [157,27]
[157,27] 1 [158,30]
[158,30] 1 [159,34]
[159,34] 1 [160,37]
[160,37] 1 [161,41]
[161,41] 1 [162,44]
[162,44] 1 [163,46]
[163,46] 1 [164,48]
[164,48] 1 [165,51]
[165,51] 1 [166,55]
[166,55] 1 [167,58]
[167,58] 1 [168,61]
[168,61] 1 [169,63]
[169,63] 1 [170,66]
[170,66] 1 [171,70]
[171,70] 1 [172,72]
[172,72] 1 [173,74]
[173,74] 1 [174,78]
[174,78] 1 [175,80]
[175,80] 1 [176,84]
[176,84] 1 [177,87]
[177,87] 1 [178,89]
[178,89] 1 [179,93]
[179,93] 1 [180,95]
[180,95] 1 [181,97]
[181,97] 1 [182,100]
[182,100] 1 [183,103]
[183,103] 1 [184,105]
[184,105] 1 [185,108]
[185,108] 1 [186,112]
[186,112] 1 [187,114]
[187,114] 1 [188,116]
[188,116] 1 [189,120]
[189,120] 1 [190,124]
[190,124] 1 [191,127]
[191,127] 1 [192,130]
[192,130] 1 [193,134]
[193,134] 1 [194,138]
[194,138] 1 [195,142]
[195,142] 1 [196,145]
[196,145] 1 [197,148]
[197,148] 1 [198,151]
[198,151] 1 [199,153]
[199,153] 1 [200,156]
[200,156] 1 [201,160]
[201,160] 1 [202,163]
[202,163] 1 [203,167]
[203,167] 1 [204,171]
[204,171] 1 [205,174]
[205,174] 1 [206,177]
[206,177] 1 [207,6]
[207,6] 1 [208,6]
[208,6] 1 [209,6]
[209,6] 1 [210,6]
[210,6] 1 [211,6]
[211,6] 1 [212,6]
[212,6] 1 [213,6]
[213,6] 1 [214,6]
[214,6] 1 [215,6]
[215,6] 1 [216,8]
[216,8] 1 [217,12]
[217,12] 1 [218,14]
[218,14] 1 [219,17]
[219,17] 0 [220,20]
[220,20] 2 [221,19]
[221,19] 2 [222,15]
[222,15] 2 [223,11]
[223,11] 1 [224,13]
[224,13] 2 [225,9]
[225,9] 1 [226,11]
[226,11] 2 [227,9]
[227,9] 2 [228,6]
[228,6] 1 [229,8]
[229,8] 1 [230,11]
[230,11] 1 [231,13]
[231,13] 1 [232,15]
[232,15] 1 [233,19]
[233,19] 2 [234,16]
[234,16] 0 [235,15]
[235,15] 2 [236,11]
[236,11] 1 [237,14]
[237,14] 1 [238,17]
[238,17] 1 [239,21]
[239,21] 1 [240,25]
[240,25] 1 [241,29]
[241,29] 1 [242,32]
[242,32] 1 [243,36]
[243,36] 1 [244,38]
[244,38] 1 [245,42]
[245,42] 1 [246,44]
[246,44] 1 [247,47]
[247,47] 1 [248,50]
[248,50] 1 [249,54]
[249,54] 1 [250,57]
[250,57] 1 [251,61]
[251,61] 1 [252,65]
[252,65] 1 [253,68]
[253,68] 1 [254,72]
[254,72] 1 [255,76]
[255,76] 1 [256,79]
[256,79] 1 [257,83]
[257,83] 1 [258,87]
[258,87] 1 [259,89]
[259,89] 1 [260,93]
[260,93] 1 [261,95]
[261,95] 1 [262,99]
[262,99] 1 [263,103]
[263,103] 1 [264,105]
[264,105] 1 [265,109]
[265,109] 1 [266,111]
[266,111] 1 [267,113]
[267,113] 1 [268,117]
[268,117] 1 [269,120]
[269,120] 1 [270,122]
[270,122] 1 [271,124]
[271,124] 1 [272,126]
[272,126] 1 [273,130]
[273,130] 1 [274,134]
[274,134] 1 [275,137]
[275,137] 1 [276,139]
[276,139] 1 [277,142]
[277,142] 1 [278,146]
[278,146] 1 [279,150]
[279,150] 1 [280,154]
[280,154] 1 [281,158]
[281,158] 1 [282,161]
[282,161] 1 [283,165]
[283,165] 1 [284,168]
[284,168] 1 [285,170]
[285,170] 1 [286,173]
[286,173] 1 [287,176]
[287,176] 1 [288,6]
[288,6] 1 [289,6]
[289,6] 1 [290,6]
[290,6] 1 [291,6]
[291,6] 1 [292,6]
[292,6] 1 [293,6]
[293,6] 1 [294,6]
[294,6] 1 [295,6]
[295,6] 1 [296,6]
[296,6] 1 [297,8]
[297,8] 1 [298,10]
[298,10] 2 [299,7]
[299,7] 1 [300,10]
[300,10] 1 [301,12]
[301,12] 1 [302,14]
[302,14] 1 [303,16]
[303,16] 1 [304,19]
[304,19] 2 [305,15]
[305,15] 1 [306,13]
[306,13] 2 [307,9]
[307,9] 1 [308,11]
[308,11] 1 [309,15]
[309,15] 1 [310,18]
[310,18] 1 [311,20]
[311,20] 1 [312,23]
[312,23] 2 [313,19]
[313,19] 2 [314,16]
[314,16] 1 [315,19]
[315,19] 1 [316,22]
[316,22] 1 [317,25]
[317,25] 1 [318,28]
[318,28] 1 [319,31]
[319,31] 1 [320,34]
[320,34] 1 [321,37]
[321,37] 1 [322,39]
[322,39] 1 [323,42]
[323,42] 1 [324,46]
[324,46] 1 [325,50]
[325,50] 1 [326,54]
[326,54] 1 [327,58]
[327,58] 1 [328,61]
[328,61] 1 [329,63]
[329,63] 1 [330,65]
[330,65] 1 [331,69]
[331,69] 1 [332,71]
[332,71] 1 [333,75]
[333,75] 1 [334,77]
[334,77] 1 [335,79]
[335,79] 1 [336,81]
[336,81] 1 [337,84]
[337,84] 1 [338,88]
[338,88] 1 [339,91]
[339,91] 1 [340,94]
[340,94] 1 [341,98]
[341,98] 1 [342,102]
[342,102] 1 [343,105]
[343,105] 1 [344,109]
[344,109] 1 [345,111]
[345,111] 1 [346,115]
[346,115] 2 [347,111]
[347,111] 1 [348,113]
[348,113] 2 [349,109]
[349,109] 1 [350,111]
[350,111] 2 [351,107]
[351,107] 1 [352,110]
[352,110] 1 [353,112]
[353,112] 1 [354,116]
[354,116] 1 [355,119]
[355,119] 1 [356,122]
[356,122] 1 [357,126]
[357,126] 1 [358,130]
[358,130] 1 [359,133]
[359,133] 1 [360,135]
[360,135] 1 [361,138]
[361,138] 1 [362,142]
[362,142] 1 [363,144]
[363,144] 1 [364,147]
[364,147] 1 [365,149]
[365,149] 1 [366,151]
[366,151] 1 [367,153]
[367,153] 1 [368,157]
[368,157] 1 [369,159]
[369,159] 1 [370,162]
[370,162] 1 [371,164]
[371,164] 1 [372,168]
[372,168] 1 [373,170]
[373,170] 1 [374,173]
[374,173] 1 [375,177]
[375,177] 1 [376,6]
[376,6] 1 [377,6]
[377,6] 1 [378,6]
[378,6] 1 [379,6]
[379,6] 1 [380,6]
[380,6] 1 [381,6]
[381,6] 1 [382,6]
[382,6] 1 [383,6]
[383,6] 1 [384,6]
[384,6] 1 [385,6]
[385,6] 1 [386,6]
[386,6] 1 [387,10]
[387,10] 1 [388,12]
[388,12] 0 [389,15]
[389,15] 0 [390,15]
[390,15] 2 [391,12]
[391,12] 2 [392,8]
[392,8] 1 [393,10]
[393,10] 1 [394,13]
[394,13] 1 [395,16]
[395,16] 2 [396,13]
[396,13] 1 [397,9]
[397,9] 1 [398,6]
[398,6] 1 [399,10]
[399,10] 1 [400,12]
[400,12] 2 [401,11]
[401,11] 2 [402,7]
[402,7] 1 [403,9]
[403,9] 1 [404,11]
[404,11] 1 [405,13]
[405,13] 1 [406,17]
[406,17] 1 [407,20]
[407,20] 1 [408,23]
[408,23] 1 [409,27]
[409,27] 1 [410,30]
[410,30] 1 [411,34]
[411,34] 1 [412,38]
[412,38] 1 [413,40]
[413,40] 1 [414,42]
[414,42] 1 [415,46]
[415,46] 1 [416,48]
[416,48] 1 [417,51]
[417,51] 1 [418,54]
[418,54] 1 [419,56]
[419,56] 1 [420,58]
[420,58] 1 [421,61]
[421,61] 1 [422,65]
[422,65] 1 [423,67]
[423,67] 1 [424,71]
[424,71] 1 [425,75]
[425,75] 1 [426,78]
[426,78] 1 [427,80]
[427,80] 1 [428,82]
[428,82] 1 [429,85]
[429,85] 1 [430,89]
[430,89] 1 [431,93]
[431,93] 1 [432,96]
[432,96] 1 [433,99]
[433,99] 2 [434,96]
[434,96] 1 [435,99]
[435,99] 2 [436,95]
[436,95] 1 [437,97]
[437,97] 1 [438,100]
[438,100] 1 [439,102]
[439,102] 1 [440,104]
[440,104] 1 [441,107]
[441,107] 1 [442,109]
[442,109] 1 [443,113]
[443,113] 1 [444,115]
[444,115] 1 [445,118]
[445,118] 1 [446,120]
[446,120] 1 [447,123]
[447,123] 1 [448,127]
[448,127] 1 [449,129]
[449,129] 1 [450,132]
[450,132] 1 [451,136]
[451,136] 1 [452,140]
[452,140] 1 [453,142]
[453,142] 1 [454,144]
[454,144] 1 [455,148]
[455,148] 1 [456,150]
[456,150] 1 [457,154]
[457,154] 1 [458,156]
[458,156] 1 [459,160]
[459,160] 1 [460,164]
[460,164] 1 [461,167]
[461,167] 1 [462,169]
[462,169] 1 [463,171]
[463,171] 1 [464,173]
[464,173] 1 [465,175]
[465,175] 1 [466,6]
[466,6] 1 [467,6]
[467,6] 1 [468,6]
[468,6] 1 [469,6]
[469,6] 1 [470,6]
[470,6] 1 [471,6]
[471,6] 1 [472,6]
[472,6] 1 [473,6]
[473,6] 1 [474,6]
[474,6] 1 [475,7]
[475,7] 1 [476,10]
[476,10] 0 [477,11]
[477,11] 1 [478,14]
[478,14] 2 [479,12]
[479,12] 2 [480,9]
[480,9] 1 [481,11]
[481,11] 1 [482,14]
[482,14] 1 [483,18]
[483,18] 1 [484,20]
[484,20] 1 [485,22]
[485,22] 1 [486,24]
[486,24] 1 [487,27]
[487,27] 2 [488,27]
[488,27] 2 [489,23]
[489,23] 1 [490,25]
[490,25] 1 [491,27]
[491,27] 1 [492,30]
[492,30] 1 [493,34]
[493,34] 1 [494,37]
[494,37] 1 [495,41]
[495,41] 1 [496,44]
[496,44] 1 [497,48]
[497,48] 1 [498,52]
[498,52] 1 [499,56]
[499,56] 1 [500,59]
[500,59] 1 [501,62]
[501,62] 1 [502,64]
[502,64] 1 [503,67]
[503,67] 1 [504,70]
[504,70] 1 [505,72]
[505,72] 1 [506,76]
[506,76] 1 [507,80]
[507,80] 1 [508,83]
[508,83] 1 [509,85]
[509,85] 1 [510,87]
[510,87] 1 [511,89]
[511,89] 1 [512,93]
[512,93] 1 [513,95]
[513,95] 1 [514,98]
[514,98] 1 [515,100]
[515,100] 1 [516,104]
[516,104] 1 [517,108]
[517,108] 1 [518,110]
[518,110] 1 [519,113]
[519,113] 1 [520,115]
[520,115] 1 [521,119]
[521,119] 1 [522,122]
[522,122] 1 [523,125]
[523,125] 1 [524,127]
[524,127] 1 [525,129]
[525,129] 1 [526,131]
[526,131] 1 [527,133]
[527,133] 1 [528,137]
[528,137] 1 [529,140]
[529,140] 1 [530,144]
[530,144] 1 [531,148]
[531,148] 1 [532,152]
[532,152] 1 [533,156]
[533,156] 1 [534,159]
[534,159] 1 [535,161]
[535,161] 1 [536,164]
[536,164] 1 [537,168]
[537,168] 1 [538,170]
[538,170] 1 [539,172]
[539,172] 1 [540,174]
[540,174] 1 [541,177]
[541,177] 1 [542,6]
[542,6] 1 [543,6]
[543,6] 1 [544,6]
[544,6] 1 [545,6]
[545,6] 1 [546,6]
[546,6] 1 [547,6]
[547,6] 1 [548,6]
[548,6] 1 [549,6]
[549,6] 1 [550,6]
[550,6] 1 [551,8]
[551,8] 2 [552,7]
[552,7] 1 [553,10]
[553,10] 1 [554,14]
[554,14] 1 [555,17]
[555,17] 1 [556,20]
[556,20] 1 [557,23]
[557,23] 1 [558,26]
[558,26] 1 [559,30]
[559,30] 1 [560,33]
[560,33] 1 [561,37]
[561,37] 1 [562,39]
[562,39] 0 [563,39]
[563,39] 1 [564,42]
[564,42] 1 [565,45]
[565,45] 1 [566,49]
[566,49] 1 [567,51]
[567,51] 1 [568,55]
[568,55] 1 [569,58]
[569,58] 1 [570,62]
[570,62] 1 [571,64]
[571,64] 1 [572,66]
[572,66] 1 [573,70]
[573,70] 1 [574,73]
[574,73] 1 [575,77]
[575,77] 1 [576,79]
[576,79] 1 [577,82]
[577,82] 1 [578,84]
[578,84] 1 [579,88]
[579,88] 1 [580,90]
[580,90] 1 [581,94]
[581,94] 1 [582,96]
[582,96] 1 [583,100]
[583,100] 1 [584,104]
[584,104] 1 [585,106]
[585,106] 1 [586,109]
[586,109] 1 [587,112]
[587,112] 1 [588,116]
[588,116] 1 [589,120]
[589,120] 1 [590,122]
[590,122] 1 [591,126]
[591,126] 1 [592,128]
[592,128] 1 [593,130]
[593,130] 1 [594,132]
[594,132] 1 [595,136]
[595,136] 1 [596,138]
[596,138] 1 [597,141]
[597,141] 1 [598,145]
[598,145] 1 [599,147]
[599,147] 1 [600,151]
[600,151] 1 [601,154]
[601,154] 1 [602,158]
[602,158] 1 [603,161]
[603,161] 1 [604,164]
[604,164] 1 [605,168]
[605,168] 1 [606,170]
[606,170] 1 [607,173]
[607,173] 1 [608,175]
[608,175] 1 [609,177]
[609,177] 1 [610,6]
[610,6] 1 [611,6]
[611,6] 1 [612,6]
[612,6] 1 [613,6]
[613,6] 1 [614,6]
[614,6] 1 [615,6]
[615,6] 1 [616,6]
[616,6] 1 [617,6]
[617,6] 1 [618,6]
[618,6] 1 [619,6]
[619,6] 1 [620,9]
[620,9] 1 [621,12]
[621,12] 1 [622,14]
[622,14] 1 [623,17]
[623,17] 2 [624,13]
[624,13] 1 [625,16]
[625,16] 2 [626,12]
[626,12] 1 [627,14]
[627,14] 1 [628,16]
[628,16] 2 [629,12]
[629,12] 1 [630,15]
[630,15] 1 [631,19]
[631,19] 1 [632,21]
[632,21] 1 [633,24]
[633,24] 1 [634,28]
[634,28] 1 [635,31]
[635,31] 1 [636,34]
[636,34] 1 [637,37]
[637,37] 1 [638,39]
[638,39] 1 [639,43]
[639,43] 1 [640,47]
[640,47] 1 [641,50]
[641,50] 1 [642,53]
[642,53] 1 [643,57]
[643,57] 1 [644,60]
[644,60] 1 [645,64]
[645,64] 1 [646,67]
[646,67] 1 [647,71]
[647,71] 1 [648,73]
[648,73] 1 [649,77]
[649,77] 1 [650,80]
[650,80] 1 [651,83]
[651,83] 1 [652,86]
[652,86] 1 [653,89]
[653,89] 1 [654,91]
[654,91] 1 [655,95]
[655,95] 1 [656,97]
[656,97] 1 [657,99]
[657,99] 1 [658,103]
[658,103] 1 [659,106]
[659,106] 1 [660,109]
[660,109] 1 [661,111]
[661,111] 1 [662,115]
[662,115] 1 [663,119]
[663,119] 1 [664,122]
[664,122] 1 [665,125]
[665,125] 1 [666,128]
[666,128] 1 [667,132]
[667,132] 1 [668,135]
[668,135] 1 [669,137]
[669,137] 1 [670,141]
[670,141] 1 [671,145]
[671,145] 1 [672,148]
[672,148] 1 [673,150]
[673,150] 1 [674,154]
[674,154] 1 [675,157]
[675,157] 1 [676,160]
[676,160] 1 [677,163]
[677,163] 1 [678,167]
[678,167] 1 [679,171]
[679,171] 1 [680,175]
[680,175] 1 [681,177]
[681,177] 1 [682,6]
[682,6] 1 [683,6]
[683,6] 1 [684,6]
[684,6] 1 [685,6]
[685,6] 1 [686,6]
[686,6] 1 [687,6]
[687,6] 1 [688,6]
[688,6] 1 [689,6]
[689,6] 1 [690,6]
[690,6] 1 [691,8]
[691,8] 1 [692,12]
[692,12] 1 [693,16]
[693,16] 1 [694,19]
[694,19] 0 [695,20]
[695,20] 1 [696,24]
[696,24] 1 [697,28]
[697,28] 1 [698,31]
[698,31] 2 [699,28]
[699,28] 1 [700,31]
[700,31] 1 [701,33]
[701,33] 1 [702,35]
[702,35] 1 [703,38]
[703,38] 1 [704,41]
[704,41] 1 [705,43]
[705,43] 1 [706,46]
[706,46] 1 [707,49]
[707,49] 1 [708,52]
[708,52] 1 [709,55]
[709,55] 1 [710,57]
[710,57] 1 [711,59]
[711,59] 1 [712,61]
[712,61] 1 [713,63]
[713,63] 1 [714,65]
[714,65] 1 [715,67]
[715,67] 1 [716,69]
[716,69] 1 [717,73]
[717,73] 1 [718,75]
[718,75] 1 [719,79]
[719,79] 1 [720,82]
[720,82] 1 [721,84]
[721,84] 1 [722,88]
[722,88] 1 [723,92]
[723,92] 1 [724,95]
[724,95] 1 [725,99]
[725,99] 1 [726,102]
[726,102] 1 [727,104]
[727,104] 1 [728,106]
[728,106] 1 [729,109]
[729,109] 1 [730,111]
[730,111] 1 [731,115]
[731,115] 1 [732,117]
[732,117] 1 [733,121]
[733,121] 1 [734,123]
[734,123] 1 [735,125]
[735,125] 1 [736,127]
[736,127] 1 [737,129]
[737,129] 1 [738,131]
[738,131] 1 [739,134]
[739,134] 1 [740,136]
[740,136] 1 [741,138]
[741,138] 1 [742,140]
[742,140] 1 [743,143]
[743,143] 1 [744,146]
[744,146] 1 [745,148]
[745,148] 1 [746,152]
[746,152] 1 [747,155]
[747,155] 1 [748,158]
[748,158] 1 [749,161]
[749,161] 1 [750,163]
[750,163] 1 [751,166]
[751,166] 1 [752,170]
[752,170] 1 [753,173]
[753,173] 1 [754,175]
[754,175] 1 [755,6]
[755,6] 1 [756,6]
[756,6] 1 [757,6]
[757,6] 1 [758,6]
[758,6] 1 [759,6]
[759,6] 1 [760,6]
[760,6] 1 [761,6]
[761,6] 1 [762,6]
[762,6] 1 [763,6]
[763,6] 1 [764,6]
[764,6] 0 [765,6]
[765,6] 1 [766,10]
[766,10] 1 [767,14]
[767,14] 1 [768,18]
[768,18] 1 [769,20]
[769,20] 1 [770,23]
[770,23] 1 [771,27]
[771,27] 1 [772,31]
[772,31] 1 [773,34]
[773,34] 1 [774,37]
[774,37] 1 [775,41]
[775,41] 1 [776,45]
[776,45] 1 [777,49]
[777,49] 1 [778,51]
[778,51] 1 [779,53]
[779,53] 1 [780,55]
[780,55] 1 [781,58]
[781,58] 1 [782,60]
[782,60] 1 [783,62]
[783,62] 1 [784,66]
[784,66] 1 [785,68]
[785,68] 1 [786,70]
[786,70] 1 [787,74]
[787,74] 1 [788,78]
[788,78] 1 [789,81]
[789,81] 1 [790,83]
[790,83] 1 [791,86]
[791,86] 1 [792,89]
[792,89] 1 [793,91]
[793,91] 1 [794,93]
[794,93] 1 [795,96]
[795,96] 1 [796,98]
[796,98] 1 [797,102]
[797,102] 1 [798,106]
[798,106] 1 [799,109]
[799,109] 1 [800,113]
[800,113] 1 [801,116]
[801,116] 1 [802,119]
[802,119] 1 [803,122]
[803,122] 1 [804,126]
[804,126] 1 [805,130]
[805,130] 1 [806,132]
[806,132] 1 [807,134]
[807,134] 1 [808,136]
[808,136] 1 [809,140]
[809,140] 1 [810,144]
[810,144] 1 [811,146]
[811,146] 1 [812,149]
[812,149] 1 [813,151]
[813,151] 1 [814,155]
[814,155] 1 [815,158]
[815,158] 1 [816,161]
[816,161] 1 [817,163]
[817,163] 1 [818,165]
[818,165] 1 [819,169]
[819,169] 1 [820,173]
[820,173] 1 [821,177]
[821,177] 1 [822,6]
[822,6] 1 [823,6]
[823,6] 1 [824,6]
[824,6] 1 [825,6]
[825,6] 1 [826,6]
[826,6] 1 [827,6]
[827,6] 1 [828,6]
[828,6] 1 [829,6]
[829,6] 1 [830,6]
[830,6] 1 [831,6]
[831,6] 1 [832,6]
[832,6] 0 [833,6]
[833,6] 1 [834,10]
[834,10] 2 [835,6]
[835,6] 1 [836,8]
[836,8] 1 [837,11]
[837,11] 2 [838,7]
[838,7] 1 [839,9]
[839,9] 1 [840,11]
[840,11] 2 [841,7]
[841,7] 1 [842,9]
[842,9] 1 [843,12]
[843,12] 1 [844,16]
[844,16] 1 [845,18]
[845,18] 1 [846,20]
[846,20] 1 [847,22]
[847,22] 1 [848,25]
[848,25] 1 [849,29]
[849,29] 1 [850,32]
[850,32] 1 [851,36]
[851,36] 1 [852,40]
[852,40] 1 [853,44]
[853,44] 1 [854,48]
[854,48] 1 [855,50]
[855,50] 1 [856,54]
[856,54] 1 [857,58]
[857,58] 1 [858,61]
[858,61] 1 [859,63]
[859,63] 1 [860,65]
[860,65] 1 [861,69]
[861,69] 1 [862,73]
[862,73] 1 [863,76]
[863,76] 1 [864,78]
[864,78] 1 [865,81]
[865,81] 1 [866,85]
[866,85] 1 [867,87]
[867,87] 1 [868,89]
[868,89] 1 [869,93]
[869,93] 1 [870,96]
[870,96] 1 [871,98]
[871,98] 1 [872,101]
[872,101] 1 [873,103]
[873,103] 1 [874,105]
[874,105] 1 [875,108]
[875,108] 1 [876,112]
[876,112] 1 [877,116]
[877,116] 1 [878,119]
[878,119] 1 [879,121]
[879,121] 1 [880,124]
[880,124] 1 [881,128]
[881,128] 1 [882,131]
[882,131] 1 [883,134]
[883,134] 1 [884,136]
[884,136] 1 [885,138]
[885,138] 1 [886,140]
[886,140] 1 [887,142]
[887,142] 1 [888,144]
[888,144] 1 [889,146]
[889,146] 1 [890,148]
[890,148] 1 [891,150]
[891,150] 1 [892,152]
[892,152] 1 [893,156]
[893,156] 1 [894,159]
[894,159] 1 [895,162]
[895,162] 1 [896,166]
[896,166] 1 [897,169]
[897,169] 1 [898,171]
[898,171] 1 [899,173]
[899,173] 1 [900,177]
[900,177] 1 [901,6]
[901,6] 1 [902,6]
[902,6] 1 [903,6]
[903,6] 1 [904,6]
[904,6] 1 [905,6]
[905,6] 1 [906,6]
[906,6] 1 [907,6]
[907,6] 1 [908,6]
[908,6] 1 [909,6]
[909,6] 1 [910,6]
[910,6] 1 [911,7]
[911,7] 2 [912,6]
[912,6] 1 [913,8]
[913,8] 1 [914,11]
[914,11] 1 [915,13]
[915,13] 1 [916,16]
[916,16] 2 [917,12]
[917,12] 1 [918,15]
[918,15] 1 [919,17]
[919,17] 1 [920,19]
[920,19] 1 [921,21]
[921,21] 1 [922,24]
[922,24] 1 [923,26]
[923,26] 1 [924,30]
[924,30] 1 [925,33]
[925,33] 1 [926,37]
[926,37] 1 [927,41]
[927,41] 1 [928,43]
[928,43] 1 [929,47]
[929,47] 1 [930,50]
[930,50] 1 [931,53]
[931,53] 1 [932,55]
[932,55] 1 [933,57]
[933,57] 1 [934,59]
[934,59] 1 [935,63]
[935,63] 1 [936,66]
[936,66] 1 [937,68]
[937,68] 1 [938,70]
[938,70] 1 [939,74]
[939,74] 1 [940,77]
[940,77] 1 [941,79]
[941,79] 1 [942,82]
[942,82] 1 [943,84]
[943,84] 1 [944,86]
[944,86] 1 [945,88]
[945,88] 1 [946,91]
[946,91] 1 [947,95]
[947,95] 1 [948,98]
[948,98] 1 [949,102]
[949,102] 1 [950,105]
[950,105] 1 [951,107]
[951,107] 1 [952,109]
[952,109] 1 [953,111]
[953,111] 1 [954,113]
[954,113] 1 [955,115]
[955,115] 1 [956,119]
[956,119] 1 [957,122]
[957,122] 1 [958,126]
[958,126] 1 [959,128]
[959,128] 1 [960,132]
[960,132] 1 [961,134]
[961,134] 1 [962,137]
[962,137] 1 [963,139]
[963,139] 1 [964,143]
[964,143] 1 [965,147]
[965,147] 1 [966,151]
[966,151] 1 [967,154]
[967,154] 1 [968,156]
[968,156] 1 [969,160]
[969,160] 1 [970,163]
[970,163] 1 [971,165]
[971,165] 1 [972,168]
[972,168] 1 [973,171]
[973,171] 1 [974,174]
[974,174] 1 [975,177]
[975,177] 1 [976,6]
[976,6] 1 [977,6]
[977,6] 1 [978,6]
[978,6] 1 [979,6]
[979,6] 1 [980,6]
[980,6] 1 [981,6]
[981,6] 1 [982,6]
[982,6] 1 [983,6]
[983,6] 1 [984,6]
[984,6] 1 [985,6]
[985,6] 1 [986,8]
[986,8] 0 [987,8]
[987,8] 1 [988,10]
[988,10] 1 [989,13]
[989,13] 2 [990,11]
[990,11] 1 [991,11]
[991,11] 1 [992,13]
[992,13] 1 [993,15]
[993,15] 1 [994,17]
[994,17] 1 [995,20]
[995,20] 1 [996,22]
[996,22] 2 [997,18]
[997,18] 2 [998,14]
[998,14] 1 [999,16]
[999,16] 2 [1000,12]
[1000,12] 1 [1001,9]
[1001,9] 1 [1002,11]
[1002,11] 1 [1003,15]
[1003,15] 2 [1004,11]
[1004,11] 1 [1005,11]
[1005,11] 1 [1006,15]
[1006,15] 2 [1007,13]
[1007,13] 1 [1008,15]
[1008,15] 2 [1009,11]
[1009,11] 1 [1010,14]
[1010,14] 1 [1011,18]
[1011,18] 1 [1012,20]
[1012,20] 1 [1013,24]
[1013,24] 1 [1014,26]
[1014,26] 1 [1015,28]
[1015,28] 1 [1016,30]
[1016,30] 1 [1017,33]
[1017,33] 1 [1018,36]
[1018,36] 1 [1019,39]
[1019,39] 1 [1020,41]
[1020,41] 1 [1021,43]
[1021,43] 1 [1022,45]
[1022,45] 1 [1023,47]
[1023,47] 1 [1024,50]
[1024,50] 1 [1025,53]
[1025,53] 1 [1026,55]
[1026,55] 1 [1027,58]
[1027,58] 1 [1028,61]
[1028,61] 1 [1029,64]
[1029,64] 1 [1030,67]
[1030,67] 1 [1031,70]
[1031,70] 1 [1032,74]
[1032,74] 1 [1033,76]
[1033,76] 1 [1034,78]
[1034,78] 1 [1035,82]
[1035,82] 1 [1036,84]
[1036,84] 1 [1037,86]
[1037,86] 1 [1038,88]
[1038,88] 1 [1039,91]
[1039,91] 1 [1040,93]
[1040,93] 1 [1041,95]
[1041,95] 1 [1042,99]
[1042,99] 1 [1043,103]
[1043,103] 1 [1044,106]
[1044,106] 1 [1045,109]
[1045,109] 1 [1046,112]
[1046,112] 1 [1047,115]
[1047,115] 1 [1048,118]
[1048,118] 1 [1049,120]
[1049,120] 1 [1050,122]
[1050,122] 1 [1051,126]
[1051,126] 1 [1052,128]
[1052,128] 1 [1053,130]
[1053,130] 1 [1054,133]
[1054,133] 1 [1055,135]
[1055,135] 1 [1056,138]
[1056,138] 1 [1057,141]
[1057,141] 1 [1058,143]
[1058,143] 1 [1059,147]
[1059,147] 1 [1060,149]
[1060,149] 1 [1061,153]
[1061,153] 1 [1062,155]
[1062,155] 1 [1063,157]
[1063,157] 1 [1064,161]
[1064,161] 1 [1065,163]
[1065,163] 1 [1066,166]
[1066,166] 1 [1067,170]
[1067,170] 1 [1068,174]
[1068,174] 1 [1069,176]
[1069,176] 1 [1070,6]
[1070,6] 1 [1071,6]
[1071,6] 1 [1072,6]
[1072,6] 1 [1073,6]
[1073,6] 1 [1074,6]
[1074,6] 1 [1075,6]
[1075,6] 1 [1076,6]
[1076,6] 1 [1077,6]
[1077,6] 1 [1078,6]
[1078,6] 1 [1079,8]
[1079,8] 1 [1080,10]
[1080,10] 1 [1081,13]
[1081,13] 1 [1082,15]
[1082,15] 2 [1083,11]
[1083,11] 1 [1084,13]
[1084,13] 2 [1085,11]
[1085,11] 2 [1086,9]
[1086,9] 1 [1087,10]
[1087,10] 1 [1088,14]
[1088,14] 1 [1089,16]
[1089,16] 2 [1090,12]
[1090,12] 1 [1091,14]
[1091,14] 1 [1092,16]
[1092,16] 1 [1093,20]
[1093,20] 1 [1094,24]
[1094,24] 1 [1095,28]
[1095,28] 1 [1096,30]
[1096,30] 1 [1097,32]
[1097,32] 1 [1098,35]
[1098,35] 1 [1099,39]
[1099,39] 1 [1100,42]
[1100,42] 1 [1101,45]
[1101,45] 1 [1102,49]
[1102,49] 1 [1103,53]
[1103,53] 1 [1104,56]
[1104,56] 1 [1105,58]
[1105,58] 1 [1106,60]
[1106,60] 1 [1107,64]
[1107,64] 1 [1108,68]
[1108,68] 1 [1109,71]
[1109,71] 1 [1110,73]
[1110,73] 1 [1111,75]
[1111,75] 1 [1112,78]
[1112,78] 1 [1113,81]
[1113,81] 1 [1114,85]
[1114,85] 1 [1115,87]
[1115,87] 1 [1116,91]
[1116,91] 1 [1117,94]
[1117,94] 1 [1118,98]
[1118,98] 1 [1119,102]
[1119,102] 1 [1120,106]
[1120,106] 1 [1121,108]
[1121,108] 1 [1122,111]
[1122,111] 1 [1123,113]
[1123,113] 1 [1124,116]
[1124,116] 1 [1125,119]
[1125,119] 1 [1126,123]
[1126,123] 1 [1127,125]
[1127,125] 1 [1128,128]
[1128,128] 1 [1129,130]
[1129,130] 1 [1130,134]
[1130,134] 1 [1131,138]
[1131,138] 1 [1132,140]
[1132,140] 1 [1133,144]
[1133,144] 1 [1134,146]
[1134,146] 1 [1135,149]
[1135,149] 1 [1136,153]
[1136,153] 1 [1137,155]
[1137,155] 1 [1138,157]
[1138,157] 1 [1139,160]
[1139,160] 1 [1140,163]
[1140,163] 1 [1141,166]
[1141,166] 1 [1142,168]
[1142,168] 1 [1143,171]
[1143,171] 1 [1144,175]
[1144,175] 1 [1145,6]
[1145,6] 1 [1146,6]
[1146,6] 1 [1147,6]
[1147,6] 1 [1148,6]
[1148,6] 1 [1149,6]
[1149,6] 1 [1150,6]
[1150,6] 1 [1151,6]
[1151,6] 1 [1152,6]
[1152,6] 1 [1153,6]
[1153,6] 1 [1154,6]
[1154,6] 1 [1155,7]
[1155,7] 0 [1156,7]
[1156,7] 2 [1157,6]
[1157,6] 1 [1158,9]
[1158,9] 1 [1159,13]
[1159,13] 2 [1160,12]
[1160,12] 2 [1161,8]
[1161,8] 1 [1162,11]
[1162,11] 1 [1163,14]
[1163,14] 1 [1164,17]
[1164,17] 2 [1165,13]
[1165,13] 1 [1166,15]
[1166,15] 2 [1167,11]
[1167,11] 1 [1168,14]
[1168,14] 2 [1169,10]
[1169,10] 1 [1170,12]
[1170,12] 2 [1171,8]
[1171,8] 1 [1172,10]
[1172,10] 2 [1173,7]
[1173,7] 1 [1174,7]
[1174,7] 1 [1175,10]
[1175,10] 1 [1176,12]
[1176,12] 1 [1177,14]
[1177,14] 1 [1178,18]
[1178,18] 1 [1179,22]
[1179,22] 1 [1180,24]
[1180,24] 1 [1181,28]
[1181,28] 1 [1182,31]
[1182,31] 2 [1183,27]
[1183,27] 2 [1184,23]
[1184,23] 1 [1185,26]
[1185,26] 1 [1186,28]
[1186,28] 1 [1187,32]
[1187,32] 1 [1188,36]
[1188,36] 1 [1189,40]
[1189,40] 1 [1190,44]
[1190,44] 1 [1191,46]
[1191,46] 1 [1192,49]
[1192,49] 1 [1193,52]
[1193,52] 1 [1194,54]
[1194,54] 1 [1195,58]
[1195,58] 1 [1196,61]
[1196,61] 1 [1197,65]
[1197,65] 1 [1198,67]
[1198,67] 1 [1199,70]
[1199,70] 1 [1200,72]
[1200,72] 1 [1201,76]
[1201,76] 1 [1202,79]
[1202,79] 1 [1203,83]
[1203,83] 1 [1204,87]
[1204,87] 1 [1205,89]
[1205,89] 1 [1206,92]
[1206,92] 1 [1207,96]
[1207,96] 1 [1208,100]
[1208,100] 1 [1209,102]
[1209,102] 1 [1210,105]
[1210,105] 1 [1211,109]
[1211,109] 1 [1212,111]
[1212,111] 1 [1213,113]
[1213,113] 1 [1214,117]
[1214,117] 1 [1215,119]
[1215,119] 1 [1216,123]
[1216,123] 2 [1217,119]
[1217,119] 2 [1218,115]
[1218,115] 1 [1219,117]
[1219,117] 1 [1220,120]
[1220,120] 1 [1221,124]
[1221,124] 1 [1222,128]
[1222,128] 1 [1223,132]
[1223,132] 1 [1224,136]
[1224,136] 1 [1225,140]
[1225,140] 1 [1226,142]
[1226,142] 1 [1227,144]
[1227,144] 1 [1228,148]
[1228,148] 1 [1229,152]
[1229,152] 1 [1230,154]
[1230,154] 1 [1231,157]
[1231,157] 1 [1232,159]
[1232,159] 1 [1233,163]
[1233,163] 1 [1234,165]
[1234,165] 1 [1235,169]
[1235,169] 1 [1236,171]
[1236,171] 1 [1237,173]
[1237,173] 1 [1238,175]
[1238,175] 1 [1239,6]
[1239,6] 1 [1240,6]
[1240,6] 1 [1241,6]
[1241,6] 1 [1242,6]
[1242,6] 1 [1243,6]
[1243,6] 1 [1244,6]
[1244,6] 1 [1245,6]
[1245,6] 1 [1246,6]
[1246,6] 1 [1247,6]
[1247,6] 1 [1248,6]
[1248,6] 1 [1249,9]
[1249,9] 1 [1250,11]
[1250,11] 1 [1251,13]
[1251,13] 1 [1252,15]
[1252,15] 1 [1253,19]
[1253,19] 1 [1254,23]
[1254,23] 1 [1255,26]
[1255,26] 1 [1256,29]
[1256,29] 1 [1257,31]
[1257,31] 1 [1258,33]
[1258,33] 1 [1259,36]
[1259,36] 1 [1260,38]
[1260,38] 1 [1261,42]
[1261,42] 1 [1262,45]
[1262,45] 1 [1263,47]
[1263,47] 1 [1264,49]
[1264,49] 1 [1265,51]
[1265,51] 1 [1266,55]
[1266,55] 1 [1267,59]
[1267,59] 1 [1268,63]
[1268,63] 1 [1269,67]
[1269,67] 1 [1270,69]
[1270,69] 1 [1271,72]
[1271,72] 1 [1272,75]
[1272,75] 1 [1273,79]
[1273,79] 1 [1274,83]
[1274,83] 1 [1275,85]
[1275,85] 1 [1276,89]
[1276,89] 1 [1277,93]
[1277,93] 1 [1278,96]
[1278,96] 1 [1279,99]
[1279,99] 1 [1280,102]
[1280,102] 1 [1281,104]
[1281,104] 1 [1282,107]
[1282,107] 1 [1283,109]
[1283,109] 1 [1284,113]
[1284,113] 1 [1285,115]
[1285,115] 1 [1286,117]
[1286,117] 1 [1287,121]
[1287,121] 1 [1288,125]
[1288,125] 1 [1289,127]
[1289,127] 1 [1290,129]
[1290,129] 1 [1291,131]
[1291,131] 1 [1292,134]
[1292,134] 1 [1293,136]
[1293,136] 1 [1294,138]
[1294,138] 1 [1295,142]
[1295,142] 1 [1296,146]
[1296,146] 1 [1297,149]
[1297,149] 1 [1298,152]
[1298,152] 1 [1299,155]
[1299,155] 1 [1300,158]
[1300,158] 1 [1301,160]
[1301,160] 1 [1302,164]
[1302,164] 1 [1303,167]
[1303,167] 1 [1304,170]
[1304,170] 1 [1305,172]
[1305,172] 1 [1306,174]
[1306,174] 1 [1307,176]
[1307,176] 1 [1308,6]
[1308,6] 1 [1309,6]
[1309,6] 1 [1310,6]
[1310,6] 1 [1311,6]
[1311,6] 1 [1312,6]
[1312,6] 1 [1313,6]
[1313,6] 1 [1314,6]
[1314,6] 1 [1315,6]
[1315,6] 1 [1316,9]
[1316,9] 1 [1317,13]
[1317,13] 1 [1318,16]
[1318,16] 1 [1319,19]
[1319,19] 2 [1320,15]
[1320,15] 2 [1321,12]
[1321,12] 1 [1322,13]
[1322,13] 1 [1323,16]
[1323,16] 1 [1324,19]
[1324,19] 1 [1325,21]
[1325,21] 1 [1326,25]
[1326,25] 1 [1327,27]
[1327,27] 1 [1328,30]
[1328,30] 1 [1329,34]
[1329,34] 1 [1330,36]
[1330,36] 1 [1331,40]
[1331,40] 1 [1332,42]
[1332,42] 1 [1333,45]
[1333,45] 2 [1334,45]
[1334,45] 1 [1335,48]
[1335,48] 1 [1336,50]
[1336,50] 1 [1337,54]
[1337,54] 2 [1338,50]
[1338,50] 1 [1339,49]
[1339,49] 2 [1340,46]
[1340,46] 1 [1341,48]
[1341,48] 1 [1342,51]
[1342,51] 1 [1343,53]
[1343,53] 1 [1344,55]
[1344,55] 1 [1345,59]
[1345,59] 1 [1346,62]
[1346,62] 1 [1347,64]
[1347,64] 1 [1348,68]
[1348,68] 1 [1349,72]
[1349,72] 1 [1350,74]
[1350,74] 1 [1351,76]
[1351,76] 1 [1352,80]
[1352,80] 1 [1353,84]
[1353,84] 1 [1354,88]
[1354,88] 1 [1355,91]
[1355,91] 1 [1356,95]
[1356,95] 1 [1357,97]
[1357,97] 1 [1358,101]
[1358,101] 1 [1359,103]
[1359,103] 1 [1360,105]
[1360,105] 1 [1361,108]
[1361,108] 1 [1362,112]
[1362,112] 1 [1363,115]
[1363,115] 1 [1364,117]
[1364,117] 1 [1365,119]
[1365,119] 1 [1366,122]
[1366,122] 1 [1367,126]
[1367,126] 1 [1368,128]
[1368,128] 1 [1369,131]
[1369,131] 1 [1370,135]
[1370,135] 1 [1371,138]
[1371,138] 1 [1372,140]
[1372,140] 1 [1373,144]
[1373,144] 1 [1374,148]
[1374,148] 1 [1375,151]
[1375,151] 1 [1376,153]
[1376,153] 1 [1377,155]
[1377,155] 1 [1378,158]
[1378,158] 1 [1379,162]
[1379,162] 1 [1380,164]
[1380,164] 1 [1381,167]
[1381,167] 1 [1382,170]
[1382,170] 1 [1383,173]
[1383,173] 1 [1384,175]
[1384,175] 1 [1385,6]
[1385,6] 1 [1386,6]
[1386,6] 1 [1387,6]
[1387,6] 1 [1388,6]
[1388,6] 1 [1389,6]
[1389,6] 1 [1390,6]
[1390,6] 1 [1391,6]
[1391,6] 1 [1392,6]
[1392,6] 1 [1393,6]
[1393,6] 1 [1394,6]
[1394,6] 1 [1395,8]
[1395,8] 1 [1396,12]
[1396,12] 2 [1397,11]
[1397,11] 1 [1398,13]
[1398,13] 2 [1399,9]
[1399,9] 1 [1400,11]
[1400,11] 2 [1401,8]
[1401,8] 1 [1402,10]
[1402,10] 1 [1403,13]
[1403,13] 1 [1404,15]
[1404,15] 2 [1405,11]
[1405,11] 1 [1406,14]
[1406,14] 2 [1407,10]
[1407,10] 1 [1408,12]
[1408,12] 2 [1409,8]
[1409,8] 0 [1410,8]
[1410,8] 1 [1411,11]
[1411,11] 2 [1412,8]
[1412,8] 1 [1413,11]
[1413,11] 2 [1414,7]
[1414,7] 0 [1415,7]
[1415,7] 1 [1416,9]
[1416,9] 1 [1417,12]
[1417,12] 2 [1418,9]
[1418,9] 1 [1419,11]
[1419,11] 0 [1420,11]
[1420,11] 1 [1421,15]
[1421,15] 1 [1422,18]
[1422,18] 1 [1423,20]
[1423,20] 1 [1424,24]
[1424,24] 1 [1425,26]
[1425,26] 1 [1426,29]
[1426,29] 1 [1427,32]
[1427,32] 1 [1428,36]
[1428,36] 1 [1429,38]
[1429,38] 1 [1430,40]
[1430,40] 1 [1431,44]
[1431,44] 1 [1432,47]
[1432,47] 1 [1433,50]
[1433,50] 1 [1434,52]
[1434,52] 1 [1435,55]
[1435,55] 1 [1436,59]
[1436,59] 1 [1437,61]
[1437,61] 1 [1438,65]
[1438,65] 1 [1439,69]
[1439,69] 1 [1440,72]
[1440,72] 1 [1441,75]
[1441,75] 1 [1442,77]
[1442,77] 1 [1443,81]
[1443,81] 1 [1444,84]
[1444,84] 1 [1445,88]
[1445,88] 1 [1446,91]
[1446,91] 1 [1447,93]
[1447,93] 1 [1448,97]
[1448,97] 1 [1449,100]
[1449,100] 1 [1450,102]
[1450,102] 1 [1451,104]
[1451,104] 1 [1452,107]
[1452,107] 1 [1453,111]
[1453,111] 1 [1454,113]
[1454,113] 1 [1455,117]
[1455,117] 1 [1456,119]
[1456,119] 1 [1457,122]
[1457,122] 1 [1458,125]
[1458,125] 1 [1459,128]
[1459,128] 1 [1460,131]
[1460,131] 1 [1461,134]
[1461,134] 1 [1462,137]
[1462,137] 1 [1463,139]
[1463,139] 1 [1464,143]
[1464,143] 1 [1465,147]
[1465,147] 1 [1466,151]
[1466,151] 1 [1467,153]
[1467,153] 1 [1468,157]
[1468,157] 1 [1469,159]
[1469,159] 1 [1470,163]
[1470,163] 1 [1471,165]
[1471,165] 1 [1472,169]
[1472,169] 1 [1473,171]
[1473,171] 1 [1474,174]
[1474,174] 1 [1475,176]
[1475,176] 1 [1476,6]
[1476,6] 1 [1477,6]
[1477,6] 1 [1478,6]
[1478,6] 1 [1479,6]
[1479,6] 1 [1480,6]
[1480,6] 1 [1481,6]
[1481,6] 1 [1482,6]
[1482,6] 1 [1483,6]
[1483,6] 1 [1484,6]
[1484,6] 1 [1485,6]
[1485,6] 1 [1486,7]
[1486,7] 2 [1487,6]
[1487,6] 1 [1488,9]
[1488,9] 1 [1489,11]
[1489,11] 1 [1490,14]
[1490,14] 1 [1491,18]
[1491,18] 1 [1492,22]
[1492,22] 1 [1493,26]
[1493,26] 1 [1494,29]
[1494,29] 1 [1495,33]
[1495,33] 1 [1496,36]
[1496,36] 1 [1497,39]
[1497,39] 1 [1498,43]
[1498,43] 1 [1499,47]
[1499,47] 1 [1500,51]
[1500,51] 1 [1501,53]
[1501,53] 1 [1502,56]
[1502,56] 1 [1503,58]
[1503,58] 1 [1504,62]
[1504,62] 1 [1505,66]
[1505,66] 1 [1506,69]
[1506,69] 1 [1507,73]
[1507,73] 1 [1508,75]
[1508,75] 1 [1509,78]
[1509,78] 1 [1510,81]
[1510,81] 1 [1511,83]
[1511,83] 1 [1512,86]
[1512,86] 1 [1513,88]
[1513,88] 1 [1514,91]
[1514,91] 1 [1515,94]
[1515,94] 1 [1516,97]
[1516,97] 1 [1517,100]
[1517,100] 1 [1518,102]
[1518,102] 1 [1519,105]
[1519,105] 1 [1520,109]
[1520,109] 1 [1521,113]
[1521,113] 1 [1522,116]
[1522,116] 1 [1523,119]
[1523,119] 1 [1524,122]
[1524,122] 1 [1525,124]
[1525,124] 1 [1526,128]
[1526,128] 1 [1527,130]
[1527,130] 1 [1528,133]
[1528,133] 1 [1529,135]
[1529,135] 1 [1530,137]
[1530,137] 1 [1531,141]
[1531,141] 1 [1532,144]
[1532,144] 1 [1533,146]
[1533,146] 1 [1534,148]
[1534,148] 1 [1535,152]
[1535,152] 1 [1536,154]
[1536,154] 1 [1537,156]
[1537,156] 1 [1538,158]
[1538,158] 1 [1539,162]
[1539,162] 1 [1540,164]
[1540,164] 1 [1541,167]
[1541,167] 1 [1542,170]
[1542,170] 1 [1543,173]
[1543,173] 1 [1544,177]
[1544,177] 1 [1545,6]
[1545,6] 1 [1546,6]
[1546,6] 1 [1547,6]
[1547,6] 1 [1548,6]
[1548,6] 1 [1549,6]
[1549,6] 1 [1550,6]
[1550,6] 1 [1551,6]
[1551,6] 1 [1552,6]
[1552,6] 1 [1553,6]
[1553,6] 1 [1554,6]
[1554,6] 1 [1555,7]
[1555,7] 1 [1556,9]
[1556,9] 0 [1557,11]
[1557,11] 1 [1558,13]
[1558,13] 2 [1559,10]
[1559,10] 1 [1560,13]
[1560,13] 1 [1561,15]
[1561,15] 1 [1562,19]
[1562,19] 1 [1563,23]
[1563,23] 1 [1564,25]
[1564,25] 1 [1565,27]
[1565,27] 1 [1566,29]
[1566,29] 1 [1567,32]
[1567,32] 1 [1568,34]
[1568,34] 1 [1569,37]
[1569,37] 1 [1570,39]
[1570,39] 1 [1571,41]
[1571,41] 1 [1572,43]
[1572,43] 1 [1573,46]
[1573,46] 1 [1574,49]
[1574,49] 1 [1575,53]
[1575,53] 1 [1576,56]
[1576,56] 1 [1577,59]
[1577,59] 1 [1578,62]
[1578,62] 1 [1579,64]
[1579,64] 1 [1580,67]
[1580,67] 1 [1581,71]
[1581,71] 1 [1582,73]
[1582,73] 1 [1583,75]
[1583,75] 1 [1584,79]
[1584,79] 1 [1585,81]
[1585,81] 1 [1586,85]
[1586,85] 1 [1587,89]
[1587,89] 1 [1588,91]
[1588,91] 1 [1589,94]
[1589,94] 0 [1590,95]
[1590,95] 1 [1591,99]
[1591,99] 1 [1592,101]
[1592,101] 1 [1593,103]
[1593,103] 1 [1594,106]
[1594,106] 1 [1595,109]
[1595,109] 1 [1596,111]
[1596,111] 1 [1597,114]
[1597,114] 1 [1598,116]
[1598,116] 1 [1599,119]
[1599,119] 1 [1600,121]
[1600,121] 1 [1601,125]
[1601,125] 1 [1602,129]
[1602,129] 1 [1603,133]
[1603,133] 1 [1604,136]
[1604,136] 1 [1605,140]
[1605,140] 1 [1606,143]
[1606,143] 1 [1607,145]
[1607,145] 1 [1608,147]
[1608,147] 1 [1609,150]
[1609,150] 1 [1610,153]
[1610,153] 1 [1611,155]
[1611,155] 1 [1612,158]
[1612,158] 1 [1613,161]
[1613,161] 1 [1614,163]
[1614,163] 1 [1615,166]
[1615,166] 1 [1616,168]
[1616,168] 1 [1617,172]
[1617,172] 1 [1618,174]
[1618,174] 1 [1619,176]
[1619,176] 1 [1620,6]
[1620,6] 1 [1621,6]
[1621,6] 1 [1622,6]
[1622,6] 1 [1623,6]
[1623,6] 1 [1624,6]
[1624,6] 1 [1625,6]
[1625,6] 1 [1626,6]
[1626,6] 1 [1627,6]
[1627,6] 1 [1628,6]
[1628,6] 1 [1629,6]
[1629,6] 1 [1630,6]
[1630,6] 1 [1631,8]
[1631,8] 2 [1632,9]
[1632,9] 1 [1633,11]
[1633,11] 2 [1634,7]
[1634,7] 1 [1635,8]
[1635,8] 1 [1636,11]
[1636,11] 2 [1637,8]
[1637,8] 1 [1638,11]
[1638,11] 1 [1639,13]
[1639,13] 1 [1640,16]
[1640,16] 2 [1641,13]
[1641,13] 2 [1642,9]
[1642,9] 1 [1643,11]
[1643,11] 1 [1644,13]
[1644,13] 1 [1645,16]
[1645,16] 1 [1646,19]
[1646,19] 2 [1647,16]
[1647,16] 1 [1648,19]
[1648,19] 2 [1649,15]
[1649,15] 2 [1650,11]
[1650,11] 1 [1651,13]
[1651,13] 1 [1652,16]
[1652,16] 2 [1653,12]
[1653,12] 1 [1654,14]
[1654,14] 1 [1655,18]
[1655,18] 1 [1656,21]
[1656,21] 1 [1657,23]
[1657,23] 1 [1658,27]
[1658,27] 1 [1659,31]
[1659,31] 1 [1660,34]
[1660,34] 1 [1661,37]
[1661,37] 2 [1662,33]
[1662,33] 1 [1663,35]
[1663,35] 1 [1664,38]
[1664,38] 1 [1665,41]
[1665,41] 1 [1666,44]
[1666,44] 1 [1667,47]
[1667,47] 1 [1668,49]
[1668,49] 1 [1669,52]
[1669,52] 1 [1670,54]
[1670,54] 1 [1671,56]
[1671,56] 1 [1672,59]
[1672,59] 1 [1673,63]
[1673,63] 1 [1674,67]
[1674,67] 1 [1675,69]
[1675,69] 1 [1676,73]
[1676,73] 1 [1677,76]
[1677,76] 1 [1678,79]
[1678,79] 1 [1679,81]
[1679,81] 1 [1680,83]
[1680,83] 1 [1681,86]
[1681,86] 1 [1682,89]
[1682,89] 1 [1683,93]
[1683,93] 1 [1684,96]
[1684,96] 1 [1685,99]
[1685,99] 1 [1686,101]
[1686,101] 1 [1687,103]
[1687,103] 1 [1688,107]
[1688,107] 1 [1689,111]
[1689,111] 1 [1690,114]
[1690,114] 1 [1691,117]
[1691,117] 1 [1692,119]
[1692,119] 1 [1693,123]
[1693,123] 1 [1694,127]
[1694,127] 1 [1695,130]
[1695,130] 1 [1696,132]
[1696,132] 1 [1697,136]
[1697,136] 1 [1698,138]
[1698,138] 1 [1699,141]
[1699,141] 1 [1700,143]
[1700,143] 1 [1701,145]
[1701,145] 1 [1702,147]
[1702,147] 1 [1703,151]
[1703,151] 1 [1704,155]
[1704,155] 1 [1705,159]
[1705,159] 1 [1706,163]
[1706,163] 1 [1707,166]
[1707,166] 1 [1708,168]
[1708,168] 1 [1709,170]
[1709,170] 1 [1710,172]
[1710,172] 1 [1711,176]
[1711,176] 1 [1712,6]
[1712,6] 1 [1713,6]
[1713,6] 1 [1714,6]
[1714,6] 1 [1715,6]
[1715,6] 1 [1716,6]
[1716,6] 1 [1717,6]
[1717,6] 1 [1718,6]
[1718,6] 1 [1719,6]
[1719,6] 1 [1720,6]
[1720,6] 1 [1721,6]
[1721,6] 2 [1722,6]
[1722,6] 1 [1723,8]
[1723,8] 1 [1724,12]
[1724,12] 2 [1725,9]
[1725,9] 1 [1726,11]
[1726,11] 2 [1727,9]
[1727,9] 1 [1728,11]
[1728,11] 1 [1729,13]
[1729,13] 1 [1730,16]
[1730,16] 1 [1731,19]
[1731,19] 2 [1732,15]
[1732,15] 1 [1733,14]
[1733,14] 1 [1734,17]
[1734,17] 1 [1735,20]
[1735,20] 1 [1736,22]
[1736,22] 1 [1737,25]
[1737,25] 1 [1738,29]
[1738,29] 1 [1739,31]
[1739,31] 1 [1740,33]
[1740,33] 1 [1741,35]
[1741,35] 1 [1742,37]
[1742,37] 1 [1743,41]
[1743,41] 1 [1744,43]
[1744,43] 1 [1745,46]
[1745,46] 1 [1746,49]
[1746,49] 1 [1747,52]
[1747,52] 1 [1748,56]
[1748,56] 1 [1749,58]
[1749,58] 1 [1750,62]
[1750,62] 1 [1751,66]
[1751,66] 1 [1752,70]
[1752,70] 1 [1753,74]
[1753,74] 1 [1754,77]
[1754,77] 1 [1755,79]
[1755,79] 1 [1756,83]
[1756,83] 1 [1757,87]
[1757,87] 1 [1758,90]
[1758,90] 1 [1759,94]
[1759,94] 1 [1760,97]
[1760,97] 1 [1761,101]
[1761,101] 1 [1762,105]
[1762,105] 1 [1763,108]
[1763,108] 1 [1764,111]
[1764,111] 1 [1765,113]
[1765,113] 1 [1766,115]
[1766,115] 1 [1767,117]
[1767,117] 1 [1768,119]
[1768,119] 1 [1769,122]
[1769,122] 1 [1770,125]
[1770,125] 1 [1771,127]
[1771,127] 1 [1772,130]
[1772,130] 1 [1773,132]
[1773,132] 1 [1774,134]
[1774,134] 1 [1775,136]
[1775,136] 1 [1776,139]
[1776,139] 1 [1777,142]
[1777,142] 1 [1778,144]
[1778,144] 1 [1779,148]
[1779,148] 1 [1780,151]
[1780,151] 1 [1781,153]
[1781,153] 1 [1782,155]
[1782,155] 1 [1783,158]
[1783,158] 1 [1784,162]
[1784,162] 1 [1785,166]
[1785,166] 1 [1786,170]
[1786,170] 1 [1787,174]
[1787,174] 1 [1788,177]
[1788,177] 1 [1789,6]
[1789,6] 1 [1790,6]
[1790,6] 1 [1791,6]
[1791,6] 1 [1792,6]
[1792,6] 1 [1793,6]
[1793,6] 1 [1794,6]
[1794,6] 1 [1795,6]
[1795,6] 1 [1796,6]
[1796,6] 1 [1797,6]
[1797,6] 1 [1798,7]
[1798,7] 2 [1799,6]
[1799,6] 1 [1800,9]
[1800,9] 1 [1801,13]
[1801,13] 1 [1802,15]
[1802,15] 1 [1803,17]
[1803,17] 1 [1804,19]
[1804,19] 2 [1805,16]
[1805,16] 2 [1806,12]
[1806,12] 1 [1807,13]
[1807,13] 1 [1808,15]
[1808,15] 1 [1809,18]
[1809,18] 2 [1810,15]
[1810,15] 2 [1811,11]
[1811,11] 1 [1812,11]
[1812,11] 2 [1813,8]
[1813,8] 1 [1814,10]
[1814,10] 2 [1815,6]
[1815,6] 1 [1816,8]
[1816,8] 1 [1817,11]
[1817,11] 2 [1818,7]
[1818,7] 1 [1819,9]
[1819,9] 2 [1820,6]
[1820,6] 1 [1821,8]
[1821,8] 1 [1822,10]
[1822,10] 2 [1823,6]
[1823,6] 1 [1824,8]
[1824,8] 1 [1825,11]
[1825,11] 1 [1826,15]
[1826,15] 1 [1827,18]
[1827,18] 1 [1828,21]
[1828,21] 1 [1829,24]
[1829,24] 1 [1830,28]
[1830,28] 1 [1831,32]
[1831,32] 1 [1832,34]
[1832,34] 1 [1833,36]
[1833,36] 1 [1834,39]
[1834,39] 1 [1835,43]
[1835,43] 1 [1836,47]
[1836,47] 1 [1837,51]
[1837,51] 1 [1838,55]
[1838,55] 1 [1839,57]
[1839,57] 1 [1840,60]
[1840,60] 1 [1841,64]
[1841,64] 1 [1842,66]
[1842,66] 1 [1843,68]
[1843,68] 1 [1844,72]
[1844,72] 1 [1845,75]
[1845,75] 1 [1846,79]
[1846,79] 1 [1847,81]
[1847,81] 1 [1848,85]
[1848,85] 1 [1849,89]
[1849,89] 1 [1850,93]
[1850,93] 1 [1851,96]
[1851,96] 1 [1852,100]
[1852,100] 1 [1853,104]
[1853,104] 1 [1854,106]
[1854,106] 1 [1855,109]
[1855,109] 1 [1856,112]
[1856,112] 1 [1857,114]
[1857,114] 2 [1858,110]
[1858,110] 1 [1859,112]
[1859,112] 1 [1860,115]
[1860,115] 2 [1861,112]
[1861,112] 1 [1862,114]
[1862,114] 1 [1863,118]
[1863,118] 1 [1864,121]
[1864,121] 1 [1865,123]
[1865,123] 1 [1866,125]
[1866,125] 2 [1867,121]
[1867,121] 1 [1868,123]
[1868,123] 1 [1869,126]
[1869,126] 1 [1870,130]
[1870,130] 1 [1871,133]
[1871,133] 1 [1872,136]
[1872,136] 1 [1873,139]
[1873,139] 1 [1874,143]
[1874,143] 1 [1875,147]
[1875,147] 1 [1876,151]
[1876,151] 1 [1877,153]
[1877,153] 1 [1878,155]
[1878,155] 1 [1879,159]
[1879,159] 1 [1880,161]
[1880,161] 1 [1881,165]
[1881,165] 1 [1882,168]
[1882,168] 1 [1883,172]
[1883,172] 1 [1884,176]
[1884,176] 1 [1885,6]
[1885,6] 1 [1886,6]
[1886,6] 1 [1887,6]
[1887,6] 1 [1888,6]
[1888,6] 1 [1889,6]
[1889,6] 1 [1890,6]
[1890,6] 1 [1891,6]
[1891,6] 1 [1892,6]
[1892,6] 1 [1893,6]
[1893,6] 1 [1894,6]
[1894,6] 1 [1895,7]
[1895,7] 1 [1896,9]
[1896,9] 1 [1897,12]
[1897,12] 1 [1898,16]
[1898,16] 1 [1899,20]
[1899,20] 1 [1900,22]
[1900,22] 1 [1901,26]
[1901,26] 1 [1902,30]
[1902,30] 1 [1903,34]
[1903,34] 1 [1904,37]
[1904,37] 1 [1905,40]
[1905,40] 1 [1906,43]
[1906,43] 1 [1907,46]
[1907,46] 1 [1908,48]
[1908,48] 1 [1909,52]
[1909,52] 1 [1910,54]
[1910,54] 1 [1911,58]
[1911,58] 1 [1912,60]
[1912,60] 1 [1913,62]
[1913,62] 1 [1914,64]
[1914,64] 1 [1915,66]
[1915,66] 1 [1916,70]
[1916,70] 1 [1917,72]
[1917,72] 1 [1918,75]
[1918,75] 1 [1919,79]
[1919,79] 1 [1920,83]
[1920,83] 1 [1921,87]
[1921,87] 1 [1922,90]
[1922,90] 1 [1923,93]
[1923,93] 1 [1924,97]
[1924,97] 1 [1925,100]
[1925,100] 1 [1926,104]
[1926,104] 1 [1927,107]
[1927,107] 1 [1928,110]
[1928,110] 1 [1929,113]
[1929,113] 1 [1930,116]
[1930,116] 1 [1931,119]
[1931,119] 1 [1932,122]
[1932,122] 1 [1933,124]
[1933,124] 1 [1934,127]
[1934,127] 1 [1935,129]
[1935,129] 1 [1936,132]
[1936,132] 1 [1937,134]
[1937,134] 1 [1938,138]
[1938,138] 1 [1939,140]
[1939,140] 1 [1940,142]
[1940,142] 1 [1941,144]
[1941,144] 1 [1942,146]
[1942,146] 1 [1943,149]
[1943,149] 1 [1944,152]
[1944,152] 1 [1945,156]
[1945,156] 1 [1946,159]
[1946,159] 1 [1947,161]
[1947,161] 1 [1948,163]
[1948,163] 1 [1949,166]
[1949,166] 1 [1950,169]
[1950,169] 1 [1951,171]
[1951,171] 1 [1952,173]
[1952,173] 1 [1953,175]
[1953,175] 1 [1954,6]
[1954,6] 1 [1955,6]
[1955,6] 1 [1956,6]
[1956,6] 1 [1957,6]
[1957,6] 1 [1958,6]
[1958,6] 1 [1959,6]
[1959,6] 1 [1960,6]
[1960,6] 1 [1961,6]
[1961,6] 1 [1962,6]
[1962,6] 1 [1963,7]
[1963,7] 0 [1964,7]
[1964,7] 1 [1965,9]
[1965,9] 1 [1966,12]
[1966,12] 1 [1967,16]
[1967,16] 1 [1968,18]
[1968,18] 1 [1969,22]
[1969,22] 1 [1970,26]
[1970,26] 1 [1971,29]
[1971,29] 1 [1972,32]
[1972,32] 1 [1973,34]
[1973,34] 2 [1974,30]
[1974,30] 1 [1975,34]
[1975,34] 1 [1976,36]
[1976,36] 1 [1977,38]
[1977,38] 1 [1978,41]
[1978,41] 1 [1979,43]
[1979,43] 2 [1980,39]
[1980,39] 1 [1981,43]
[1981,43] 1 [1982,45]
[1982,45] 1 [1983,49]
[1983,49] 1 [1984,53]
[1984,53] 1 [1985,55]
[1985,55] 2 [1986,51]
[1986,51] 1 [1987,52]
[1987,52] 1 [1988,56]
[1988,56] 1 [1989,59]
[1989,59] 1 [1990,62]
[1990,62] 1 [1991,64]
[1991,64] 2 [1992,60]
[1992,60] 1 [1993,62]
[1993,62] 1 [1994,66]
[1994,66] 1 [1995,68]
[1995,68] 1 [1996,71]
[1996,71] 1 [1997,74]
[1997,74] 1 [1998,76]
[1998,76] 1 [1999,78]
[1999,78] 1 [2000,82]
[2000,82] 1 [2001,84]
[2001,84] 1 [2002,87]
[2002,87] 1 [2003,91]
[2003,91] 1 [2004,95]
[2004,95] 1 [2005,97]
[2005,97] 1 [2006,100]
[2006,100] 1 [2007,103]
[2007,103] 1 [2008,107]
[2008,107] 1 [2009,109]
[2009,109] 1 [2010,111]
[2010,111] 1 [2011,113]
[2011,113] 1 [2012,116]
[2012,116] 1 [2013,119]
[2013,119] 1 [2014,123]
[2014,123] 1 [2015,125]
[2015,125] 1 [2016,129]
[2016,129] 1 [2017,133]
[2017,133] 1 [2018,135]
[2018,135] 1 [2019,137]
[2019,137] 1 [2020,139]
[2020,139] 1 [2021,143]
[2021,143] 1 [2022,145]
[2022,145] 1 [2023,147]
[2023,147] 1 [2024,151]
[2024,151] 1 [2025,153]
[2025,153] 1 [2026,155]
[2026,155] 1 [2027,158]
[2027,158] 1 [2028,160]
[2028,160] 1 [2029,164]
[2029,164] 1 [2030,167]
[2030,167] 1 [2031,170]
[2031,170] 1 [2032,173]
[2032,173] 1 [2033,176]
[2033,176] 1 [2034,6]
[2034,6] 1 [2035,6]
[2035,6] 1 [2036,6]
[2036,6] 1 [2037,6]
[2037,6] 1 [2038,6]
[2038,6] 1 [2039,6]
[2039,6] 1 [2040,6]
[2040,6] 1 [2041,6]
[2041,6] 1 [2042,6]
[2042,6] 1 [2043,6]
[2043,6] 1 [2044,6]
[2044,6] 1 [2045,10]
[2045,10] 0 [2046,11]
[2046,11] 1 [2047,13]
[2047,13] 1 [2048,16]
[2048,16] 0 [2049,16]
[2049,16] 2 [2050,14]
[2050,14] 1 [2051,11]
[2051,11] 1 [2052,13]
[2052,13] 1 [2053,15]
[2053,15] 2 [2054,12]
[2054,12] 2 [2055,8]
[2055,8] 1 [2056,10]
[2056,10] 1 [2057,14]
[2057,14] 1 [2058,16]
[2058,16] 1 [2059,18]
[2059,18] 1 [2060,22]
[2060,22] 1 [2061,24]
[2061,24] 1 [2062,26]
[2062,26] 1 [2063,30]
[2063,30] 1 [2064,32]
[2064,32] 1 [2065,35]
[2065,35] 1 [2066,37]
[2066,37] 1 [2067,39]
[2067,39] 1 [2068,41]
[2068,41] 1 [2069,45]
[2069,45] 1 [2070,49]
[2070,49] 1 [2071,51]
[2071,51] 1 [2072,53]
[2072,53] 1 [2073,56]
[2073,56] 1 [2074,58]
[2074,58] 1 [2075,61]
[2075,61] 1 [2076,65]
[2076,65] 1 [2077,69]
[2077,69] 1 [2078,71]
[2078,71] 1 [2079,73]
[2079,73] 1 [2080,77]
[2080,77] 1 [2081,80]
[2081,80] 1 [2082,83]
[2082,83] 1 [2083,86]
[2083,86] 1 [2084,90]
[2084,90] 1 [2085,93]
[2085,93] 1 [2086,96]
[2086,96] 1 [2087,100]
[2087,100] 1 [2088,102]
[2088,102] 1 [2089,105]
[2089,105] 1 [2090,107]
[2090,107] 1 [2091,109]
[2091,109] 1 [2092,112]
[2092,112] 1 [2093,116]
[2093,116] 1 [2094,119]
[2094,119] 1 [2095,122]
[2095,122] 1 [2096,124]
[2096,124] 1 [2097,126]
[2097,126] 1 [2098,129]
[2098,129] 1 [2099,131]
[2099,131] 1 [2100,134]
[2100,134] 1 [2101,138]
[2101,138] 1 [2102,141]
[2102,141] 1 [2103,144]
[2103,144] 1 [2104,148]
[2104,148] 1 [2105,150]
[2105,150] 1 [2106,152]
[2106,152] 1 [2107,156]
[2107,156] 1 [2108,159]
[2108,159] 1 [2109,161]
[2109,161] 1 [2110,164]
[2110,164] 1 [2111,167]
[2111,167] 1 [2112,170]
[2112,170] 1 [2113,173]
[2113,173] 1 [2114,177]
[2114,177] 1 [2115,6]
[2115,6] 1 [2116,6]
[2116,6] 1 [2117,6]
[2117,6] 1 [2118,6]
[2118,6] 1 [2119,6]
[2119,6] 1 [2120,6]
[2120,6] 1 [2121,6]
[2121,6] 1 [2122,6]
[2122,6] 1 [2123,6]
[2123,6] 0 [2124,6]
[2124,6] 1 [2125,8]
[2125,8] 2 [2126,6]
[2126,6] 1 [2127,8]
[2127,8] 2 [2128,6]
[2128,6] 1 [2129,8]
[2129,8] 1 [2130,10]
[2130,10] 2 [2131,8]
[2131,8] 1 [2132,7]
[2132,7] 1 [2133,10]
[2133,10] 1 [2134,12]
[2134,12] 1 [2135,14]
[2135,14] 1 [2136,18]
[2136,18] 2 [2137,14]
[2137,14] 2 [2138,10]
[2138,10] 1 [2139,11]
[2139,11] 2 [2140,11]
[2140,11] 2 [2141,8]
[2141,8] 1 [2142,11]
[2142,11] 1 [2143,13]
[2143,13] 1 [2144,15]
[2144,15] 1 [2145,18]
[2145,18] 1 [2146,22]
[2146,22] 1 [2147,26]
[2147,26] 1 [2148,30]
[2148,30] 1 [2149,33]
[2149,33] 1 [2150,37]
[2150,37] 1 [2151,41]
[2151,41] 1 [2152,43]
[2152,43] 1 [2153,46]
[2153,46] 1 [2154,50]
[2154,50] 1 [2155,53]
[2155,53] 1 [2156,56]
[2156,56] 1 [2157,58]
[2157,58] 1 [2158,62]
[2158,62] 1 [2159,66]
[2159,66] 1 [2160,69]
[2160,69] 1 [2161,72]
[2161,72] 1 [2162,74]
[2162,74] 1 [2163,78]
[2163,78] 1 [2164,82]
[2164,82] 1 [2165,86]
[2165,86] 1 [2166,88]
[2166,88] 1 [2167,92]
[2167,92] 1 [2168,96]
[2168,96] 1 [2169,99]
[2169,99] 1 [2170,103]
[2170,103] 1 [2171,105]
[2171,105] 1 [2172,109]
[2172,109] 1 [2173,112]
[2173,112] 1 [2174,115]
[2174,115] 1 [2175,117]
[2175,117] 1 [2176,121]
[2176,121] 1 [2177,123]
[2177,123] 1 [2178,125]
[2178,125] 1 [2179,128]
[2179,128] 1 [2180,130]
[2180,130] 1 [2181,133]
[2181,133] 1 [2182,135]
[2182,135] 1 [2183,138]
[2183,138] 1 [2184,142]
[2184,142] 1 [2185,146]
[2185,146] 1 [2186,150]
[2186,150] 1 [2187,152]
[2187,152] 1 [2188,155]
[2188,155] 1 [2189,158]
[2189,158] 1 [2190,160]
[2190,160] 1 [2191,163]
[2191,163] 1 [2192,166]
[2192,166] 1 [2193,170]
[2193,170] 1 [2194,173]
[2194,173] 1 [2195,175]
[2195,175] 1 [2196,177]
[2196,177] 1 [2197,6]
[2197,6] 1 [2198,6]
[2198,6] 1 [2199,6]
[2199,6] 1 [2200,6]
[2200,6] 1 [2201,6]
[2201,6] 1 [2202,6]
[2202,6] 1 [2203,6]
[2203,6] 1 [2204,6]
[2204,6] 1 [2205,6]
[2205,6] 0 [2206,7]
[2206,7] 0 [2207,7]
[2207,7] 1 [2208,9]
[2208,9] 1 [2209,11]
[2209,11] 2 [2210,7]
[2210,7] 1 [2211,9]
[2211,9] 1 [2212,11]
[2212,11] 1 [2213,14]
[2213,14] 2 [2214,10]
[2214,10] 1 [2215,13]
[2215,13] 1 [2216,15]
[2216,15] 2 [2217,11]
[2217,11] 2 [2218,8]
[2218,8] 0 [2219,7]
[2219,7] 1 [2220,7]
[2220,7] 1 [2221,10]
[2221,10] 1 [2222,12]
[2222,12] 2 [2223,8]
[2223,8] 2 [2224,6]
[2224,6] 1 [2225,9]
[2225,9] 1 [2226,12]
[2226,12] 2 [2227,9]
[2227,9] 1 [2228,12]
[2228,12] 2 [2229,8]
[2229,8] 2 [2230,6]
[2230,6] 1 [2231,8]
[2231,8] 1 [2232,12]
[2232,12] 1 [2233,16]
[2233,16] 1 [2234,18]
[2234,18] 1 [2235,20]
[2235,20] 1 [2236,23]
[2236,23] 1 [2237,26]
[2237,26] 1 [2238,30]
[2238,30] 1 [2239,34]
[2239,34] 1 [2240,38]
[2240,38] 1 [2241,42]
[2241,42] 1 [2242,46]
[2242,46] 1 [2243,48]
[2243,48] 1 [2244,51]
[2244,51] 1 [2245,53]
[2245,53] 1 [2246,57]
[2246,57] 1 [2247,59]
[2247,59] 1 [2248,62]
[2248,62] 1 [2249,65]
[2249,65] 1 [2250,67]
[2250,67] 1 [2251,70]
[2251,70] 1 [2252,74]
[2252,74] 1 [2253,78]
[2253,78] 1 [2254,80]
[2254,80] 1 [2255,83]
[2255,83] 1 [2256,86]
[2256,86] 1 [2257,88]
[2257,88] 1 [2258,92]
[2258,92] 1 [2259,96]
[2259,96] 1 [2260,100]
[2260,100] 1 [2261,103]
[2261,103] 1 [2262,107]
[2262,107] 1 [2263,109]
[2263,109] 1 [2264,112]
[2264,112] 1 [2265,114]
[2265,114] 1 [2266,118]
[2266,118] 1 [2267,122]
[2267,122] 1 [2268,124]
[2268,124] 1 [2269,128]
[2269,128] 1 [2270,132]
[2270,132] 1 [2271,135]
[2271,135] 1 [2272,138]
[2272,138] 1 [2273,142]
[2273,142] 1 [2274,145]
[2274,145] 1 [2275,147]
[2275,147] 1 [2276,151]
[2276,151] 1 [2277,153]
[2277,153] 1 [2278,156]
[2278,156] 1 [2279,160]
[2279,160] 1 [2280,164]
[2280,164] 1 [2281,166]
[2281,166] 1 [2282,170]
[2282,170] 1 [2283,172]
[2283,172] 1 [2284,175]
[2284,175] 1 [2285,6]
[2285,6] 1 [2286,6]
[2286,6] 1 [2287,6]
[2287,6] 1 [2288,6]
[2288,6] 1 [2289,6]
[2289,6] 1 [2290,6]
[2290,6] 1 [2291,6]
[2291,6] 1 [2292,6]
[2292,6] 1 [2293,6]
[2293,6] 1 [2294,6]
[2294,6] 1 [2295,8]
[2295,8] 0 [2296,8]
[2296,8] 1 [2297,10]
[2297,10] 1 [2298,12]
[2298,12] 1 [2299,15]
[2299,15] 1 [2300,17]
[2300,17] 1 [2301,20]
[2301,20] 1 [2302,24]
[2302,24] 1 [2303,27]
[2303,27] 1 [2304,30]
[2304,30] 1 [2305,33]
[2305,33] 1 [2306,37]
[2306,37] 1 [2307,41]
[2307,41] 1 [2308,45]
[2308,45] 1 [2309,48]
[2309,48] 1 [2310,50]
[2310,50] 1 [2311,52]
[2311,52] 1 [2312,54]
[2312,54] 1 [2313,56]
[2313,56] 1 [2314,60]
[2314,60] 1 [2315,64]
[2315,64] 1 [2316,68]
[2316,68] 1 [2317,70]
[2317,70] 1 [2318,73]
[2318,73] 1 [2319,76]
[2319,76] 1 [2320,79]
[2320,79] 1 [2321,81]
[2321,81] 1 [2322,83]
[2322,83] 1 [2323,87]
[2323,87] 1 [2324,91]
[2324,91] 1 [2325,95]
[2325,95] 1 [2326,99]
[2326,99] 1 [2327,102]
[2327,102] 1 [2328,104]
[2328,104] 1 [2329,107]
[2329,107] 1 [2330,111]
[2330,111] 1 [2331,113]
[2331,113] 1 [2332,117]
[2332,117] 1 [2333,121]
[2333,121] 1 [2334,123]
[2334,123] 1 [2335,127]
[2335,127] 1 [2336,129]
[2336,129] 1 [2337,133]
[2337,133] 1 [2338,136]
[2338,136] 1 [2339,138]
[2339,138] 1 [2340,140]
[2340,140] 1 [2341,144]
[2341,144] 1 [2342,146]
[2342,146] 1 [2343,148]
[2343,148] 1 [2344,152]
[2344,152] 1 [2345,154]
[2345,154] 1 [2346,158]
[2346,158] 1 [2347,162]
[2347,162] 1 [2348,164]
[2348,164] 1 [2349,167]
[2349,167] 1 [2350,170]
[2350,170] 1 [2351,173]
[2351,173] 1 [2352,177]
[2352,177] 1 [2353,6]
[2353,6] 1 [2354,6]
[2354,6] 1 [2355,6]
[2355,6] 1 [2356,6]
[2356,6] 1 [2357,6]
[2357,6] 1 [2358,6]
[2358,6] 1 [2359,6]
[2359,6] 1 [2360,6]
[2360,6] 1 [2361,6]
[2361,6] 1 [2362,8]
[2362,8] 0 [2363,9]
[2363,9] 1 [2364,13]
[2364,13] 1 [2365,16]
[2365,16] 2 [2366,12]
[2366,12] 2 [2367,8]
[2367,8] 1 [2368,6]
[2368,6] 1 [2369,9]
[2369,9] 1 [2370,13]
[2370,13] 1 [2371,16]
[2371,16] 1 [2372,20]
[2372,20] 2 [2373,19]
[2373,19] 1 [2374,18]
[2374,18] 1 [2375,21]
[2375,21] 1 [2376,25]
[2376,25] 1 [2377,28]
[2377,28] 1 [2378,31]
[2378,31] 1 [2379,34]
[2379,34] 1 [2380,36]
[2380,36] 1 [2381,38]
[2381,38] 1 [2382,42]
[2382,42] 1 [2383,44]
[2383,44] 1 [2384,48]
[2384,48] 1 [2385,51]
[2385,51] 1 [2386,54]
[2386,54] 1 [2387,58]
[2387,58] 1 [2388,62]
[2388,62] 1 [2389,66]
[2389,66] 1 [2390,69]
[2390,69] 1 [2391,71]
[2391,71] 1 [2392,73]
[2392,73] 1 [2393,77]
[2393,77] 1 [2394,79]
[2394,79] 1 [2395,81]
[2395,81] 1 [2396,85]
[2396,85] 1 [2397,89]
[2397,89] 1 [2398,92]
[2398,92] 1 [2399,94]
[2399,94] 1 [2400,96]
[2400,96] 1 [2401,99]
[2401,99] 1 [2402,101]
[2402,101] 1 [2403,103]
[2403,103] 1 [2404,107]
[2404,107] 1 [2405,110]
[2405,110] 1 [2406,113]
[2406,113] 1 [2407,115]
[2407,115] 1 [2408,119]
[2408,119] 1 [2409,122]
[2409,122] 1 [2410,125]
[2410,125] 1 [2411,128]
[2411,128] 1 [2412,130]
[2412,130] 1 [2413,132]
[2413,132] 1 [2414,134]
[2414,134] 1 [2415,136]
[2415,136] 1 [2416,139]
[2416,139] 1 [2417,141]
[2417,141] 1 [2418,144]
[2418,144] 1 [2419,148]
[2419,148] 1 [2420,152]
[2420,152] 1 [2421,155]
[2421,155] 1 [2422,157]
[2422,157] 1 [2423,161]
[2423,161] 1 [2424,163]
[2424,163] 1 [2425,166]
[2425,166] 1 [2426,169]
[2426,169] 1 [2427,172]
[2427,172] 1 [2428,175]
[2428,175] 1 [2429,177]
[2429,177] 1 [2430,6]
[2430,6] 1 [2431,6]
[2431,6] 1 [2432,6]
[2432,6] 1 [2433,6]
[2433,6] 1 [2434,6]
[2434,6] 1 [2435,6]
[2435,6] 1 [2436,6]
[2436,6] 1 [2437,6]
[2437,6] 1 [2438,7]
[2438,7] 1 [2439,9]
[2439,9] 2 [2440,7]
[2440,7] 1 [2441,7]
[2441,7] 1 [2442,11]
[2442,11] 2 [2443,7]
[2443,7] 1 [2444,9]
[2444,9] 1 [2445,12]
[2445,12] 1 [2446,15]
[2446,15] 2 [2447,12]
[2447,12] 2 [2448,9]
[2448,9] 1 [2449,11]
[2449,11] 2 [2450,8]
[2450,8] 1 [2451,11]
[2451,11] 2 [2452,7]
[2452,7] 1 [2453,10]
[2453,10] 1 [2454,14]
[2454,14] 1 [2455,17]
[2455,17] 2 [2456,16]
[2456,16] 2 [2457,14]
[2457,14] 1 [2458,12]
[2458,12] 1 [2459,12]
[2459,12] 1 [2460,14]
[2460,14] 1 [2461,16]
[2461,16] 2 [2462,12]
[2462,12] 2 [2463,9]
[2463,9] 1 [2464,11]
[2464,11] 1 [2465,13]
[2465,13] 1 [2466,15]
[2466,15] 1 [2467,19]
[2467,19] 1 [2468,21]
[2468,21] 1 [2469,25]
[2469,25] 1 [2470,28]
[2470,28] 1 [2471,32]
[2471,32] 1 [2472,34]
[2472,34] 1 [2473,36]
[2473,36] 1 [2474,38]
[2474,38] 1 [2475,42]
[2475,42] 1 [2476,45]
[2476,45] 1 [2477,49]
[2477,49] 1 [2478,52]
[2478,52] 1 [2479,54]
[2479,54] 1 [2480,57]
[2480,57] 1 [2481,60]
[2481,60] 1 [2482,64]
[2482,64] 1 [2483,68]
[2483,68] 1 [2484,71]
[2484,71] 1 [2485,75]
[2485,75] 1 [2486,78]
[2486,78] 1 [2487,81]
[2487,81] 1 [2488,83]
[2488,83] 1 [2489,86]
[2489,86] 1 [2490,89]
[2490,89] 1 [2491,92]
[2491,92] 1 [2492,94]
[2492,94] 1 [2493,98]
[2493,98] 1 [2494,101]
[2494,101] 1 [2495,103]
[2495,103] 1 [2496,105]
[2496,105] 1 [2497,107]
[2497,107] 1 [2498,109]
[2498,109] 1 [2499,111]
[2499,111] 1 [2500,115]
[2500,115] 1 [2501,118]
[2501,118] 2 [2502,116]
[2502,116] 2 [2503,112]
[2503,112] 2 [2504,109]
[2504,109] 1 [2505,109]
[2505,109] 1 [2506,112]
[2506,112] 1 [2507,114]
[2507,114] 1 [2508,117]
[2508,117] 1 [2509,119]
[2509,119] 1 [2510,123]
[2510,123] 1 [2511,127]
[2511,127] 1 [2512,129]
[2512,129] 1 [2513,131]
[2513,131] 1 [2514,133]
[2514,133] 1 [2515,135]
[2515,135] 1 [2516,138]
[2516,138] 1 [2517,142]
[2517,142] 1 [2518,145]
[2518,145] 1 [2519,149]
[2519,149] 1 [2520,152]
[2520,152] 1 [2521,154]
[2521,154] 1 [2522,158]
[2522,158] 1 [2523,162]
[2523,162] 1 [2524,165]
[2524,165] 1 [2525,167]
[2525,167] 1 [2526,171]
[2526,171] 1 [2527,173]
[2527,173] 1 [2528,177]
[2528,177] 1 [2529,6]
[2529,6] 1 [2530,6]
[2530,6] 1 [2531,6]
[2531,6] 1 [2532,6]
[2532,6] 1 [2533,6]
[2533,6] 1 [2534,6]
[2534,6] 1 [2535,6]
[2535,6] 1 [2536,6]
[2536,6] 1 [2537,6]
[2537,6] 1 [2538,6]
[2538,6] 2 [2539,6]
[2539,6] 1 [2540,8]
[2540,8] 1 [2541,10]
[2541,10] 1 [2542,14]
[2542,14] 1 [2543,18]
[2543,18] 1 [2544,21]
[2544,21] 1 [2545,23]
[2545,23] 2 [2546,19]
[2546,19] 2 [2547,16]
[2547,16] 0 [2548,15]
[2548,15] 2 [2549,13]
[2549,13] 2 [2550,10]
[2550,10] 1 [2551,12]
[2551,12] 2 [2552,8]
[2552,8] 1 [2553,10]
[2553,10] 1 [2554,12]
[2554,12] 1 [2555,16]
[2555,16] 1 [2556,19]
[2556,19] 1 [2557,23]
[2557,23] 1 [2558,27]
[2558,27] 1 [2559,31]
[2559,31] 1 [2560,35]
[2560,35] 2 [2561,31]
[2561,31] 1 [2562,34]
[2562,34] 1 [2563,38]
[2563,38] 1 [2564,41]
[2564,41] 1 [2565,44]
[2565,44] 1 [2566,47]
[2566,47] 1 [2567,51]
[2567,51] 1 [2568,55]
[2568,55] 1 [2569,59]
[2569,59] 1 [2570,61]
[2570,61] 1 [2571,63]
[2571,63] 1 [2572,67]
[2572,67] 1 [2573,69]
[2573,69] 1 [2574,73]
[2574,73] 1 [2575,76]
[2575,76] 1 [2576,79]
[2576,79] 1 [2577,83]
[2577,83] 1 [2578,86]
[2578,86] 1 [2579,90]
[2579,90] 1 [2580,94]
[2580,94] 1 [2581,96]
[2581,96] 1 [2582,99]
[2582,99] 1 [2583,102]
[2583,102] 1 [2584,105]
[2584,105] 1 [2585,109]
[2585,109] 2 [2586,105]
[2586,105] 1 [2587,107]
[2587,107] 2 [2588,103]
[2588,103] 1 [2589,106]
[2589,106] 1 [2590,108]
[2590,108] 1 [2591,112]
[2591,112] 1 [2592,114]
[2592,114] 1 [2593,116]
[2593,116] 1 [2594,118]
[2594,118] 1 [2595,121]
[2595,121] 1 [2596,124]
[2596,124] 1 [2597,126]
[2597,126] 1 [2598,130]
[2598,130] 1 [2599,133]
[2599,133] 1 [2600,136]
[2600,136] 1 [2601,140]
[2601,140] 1 [2602,144]
[2602,144] 1 [2603,147]
[2603,147] 1 [2604,149]
[2604,149] 1 [2605,151]
[2605,151] 1 [2606,153]
[2606,153] 1 [2607,157]
[2607,157] 1 [2608,161]
[2608,161] 1 [2609,163]
[2609,163] 1 [2610,165]
[2610,165] 1 [2611,167]
[2611,167] 1 [2612,171]
[2612,171] 1 [2613,175]
[2613,175] 1 [2614,177]
[2614,177] 1 [2615,6]
[2615,6] 1 [2616,6]
[2616,6] 1 [2617,6]
[2617,6] 1 [2618,6]
[2618,6] 1 [2619,6]
[2619,6] 1 [2620,6]
[2620,6] 1 [2621,6]
[2621,6] 1 [2622,6]
[2622,6] 1 [2623,6]
[2623,6] 1 [2624,8]
[2624,8] 1 [2625,10]
[2625,10] 1 [2626,14]
[2626,14] 1 [2627,18]
[2627,18] 2 [2628,15]
[2628,15] 1 [2629,19]
[2629,19] 2 [2630,15]
[2630,15] 2 [2631,11]
[2631,11] 1 [2632,13]
[2632,13] 1 [2633,17]
[2633,17] 1 [2634,19]
[2634,19] 1 [2635,22]
[2635,22] 1 [2636,24]
[2636,24] 1 [2637,28]
[2637,28] 1 [2638,32]
[2638,32] 0 [2639,33]
[2639,33] 1 [2640,35]
[2640,35] 1 [2641,39]
[2641,39] 1 [2642,42]
[2642,42] 1 [2643,44]
[2643,44] 1 [2644,48]
[2644,48] 1 [2645,52]
[2645,52] 1 [2646,55]
[2646,55] 1 [2647,58]
[2647,58] 1 [2648,60]
[2648,60] 1 [2649,64]
[2649,64] 1 [2650,68]
[2650,68] 1 [2651,72]
[2651,72] 1 [2652,75]
[2652,75] 1 [2653,77]
[2653,77] 1 [2654,79]
[2654,79] 1 [2655,82]
[2655,82] 1 [2656,85]
[2656,85] 1 [2657,89]
[2657,89] 1 [2658,93]
[2658,93] 1 [2659,97]
[2659,97] 1 [2660,101]
[2660,101] 1 [2661,104]
[2661,104] 1 [2662,107]
[2662,107] 1 [2663,110]
[2663,110] 1 [2664,114]
[2664,114] 1 [2665,118]
[2665,118] 1 [2666,122]
[2666,122] 1 [2667,124]
[2667,124] 1 [2668,128]
[2668,128] 1 [2669,131]
[2669,131] 1 [2670,135]
[2670,135] 1 [2671,138]
[2671,138] 1 [2672,141]
[2672,141] 1 [2673,144]
[2673,144] 1 [2674,148]
[2674,148] 1 [2675,152]
[2675,152] 1 [2676,155]
[2676,155] 1 [2677,157]
[2677,157] 1 [2678,161]
[2678,161] 1 [2679,164]
[2679,164] 1 [2680,166]
[2680,166] 1 [2681,169]
[2681,169] 1 [2682,172]
[2682,172] 1 [2683,176]
