[0,6] 1 [1,8]
[1,8] 1 [2,10]
[2,10] 1 [3,13]
[3,13] 1 [4,17]
[4,17] 1 [5,21]
[5,21] 1 [6,23]
[6,23] 1 [7,27]
[7,27] 1 [8,29]
[8,29] 1 [9,32]
[9,32] 1 [10,34]
[10,34] 1 [11,38]
[11,38] 1 [12,41]
[12,41] 1 [13,45]
[13,45] 1 [14,48]
[14,48] 1 [15,51]
[15,51] 1 [16,55]
[16,55] 1 [17,57]
[17,57] 1 [18,61]
[18,61] 1 [19,63]
[19,63] 1 [20,66]
[20,66] 1 [21,70]
[21,70] 1 [22,72]
[22,72] 1 [23,75]
[23,75] 1 [24,78]
[24,78] 1 [25,80]
[25,80] 1 [26,84]
[26,84] 1 [27,87]
[27,87] 1 [28,90]
[28,90] 1 [29,93]
[29,93] 1 [30,96]
[30,96] 1 [31,99]
[31,99] 1 [32,103]
[32,103] 1 [33,107]
[33,107] 1 [34,109]
[34,109] 1 [35,113]
[35,113] 1 [36,116]
[36,116] 1 [37,118]
[37,118] 1 [38,121]
[38,121] 1 [39,125]
[39,125] 1 [40,128]
[40,128] 1 [41,132]
[41,132] 1 [42,136]
[42,136] 1 [43,139]
[43,139] 1 [44,143]
[44,143] 1 [45,146]
[45,146] 1 [46,149]
[46,149] 1 [47,153]
[47,153] 1 [48,156]
[48,156] 1 [49,159]
[49,159] 1 [50,162]
[50,162] 1 [51,166]
[51,166] 1 [52,168]
[52,168] 1 [53,171]
[53,171] 1 [54,175]
[54,175] 1 [55,177]
[55,177] 1 [56,6]
[56,6] 1 [57,6]
[57,6] 1 [58,6]
[58,6] 1 [59,6]
[59,6] 1 [60,6]
[60,6] 1 [61,6]
[61,6] 1 [62,6]
[62,6] 1 [63,6]
[63,6] 1 [64,8]
[64,8] 0 [65,8]
[65,8] 1 [66,10]
[66,10] 1 [67,13]
[67,13] 2 [68,10]
[68,10] 1 [69,12]
[69,12] 2 [70,8]
[70,8] 2 [71,6]
[71,6] 1 [72,8]
[72,8] 1 [73,11]
[73,11] 0 [74,11]
[74,11] 2 [75,9]
[75,9] 0 [76,8]
[76,8] 0 [77,8]
[77,8] 2 [78,6]
[78,6] 1 [79,8]
[79,8] 0 [80,10]
[80,10] 1 [81,12]
[81,12] 2 [82,8]
[82,8] 1 [83,10]
[83,10] 0 [84,11]
[84,11] 0 [85,11]
[85,11] 1 [86,13]
[86,13] 1 [87,16]
[87,16] 1 [88,20]
[88,20] 1 [89,24]
[89,24] 1 [90,27]
[90,27] 1 [91,30]
[91,30] 1 [92,33]
[92,33] 1 [93,37]
[93,37] 1 [94,39]
[94,39] 1 [95,41]
[95,41] 1 [96,44]
[96,44] 1 [97,46]
[97,46] 1 [98,48]
[98,48] 1 [99,51]
[99,51] 1 [100,53]
[100,53] 1 [101,56]
[101,56] 1 [102,59]
[102,59] 1 [103,63]
[103,63] 1 [104,67]
[104,67] 1 [105,69]
[105,69] 1 [106,71]
[106,71] 1 [107,74]
[107,74] 1 [108,76]
[108,76] 1 [109,78]
[109,78] 1 [110,80]
[110,80] 1 [111,82]
[111,82] 1 [112,85]
[112,85] 1 [113,88]
[113,88] 1 [114,91]
[114,91] 1 [115,95]
[115,95] 1 [116,98]
[116,98] 1 [117,101]
[117,101] 1 [118,103]
[118,103] 1 [119,105]
[119,105] 1 [120,107]
[120,107] 1 [121,111]
[121,111] 1 [122,113]
[122,113] 1 [123,117]
[123,117] 1 [124,119]
[124,119] 1 [125,122]
[125,122] 1 [126,126]
[126,126] 1 [127,129]
[127,129] 1 [128,133]
[128,133] 1 [129,135]
[129,135] 1 [130,138]
[130,138] 1 [131,140]
[131,140] 1 [132,144]
[132,144] 1 [133,146]
[133,146] 1 [134,150]
[134,150] 1 [135,154]
[135,154] 1 [136,158]
[136,158] 1 [137,160]
[137,160] 1 [138,162]
[138,162] 1 [139,166]
[139,166] 1 [140,168]
[140,168] 1 [141,171]
[141,171] 1 [142,174]
[142,174] 1 [143,177]
[143,177] 1 [144,6]
[144,6] 1 [145,6]
[145,6] 1 [146,6]
[146,6] 1 [147,6]
[147,6] 1 [148,6]
[148,6] 1 [149,6]
[149,6] 1 [150,6]
[150,6] 1 [151,6]
[151,6] 1 [152,6]
[152,6] 1 [153,9]
[153,9] 1 [154,12]
[154,12] 0 [155,14]
[155,14] 1 [156,18]
[156,18] 1 [157,20]
[157,20] 1 [158,24]
[158,24] 1 [159,27]
[159,27] 1 [160,30]
[160,30] 1 [161,34]
[161,34] 1 [162,37]
[162,37] 1 [163,41]
[163,41] 1 [164,44]
[164,44] 1 [165,47]
[165,47] 1 [166,51]
[166,51] 1 [167,54]
[167,54] 1 [168,57]
[168,57] 1 [169,59]
[169,59] 1 [170,62]
[170,62] 1 [171,64]
[171,64] 1 [172,68]
[172,68] 1 [173,70]
[173,70] 1 [174,73]
[174,73] 1 [175,75]
[175,75] 1 [176,77]
[176,77] 1 [177,80]
[177,80] 1 [178,82]
[178,82] 1 [179,86]
[179,86] 1 [180,90]
[180,90] 1 [181,92]
[181,92] 1 [182,95]
[182,95] 1 [183,98]
[183,98] 1 [184,101]
[184,101] 1 [185,105]
[185,105] 1 [186,107]
[186,107] 1 [187,109]
[187,109] 1 [188,112]
[188,112] 1 [189,114]
[189,114] 1 [190,116]
[190,116] 1 [191,120]
[191,120] 1 [192,122]
[192,122] 1 [193,126]
[193,126] 1 [194,128]
[194,128] 1 [195,132]
[195,132] 1 [196,134]
[196,134] 1 [197,138]
[197,138] 1 [198,141]
[198,141] 1 [199,145]
[199,145] 1 [200,148]
[200,148] 1 [201,150]
[201,150] 1 [202,153]
[202,153] 1 [203,156]
[203,156] 1 [204,158]
[204,158] 1 [205,162]
[205,162] 1 [206,165]
[206,165] 1 [207,168]
[207,168] 1 [208,172]
[208,172] 1 [209,176]
[209,176] 1 [210,6]
[210,6] 1 [211,6]
[211,6] 1 [212,6]
[212,6] 1 [213,6]
[213,6] 1 [214,6]
[214,6] 1 [215,6]
[215,6] 1 [216,6]
[216,6] 1 [217,6]
[217,6] 1 [218,6]
[218,6] 1 [219,8]
[219,8] 2 [220,7]
[220,7] 1 [221,8]
[221,8] 1 [222,10]
[222,10] 1 [223,12]
[223,12] 1 [224,15]
[224,15] 1 [225,19]
[225,19] 2 [226,15]
[226,15] 2 [227,11]
[227,11] 1 [228,12]
[228,12] 1 [229,15]
[229,15] 2 [230,11]
[230,11] 1 [231,13]
[231,13] 2 [232,10]
[232,10] 1 [233,10]
[233,10] 1 [234,13]
[234,13] 1 [235,15]
[235,15] 1 [236,19]
[236,19] 2 [237,15]
[237,15] 2 [238,11]
[238,11] 1 [239,14]
[239,14] 1 [240,17]
[240,17] 1 [241,20]
[241,20] 1 [242,23]
[242,23] 1 [243,25]
[243,25] 1 [244,27]
[244,27] 1 [245,30]
[245,30] 1 [246,32]
[246,32] 1 [247,35]
[247,35] 1 [248,37]
[248,37] 1 [249,40]
[249,40] 1 [250,43]
[250,43] 1 [251,45]
[251,45] 1 [252,47]
[252,47] 1 [253,49]
[253,49] 1 [254,51]
[254,51] 1 [255,55]
[255,55] 1 [256,58]
[256,58] 1 [257,61]
[257,61] 1 [258,65]
[258,65] 1 [259,68]
[259,68] 1 [260,70]
[260,70] 1 [261,73]
[261,73] 1 [262,77]
[262,77] 1 [263,79]
[263,79] 1 [264,81]
[264,81] 1 [265,84]
[265,84] 1 [266,87]
[266,87] 1 [267,91]
[267,91] 1 [268,93]
[268,93] 1 [269,95]
[269,95] 1 [270,97]
[270,97] 1 [271,101]
[271,101] 1 [272,103]
[272,103] 1 [273,107]
[273,107] 1 [274,111]
[274,111] 1 [275,114]
[275,114] 1 [276,118]
[276,118] 1 [277,120]
[277,120] 1 [278,124]
[278,124] 1 [279,127]
[279,127] 1 [280,130]
[280,130] 1 [281,134]
[281,134] 1 [282,137]
[282,137] 1 [283,140]
[283,140] 1 [284,143]
[284,143] 1 [285,145]
[285,145] 1 [286,149]
[286,149] 1 [287,151]
[287,151] 1 [288,155]
[288,155] 1 [289,157]
[289,157] 1 [290,161]
[290,161] 1 [291,163]
[291,163] 1 [292,167]
[292,167] 1 [293,170]
[293,170] 1 [294,173]
[294,173] 1 [295,175]
[295,175] 1 [296,6]
[296,6] 1 [297,6]
[297,6] 1 [298,6]
[298,6] 1 [299,6]
[299,6] 1 [300,6]
[300,6] 1 [301,6]
[301,6] 1 [302,6]
[302,6] 1 [303,6]
[303,6] 1 [304,6]
[304,6] 1 [305,6]
[305,6] 0 [306,7]
[306,7] 2 [307,6]
[307,6] 1 [308,8]
[308,8] 2 [309,6]
[309,6] 1 [310,8]
[310,8] 1 [311,11]
[311,11] 1 [312,14]
[312,14] 2 [313,10]
[313,10] 1 [314,12]
[314,12] 2 [315,8]
[315,8] 1 [316,10]
[316,10] 1 [317,12]
[317,12] 2 [318,8]
[318,8] 2 [319,6]
[319,6] 1 [320,8]
[320,8] 1 [321,11]
[321,11] 2 [322,8]
[322,8] 1 [323,10]
[323,10] 1 [324,13]
[324,13] 1 [325,17]
[325,17] 1 [326,21]
[326,21] 1 [327,25]
[327,25] 1 [328,27]
[328,27] 1 [329,31]
[329,31] 1 [330,33]
[330,33] 1 [331,36]
[331,36] 1 [332,38]
[332,38] 1 [333,42]
[333,42] 1 [334,46]
[334,46] 1 [335,50]
[335,50] 1 [336,53]
[336,53] 1 [337,57]
[337,57] 1 [338,59]
[338,59] 1 [339,62]
[339,62] 1 [340,66]
[340,66] 1 [341,70]
[341,70] 1 [342,74]
[342,74] 1 [343,77]
[343,77] 1 [344,80]
[344,80] 1 [345,84]
[345,84] 1 [346,88]
[346,88] 1 [347,90]
[347,90] 1 [348,93]
[348,93] 1 [349,95]
[349,95] 1 [350,99]
[350,99] 1 [351,103]
[351,103] 1 [352,105]
[352,105] 1 [353,108]
[353,108] 1 [354,112]
[354,112] 1 [355,115]
[355,115] 1 [356,118]
[356,118] 1 [357,120]
[357,120] 2 [358,116]
[358,116] 2 [359,113]
[359,113] 1 [360,114]
[360,114] 1 [361,118]
[361,118] 1 [362,121]
[362,121] 1 [363,123]
[363,123] 1 [364,126]
[364,126] 1 [365,130]
[365,130] 1 [366,134]
[366,134] 1 [367,138]
[367,138] 1 [368,140]
[368,140] 1 [369,142]
[369,142] 1 [370,144]
[370,144] 1 [371,148]
[371,148] 1 [372,152]
[372,152] 1 [373,155]
[373,155] 1 [374,158]
[374,158] 1 [375,161]
[375,161] 1 [376,163]
[376,163] 1 [377,165]
[377,165] 1 [378,168]
[378,168] 1 [379,171]
[379,171] 1 [380,173]
[380,173] 1 [381,177]
[381,177] 1 [382,6]
[382,6] 1 [383,6]
[383,6] 1 [384,6]
[384,6] 1 [385,6]
[385,6] 1 [386,6]
[386,6] 1 [387,6]
[387,6] 1 [388,6]
[388,6] 1 [389,6]
[389,6] 1 [390,6]
[390,6] 1 [391,6]
[391,6] 1 [392,10]
[392,10] 1 [393,14]
[393,14] 0 [394,16]
[394,16] 1 [395,19]
[395,19] 0 [396,19]
[396,19] 2 [397,15]
[397,15] 2 [398,11]
[398,11] 1 [399,10]
[399,10] 1 [400,14]
[400,14] 2 [401,10]
[401,10] 1 [402,9]
[402,9] 1 [403,12]
[403,12] 1 [404,15]
[404,15] 2 [405,11]
[405,11] 2 [406,8]
[406,8] 1 [407,11]
[407,11] 1 [408,14]
[408,14] 1 [409,16]
[409,16] 1 [410,20]
[410,20] 1 [411,24]
[411,24] 1 [412,28]
[412,28] 1 [413,32]
[413,32] 1 [414,35]
[414,35] 1 [415,39]
[415,39] 1 [416,41]
[416,41] 1 [417,44]
[417,44] 1 [418,46]
[418,46] 1 [419,48]
[419,48] 1 [420,52]
[420,52] 1 [421,56]
[421,56] 1 [422,59]
[422,59] 1 [423,61]
[423,61] 1 [424,63]
[424,63] 1 [425,67]
[425,67] 1 [426,69]
[426,69] 1 [427,71]
[427,71] 1 [428,73]
[428,73] 1 [429,77]
[429,77] 1 [430,81]
[430,81] 1 [431,84]
[431,84] 1 [432,86]
[432,86] 1 [433,89]
[433,89] 1 [434,93]
[434,93] 1 [435,97]
[435,97] 2 [436,95]
[436,95] 2 [437,92]
[437,92] 1 [438,95]
[438,95] 1 [439,97]
[439,97] 1 [440,100]
[440,100] 1 [441,104]
[441,104] 1 [442,106]
[442,106] 1 [443,110]
[443,110] 1 [444,112]
[444,112] 1 [445,116]
[445,116] 1 [446,119]
[446,119] 1 [447,123]
[447,123] 1 [448,127]
[448,127] 1 [449,130]
[449,130] 1 [450,133]
[450,133] 1 [451,136]
[451,136] 1 [452,138]
[452,138] 1 [453,140]
[453,140] 1 [454,144]
[454,144] 1 [455,148]
[455,148] 1 [456,152]
[456,152] 1 [457,156]
[457,156] 1 [458,158]
[458,158] 1 [459,161]
[459,161] 1 [460,164]
[460,164] 1 [461,168]
[461,168] 1 [462,172]
[462,172] 1 [463,176]
[463,176] 1 [464,6]
[464,6] 1 [465,6]
[465,6] 1 [466,6]
[466,6] 1 [467,6]
[467,6] 1 [468,6]
[468,6] 1 [469,6]
[469,6] 1 [470,6]
[470,6] 1 [471,6]
[471,6] 1 [472,6]
[472,6] 1 [473,9]
[473,9] 1 [474,13]
[474,13] 1 [475,16]
[475,16] 1 [476,19]
[476,19] 0 [477,19]
[477,19] 2 [478,16]
[478,16] 2 [479,12]
[479,12] 2 [480,10]
[480,10] 1 [481,10]
[481,10] 1 [482,12]
[482,12] 1 [483,16]
[483,16] 1 [484,20]
[484,20] 1 [485,24]
[485,24] 1 [486,26]
[486,26] 1 [487,29]
[487,29] 1 [488,31]
[488,31] 1 [489,34]
[489,34] 1 [490,37]
[490,37] 1 [491,41]
[491,41] 1 [492,43]
[492,43] 1 [493,46]
[493,46] 1 [494,50]
[494,50] 1 [495,53]
[495,53] 1 [496,56]
[496,56] 1 [497,60]
[497,60] 1 [498,62]
[498,62] 1 [499,65]
[499,65] 1 [500,69]
[500,69] 1 [501,72]
[501,72] 1 [502,76]
[502,76] 1 [503,79]
[503,79] 1 [504,82]
[504,82] 1 [505,85]
[505,85] 1 [506,87]
[506,87] 1 [507,91]
[507,91] 1 [508,93]
[508,93] 1 [509,95]
[509,95] 1 [510,98]
[510,98] 1 [511,101]
[511,101] 1 [512,103]
[512,103] 1 [513,106]
[513,106] 1 [514,109]
[514,109] 1 [515,112]
[515,112] 1 [516,116]
[516,116] 1 [517,120]
[517,120] 1 [518,122]
[518,122] 1 [519,126]
[519,126] 1 [520,129]
[520,129] 1 [521,133]
[521,133] 1 [522,137]
[522,137] 1 [523,140]
[523,140] 1 [524,143]
[524,143] 1 [525,145]
[525,145] 1 [526,148]
[526,148] 1 [527,150]
[527,150] 1 [528,153]
[528,153] 1 [529,155]
[529,155] 1 [530,159]
[530,159] 1 [531,161]
[531,161] 1 [532,163]
[532,163] 1 [533,167]
[533,167] 1 [534,169]
[534,169] 1 [535,173]
[535,173] 1 [536,175]
[536,175] 1 [537,177]
[537,177] 1 [538,6]
[538,6] 1 [539,6]
[539,6] 1 [540,6]
[540,6] 1 [541,6]
[541,6] 1 [542,6]
[542,6] 1 [543,6]
[543,6] 1 [544,6]
[544,6] 1 [545,6]
[545,6] 1 [546,6]
[546,6] 1 [547,7]
[547,7] 1 [548,10]
[548,10] 1 [549,12]
[549,12] 2 [550,8]
[550,8] 1 [551,12]
[551,12] 1 [552,15]
[552,15] 1 [553,17]
[553,17] 1 [554,20]
[554,20] 1 [555,22]
[555,22] 1 [556,24]
[556,24] 1 [557,28]
[557,28] 1 [558,30]
[558,30] 1 [559,34]
[559,34] 1 [560,36]
[560,36] 1 [561,39]
[561,39] 1 [562,43]
[562,43] 1 [563,46]
[563,46] 1 [564,48]
[564,48] 1 [565,50]
[565,50] 1 [566,52]
[566,52] 1 [567,55]
[567,55] 1 [568,58]
[568,58] 1 [569,60]
[569,60] 1 [570,63]
[570,63] 1 [571,66]
[571,66] 1 [572,68]
[572,68] 1 [573,72]
[573,72] 1 [574,76]
[574,76] 1 [575,79]
[575,79] 1 [576,83]
[576,83] 1 [577,86]
[577,86] 1 [578,88]
[578,88] 1 [579,92]
[579,92] 1 [580,96]
[580,96] 1 [581,98]
[581,98] 1 [582,102]
[582,102] 1 [583,105]
[583,105] 1 [584,108]
[584,108] 1 [585,112]
[585,112] 1 [586,115]
[586,115] 1 [587,119]
[587,119] 1 [588,123]
[588,123] 1 [589,126]
[589,126] 1 [590,130]
[590,130] 1 [591,133]
[591,133] 1 [592,136]
[592,136] 1 [593,138]
[593,138] 1 [594,142]
[594,142] 1 [595,144]
[595,144] 1 [596,147]
[596,147] 1 [597,151]
[597,151] 1 [598,154]
[598,154] 1 [599,156]
[599,156] 1 [600,158]
[600,158] 1 [601,160]
[601,160] 1 [602,164]
[602,164] 1 [603,167]
[603,167] 1 [604,169]
[604,169] 1 [605,171]
[605,171] 1 [606,173]
[606,173] 1 [607,177]
[607,177] 1 [608,6]
[608,6] 1 [609,6]
[609,6] 1 [610,6]
[610,6] 1 [611,6]
[611,6] 1 [612,6]
[612,6] 1 [613,6]
[613,6] 1 [614,6]
[614,6] 1 [615,6]
[615,6] 1 [616,6]
[616,6] 1 [617,10]
[617,10] 0 [618,10]
[618,10] 1 [619,14]
[619,14] 1 [620,18]
[620,18] 1 [621,21]
[621,21] 1 [622,23]
[622,23] 2 [623,20]
[623,20] 0 [624,19]
[624,19] 2 [625,17]
[625,17] 1 [626,16]
[626,16] 1 [627,18]
[627,18] 1 [628,20]
[628,20] 1 [629,22]
[629,22] 1 [630,24]
[630,24] 1 [631,26]
[631,26] 1 [632,28]
[632,28] 1 [633,31]
[633,31] 1 [634,34]
[634,34] 1 [635,36]
[635,36] 1 [636,38]
[636,38] 1 [637,41]
[637,41] 1 [638,43]
[638,43] 1 [639,46]
[639,46] 1 [640,49]
[640,49] 1 [641,52]
[641,52] 1 [642,54]
[642,54] 1 [643,58]
[643,58] 1 [644,62]
[644,62] 1 [645,65]
[645,65] 1 [646,67]
[646,67] 1 [647,70]
[647,70] 1 [648,72]
[648,72] 1 [649,76]
[649,76] 1 [650,79]
[650,79] 1 [651,81]
[651,81] 1 [652,84]
[652,84] 1 [653,86]
[653,86] 1 [654,89]
[654,89] 1 [655,92]
[655,92] 1 [656,96]
[656,96] 1 [657,100]
[657,100] 1 [658,103]
[658,103] 1 [659,106]
[659,106] 1 [660,108]
[660,108] 1 [661,111]
[661,111] 1 [662,114]
[662,114] 1 [663,118]
[663,118] 1 [664,122]
[664,122] 1 [665,126]
[665,126] 1 [666,128]
[666,128] 1 [667,131]
[667,131] 1 [668,135]
[668,135] 1 [669,137]
[669,137] 1 [670,140]
[670,140] 1 [671,144]
[671,144] 1 [672,146]
[672,146] 1 [673,148]
[673,148] 1 [674,150]
[674,150] 1 [675,152]
[675,152] 1 [676,154]
[676,154] 1 [677,156]
[677,156] 1 [678,160]
[678,160] 1 [679,164]
[679,164] 1 [680,166]
[680,166] 1 [681,169]
[681,169] 1 [682,172]
[682,172] 1 [683,175]
[683,175] 1 [684,6]
[684,6] 1 [685,6]
[685,6] 1 [686,6]
[686,6] 1 [687,6]
[687,6] 1 [688,6]
[688,6] 1 [689,6]
[689,6] 1 [690,6]
[690,6] 1 [691,6]
[691,6] 1 [692,6]
[692,6] 1 [693,6]
[693,6] 0 [694,6]
[694,6] 1 [695,10]
[695,10] 1 [696,12]
[696,12] 2 [697,8]
[697,8] 1 [698,10]
[698,10] 1 [699,12]
[699,12] 1 [700,16]
[700,16] 1 [701,19]
[701,19] 1 [702,23]
[702,23] 1 [703,25]
[703,25] 1 [704,29]
[704,29] 1 [705,31]
[705,31] 1 [706,34]
[706,34] 1 [707,38]
[707,38] 1 [708,40]
[708,40] 1 [709,42]
[709,42] 1 [710,45]
[710,45] 1 [711,47]
[711,47] 1 [712,50]
[712,50] 1 [713,54]
[713,54] 1 [714,57]
[714,57] 1 [715,60]
[715,60] 1 [716,64]
[716,64] 1 [717,67]
[717,67] 1 [718,71]
[718,71] 1 [719,73]
[719,73] 1 [720,76]
[720,76] 1 [721,79]
[721,79] 1 [722,83]
[722,83] 1 [723,87]
[723,87] 1 [724,91]
[724,91] 1 [725,93]
[725,93] 1 [726,95]
[726,95] 1 [727,98]
[727,98] 1 [728,102]
[728,102] 1 [729,105]
[729,105] 1 [730,107]
[730,107] 1 [731,110]
[731,110] 1 [732,113]
[732,113] 1 [733,116]
[733,116] 1 [734,120]
[734,120] 1 [735,124]
[735,124] 1 [736,128]
[736,128] 1 [737,132]
[737,132] 1 [738,135]
[738,135] 1 [739,139]
[739,139] 1 [740,142]
[740,142] 1 [741,146]
[741,146] 1 [742,148]
[742,148] 1 [743,150]
[743,150] 1 [744,153]
[744,153] 1 [745,155]
[745,155] 1 [746,157]
[746,157] 1 [747,159]
[747,159] 1 [748,161]
[748,161] 1 [749,163]
[749,163] 1 [750,166]
[750,166] 1 [751,170]
[751,170] 1 [752,174]
[752,174] 1 [753,177]
[753,177] 1 [754,6]
[754,6] 1 [755,6]
[755,6] 1 [756,6]
[756,6] 1 [757,6]
[757,6] 1 [758,6]
[758,6] 1 [759,6]
[759,6] 1 [760,6]
[760,6] 1 [761,6]
[761,6] 1 [762,6]
[762,6] 1 [763,8]
[763,8] 1 [764,12]
[764,12] 1 [765,14]
[765,14] 1 [766,18]
[766,18] 0 [767,19]
[767,19] 1 [768,22]
[768,22] 1 [769,26]
[769,26] 1 [770,28]
[770,28] 1 [771,31]
[771,31] 1 [772,35]
[772,35] 1 [773,38]
[773,38] 1 [774,40]
[774,40] 1 [775,42]
[775,42] 1 [776,45]
[776,45] 1 [777,49]
[777,49] 1 [778,51]
[778,51] 1 [779,55]
[779,55] 1 [780,58]
[780,58] 1 [781,61]
[781,61] 1 [782,64]
[782,64] 1 [783,67]
[783,67] 1 [784,70]
[784,70] 1 [785,72]
[785,72] 1 [786,76]
[786,76] 1 [787,80]
[787,80] 1 [788,82]
[788,82] 1 [789,84]
[789,84] 1 [790,86]
[790,86] 1 [791,90]
[791,90] 1 [792,94]
[792,94] 1 [793,97]
[793,97] 1 [794,100]
[794,100] 1 [795,104]
[795,104] 1 [796,108]
[796,108] 1 [797,111]
[797,111] 1 [798,114]
[798,114] 1 [799,118]
[799,118] 1 [800,122]
[800,122] 1 [801,126]
[801,126] 1 [802,129]
[802,129] 1 [803,133]
[803,133] 1 [804,135]
[804,135] 1 [805,139]
[805,139] 1 [806,142]
[806,142] 1 [807,146]
[807,146] 1 [808,148]
[808,148] 1 [809,152]
[809,152] 1 [810,154]
[810,154] 1 [811,158]
[811,158] 1 [812,161]
[812,161] 1 [813,164]
[813,164] 1 [814,167]
[814,167] 1 [815,169]
[815,169] 1 [816,171]
[816,171] 1 [817,173]
[817,173] 1 [818,177]
[818,177] 1 [819,6]
[819,6] 1 [820,6]
[820,6] 1 [821,6]
[821,6] 1 [822,6]
[822,6] 1 [823,6]
[823,6] 1 [824,6]
[824,6] 1 [825,6]
[825,6] 1 [826,6]
[826,6] 1 [827,6]
[827,6] 1 [828,7]
[828,7] 2 [829,6]
[829,6] 1 [830,9]
[830,9] 1 [831,11]
[831,11] 2 [832,9]
[832,9] 2 [833,6]
[833,6] 1 [834,8]
[834,8] 2 [835,6]
[835,6] 1 [836,8]
[836,8] 1 [837,11]
[837,11] 1 [838,13]
[838,13] 2 [839,9]
[839,9] 1 [840,11]
[840,11] 1 [841,13]
[841,13] 1 [842,15]
[842,15] 1 [843,19]
[843,19] 1 [844,22]
[844,22] 1 [845,26]
[845,26] 1 [846,30]
[846,30] 1 [847,33]
[847,33] 1 [848,36]
[848,36] 1 [849,38]
[849,38] 1 [850,42]
[850,42] 1 [851,44]
[851,44] 1 [852,46]
[852,46] 1 [853,50]
[853,50] 1 [854,52]
[854,52] 1 [855,54]
[855,54] 1 [856,56]
[856,56] 1 [857,59]
[857,59] 1 [858,61]
[858,61] 1 [859,63]
[859,63] 1 [860,66]
[860,66] 1 [861,68]
[861,68] 1 [862,72]
[862,72] 1 [863,76]
[863,76] 1 [864,80]
[864,80] 1 [865,83]
[865,83] 1 [866,86]
[866,86] 1 [867,89]
[867,89] 1 [868,91]
[868,91] 1 [869,95]
[869,95] 1 [870,98]
[870,98] 1 [871,100]
[871,100] 1 [872,102]
[872,102] 1 [873,106]
[873,106] 1 [874,108]
[874,108] 1 [875,112]
[875,112] 1 [876,115]
[876,115] 1 [877,119]
[877,119] 1 [878,122]
[878,122] 1 [879,125]
[879,125] 1 [880,128]
[880,128] 1 [881,132]
[881,132] 1 [882,135]
[882,135] 1 [883,137]
[883,137] 1 [884,141]
[884,141] 1 [885,143]
[885,143] 1 [886,147]
[886,147] 1 [887,151]
[887,151] 1 [888,153]
[888,153] 1 [889,157]
[889,157] 1 [890,161]
[890,161] 1 [891,163]
[891,163] 1 [892,167]
[892,167] 1 [893,171]
[893,171] 1 [894,173]
[894,173] 1 [895,175]
[895,175] 1 [896,6]
[896,6] 1 [897,6]
[897,6] 1 [898,6]
[898,6] 1 [899,6]
[899,6] 1 [900,6]
[900,6] 1 [901,6]
[901,6] 1 [902,6]
[902,6] 1 [903,6]
[903,6] 1 [904,6]
[904,6] 1 [905,6]
[905,6] 1 [906,7]
[906,7] 2 [907,6]
[907,6] 1 [908,7]
[908,7] 1 [909,10]
[909,10] 1 [910,12]
[910,12] 1 [911,15]
[911,15] 1 [912,18]
[912,18] 1 [913,20]
[913,20] 1 [914,24]
[914,24] 1 [915,28]
[915,28] 1 [916,30]
[916,30] 1 [917,34]
[917,34] 1 [918,36]
[918,36] 0 [919,36]
[919,36] 1 [920,39]
[920,39] 1 [921,42]
[921,42] 1 [922,46]
[922,46] 1 [923,49]
[923,49] 1 [924,52]
[924,52] 1 [925,55]
[925,55] 1 [926,57]
[926,57] 1 [927,59]
[927,59] 1 [928,62]
[928,62] 1 [929,64]
[929,64] 1 [930,66]
[930,66] 1 [931,68]
[931,68] 1 [932,71]
[932,71] 1 [933,73]
[933,73] 1 [934,76]
[934,76] 1 [935,80]
[935,80] 1 [936,84]
[936,84] 1 [937,86]
[937,86] 1 [938,89]
[938,89] 1 [939,91]
[939,91] 1 [940,95]
[940,95] 1 [941,98]
[941,98] 1 [942,101]
[942,101] 1 [943,104]
[943,104] 1 [944,108]
[944,108] 1 [945,111]
[945,111] 1 [946,114]
[946,114] 1 [947,118]
[947,118] 1 [948,120]
[948,120] 1 [949,124]
[949,124] 1 [950,128]
[950,128] 1 [951,131]
[951,131] 1 [952,135]
[952,135] 1 [953,139]
[953,139] 1 [954,142]
[954,142] 1 [955,145]
[955,145] 1 [956,149]
[956,149] 1 [957,151]
[957,151] 1 [958,155]
[958,155] 1 [959,159]
[959,159] 1 [960,162]
[960,162] 1 [961,165]
[961,165] 1 [962,169]
[962,169] 1 [963,171]
[963,171] 1 [964,174]
[964,174] 1 [965,176]
[965,176] 1 [966,6]
[966,6] 1 [967,6]
[967,6] 1 [968,6]
[968,6] 1 [969,6]
[969,6] 1 [970,6]
[970,6] 1 [971,6]
[971,6] 1 [972,6]
[972,6] 1 [973,6]
[973,6] 1 [974,6]
[974,6] 1 [975,6]
[975,6] 1 [976,6]
[976,6] 1 [977,7]
[977,7] 1 [978,10]
[978,10] 0 [979,11]
[979,11] 2 [980,8]
[980,8] 1 [981,10]
[981,10] 1 [982,14]
[982,14] 1 [983,16]
[983,16] 2 [984,12]
[984,12] 1 [985,13]
[985,13] 1 [986,16]
[986,16] 2 [987,13]
[987,13] 1 [988,15]
[988,15] 2 [989,12]
[989,12] 2 [990,8]
[990,8] 1 [991,10]
[991,10] 1 [992,13]
[992,13] 1 [993,17]
[993,17] 2 [994,13]
[994,13] 1 [995,12]
[995,12] 1 [996,15]
[996,15] 2 [997,12]
[997,12] 1 [998,12]
[998,12] 2 [999,8]
[999,8] 2 [1000,6]
[1000,6] 1 [1001,8]
[1001,8] 1 [1002,10]
[1002,10] 1 [1003,12]
[1003,12] 1 [1004,15]
[1004,15] 1 [1005,18]
[1005,18] 1 [1006,22]
[1006,22] 1 [1007,25]
[1007,25] 1 [1008,28]
[1008,28] 1 [1009,31]
[1009,31] 1 [1010,35]
[1010,35] 1 [1011,38]
[1011,38] 1 [1012,40]
[1012,40] 1 [1013,44]
[1013,44] 1 [1014,47]
[1014,47] 1 [1015,51]
[1015,51] 1 [1016,53]
[1016,53] 1 [1017,55]
[1017,55] 1 [1018,59]
[1018,59] 1 [1019,63]
[1019,63] 1 [1020,66]
[1020,66] 1 [1021,69]
[1021,69] 1 [1022,72]
[1022,72] 1 [1023,76]
[1023,76] 1 [1024,79]
[1024,79] 1 [1025,81]
[1025,81] 1 [1026,84]
[1026,84] 1 [1027,88]
[1027,88] 1 [1028,91]
[1028,91] 1 [1029,94]
[1029,94] 1 [1030,98]
[1030,98] 1 [1031,102]
[1031,102] 1 [1032,106]
[1032,106] 1 [1033,108]
[1033,108] 1 [1034,110]
[1034,110] 1 [1035,112]
[1035,112] 1 [1036,115]
[1036,115] 1 [1037,117]
[1037,117] 1 [1038,121]
[1038,121] 1 [1039,123]
[1039,123] 1 [1040,126]
[1040,126] 1 [1041,128]
[1041,128] 1 [1042,132]
[1042,132] 1 [1043,136]
[1043,136] 1 [1044,139]
[1044,139] 1 [1045,141]
[1045,141] 1 [1046,145]
[1046,145] 1 [1047,147]
[1047,147] 1 [1048,149]
[1048,149] 1 [1049,152]
[1049,152] 1 [1050,154]
[1050,154] 1 [1051,158]
[1051,158] 1 [1052,160]
[1052,160] 1 [1053,162]
[1053,162] 1 [1054,164]
[1054,164] 1 [1055,167]
[1055,167] 1 [1056,170]
[1056,170] 1 [1057,172]
[1057,172] 1 [1058,176]
[1058,176] 1 [1059,6]
[1059,6] 1 [1060,6]
[1060,6] 1 [1061,6]
[1061,6] 1 [1062,6]
[1062,6] 1 [1063,6]
[1063,6] 1 [1064,6]
[1064,6] 1 [1065,6]
[1065,6] 1 [1066,6]
[1066,6] 1 [1067,6]
[1067,6] 1 [1068,8]
[1068,8] 2 [1069,6]
[1069,6] 1 [1070,10]
[1070,10] 1 [1071,14]
[1071,14] 1 [1072,17]
[1072,17] 2 [1073,14]
[1073,14] 2 [1074,10]
[1074,10] 2 [1075,6]
[1075,6] 1 [1076,8]
[1076,8] 1 [1077,10]
[1077,10] 1 [1078,14]
[1078,14] 1 [1079,16]
[1079,16] 1 [1080,19]
[1080,19] 1 [1081,23]
[1081,23] 1 [1082,25]
[1082,25] 1 [1083,27]
[1083,27] 1 [1084,31]
[1084,31] 1 [1085,35]
[1085,35] 1 [1086,39]
[1086,39] 1 [1087,43]
[1087,43] 1 [1088,46]
[1088,46] 1 [1089,50]
[1089,50] 1 [1090,53]
[1090,53] 1 [1091,56]
[1091,56] 1 [1092,59]
[1092,59] 1 [1093,61]
[1093,61] 1 [1094,63]
[1094,63] 1 [1095,67]
[1095,67] 1 [1096,70]
[1096,70] 1 [1097,73]
[1097,73] 1 [1098,76]
[1098,76] 1 [1099,78]
[1099,78] 1 [1100,80]
[1100,80] 1 [1101,84]
[1101,84] 1 [1102,87]
[1102,87] 1 [1103,89]
[1103,89] 1 [1104,91]
[1104,91] 1 [1105,94]
[1105,94] 1 [1106,97]
[1106,97] 1 [1107,100]
[1107,100] 1 [1108,102]
[1108,102] 1 [1109,104]
[1109,104] 1 [1110,106]
[1110,106] 1 [1111,109]
[1111,109] 1 [1112,111]
[1112,111] 1 [1113,115]
[1113,115] 1 [1114,119]
[1114,119] 1 [1115,121]
[1115,121] 1 [1116,124]
[1116,124] 1 [1117,127]
[1117,127] 1 [1118,130]
[1118,130] 1 [1119,133]
[1119,133] 1 [1120,135]
[1120,135] 1 [1121,137]
[1121,137] 1 [1122,140]
[1122,140] 1 [1123,142]
[1123,142] 1 [1124,144]
[1124,144] 1 [1125,147]
[1125,147] 1 [1126,151]
[1126,151] 1 [1127,155]
[1127,155] 1 [1128,159]
[1128,159] 1 [1129,163]
[1129,163] 1 [1130,167]
[1130,167] 1 [1131,171]
[1131,171] 1 [1132,173]
[1132,173] 1 [1133,176]
[1133,176] 1 [1134,6]
[1134,6] 1 [1135,6]
[1135,6] 1 [1136,6]
[1136,6] 1 [1137,6]
[1137,6] 1 [1138,6]
[1138,6] 1 [1139,6]
[1139,6] 1 [1140,6]
[1140,6] 1 [1141,6]
[1141,6] 1 [1142,6]
[1142,6] 1 [1143,8]
[1143,8] 2 [1144,7]
[1144,7] 1 [1145,9]
[1145,9] 2 [1146,6]
[1146,6] 1 [1147,9]
[1147,9] 1 [1148,11]
[1148,11] 2 [1149,9]
[1149,9] 1 [1150,11]
[1150,11] 1 [1151,15]
[1151,15] 1 [1152,18]
[1152,18] 2 [1153,14]
[1153,14] 2 [1154,10]
[1154,10] 1 [1155,12]
[1155,12] 1 [1156,15]
[1156,15] 1 [1157,17]
[1157,17] 2 [1158,15]
[1158,15] 2 [1159,11]
[1159,11] 1 [1160,14]
[1160,14] 2 [1161,10]
[1161,10] 1 [1162,12]
[1162,12] 1 [1163,15]
[1163,15] 1 [1164,17]
[1164,17] 2 [1165,14]
[1165,14] 1 [1166,15]
[1166,15] 2 [1167,11]
[1167,11] 1 [1168,13]
[1168,13] 1 [1169,17]
[1169,17] 1 [1170,21]
[1170,21] 1 [1171,25]
[1171,25] 1 [1172,28]
[1172,28] 1 [1173,30]
[1173,30] 1 [1174,34]
[1174,34] 1 [1175,38]
[1175,38] 1 [1176,42]
[1176,42] 1 [1177,46]
[1177,46] 1 [1178,50]
[1178,50] 1 [1179,54]
[1179,54] 1 [1180,57]
[1180,57] 1 [1181,59]
[1181,59] 1 [1182,63]
[1182,63] 1 [1183,67]
[1183,67] 1 [1184,71]
[1184,71] 1 [1185,73]
[1185,73] 1 [1186,77]
[1186,77] 1 [1187,80]
[1187,80] 1 [1188,83]
[1188,83] 1 [1189,85]
[1189,85] 1 [1190,89]
[1190,89] 1 [1191,91]
[1191,91] 1 [1192,94]
[1192,94] 1 [1193,96]
[1193,96] 1 [1194,100]
[1194,100] 1 [1195,102]
[1195,102] 1 [1196,106]
[1196,106] 1 [1197,108]
[1197,108] 1 [1198,111]
[1198,111] 1 [1199,113]
[1199,113] 1 [1200,115]
[1200,115] 1 [1201,117]
[1201,117] 2 [1202,113]
[1202,113] 2 [1203,110]
[1203,110] 1 [1204,111]
[1204,111] 2 [1205,107]
[1205,107] 1 [1206,110]
[1206,110] 1 [1207,113]
[1207,113] 1 [1208,115]
[1208,115] 1 [1209,118]
[1209,118] 1 [1210,122]
[1210,122] 1 [1211,125]
[1211,125] 1 [1212,129]
[1212,129] 1 [1213,133]
[1213,133] 1 [1214,137]
[1214,137] 1 [1215,141]
[1215,141] 1 [1216,145]
[1216,145] 1 [1217,147]
[1217,147] 1 [1218,151]
[1218,151] 1 [1219,153]
[1219,153] 1 [1220,155]
[1220,155] 1 [1221,157]
[1221,157] 1 [1222,160]
[1222,160] 1 [1223,162]
[1223,162] 1 [1224,166]
[1224,166] 1 [1225,170]
[1225,170] 1 [1226,172]
[1226,172] 1 [1227,176]
[1227,176] 1 [1228,6]
[1228,6] 1 [1229,6]
[1229,6] 1 [1230,6]
[1230,6] 1 [1231,6]
[1231,6] 1 [1232,6]
[1232,6] 1 [1233,6]
[1233,6] 1 [1234,6]
[1234,6] 1 [1235,6]
[1235,6] 1 [1236,6]
[1236,6] 1 [1237,6]
[1237,6] 1 [1238,6]
[1238,6] 1 [1239,7]
[1239,7] 1 [1240,9]
[1240,9] 1 [1241,11]
[1241,11] 1 [1242,15]
[1242,15] 1 [1243,17]
[1243,17] 1 [1244,21]
[1244,21] 1 [1245,24]
[1245,24] 1 [1246,27]
[1246,27] 1 [1247,30]
[1247,30] 1 [1248,33]
[1248,33] 1 [1249,35]
[1249,35] 1 [1250,37]
[1250,37] 1 [1251,41]
[1251,41] 1 [1252,43]
[1252,43] 1 [1253,46]
[1253,46] 1 [1254,49]
[1254,49] 1 [1255,53]
[1255,53] 1 [1256,55]
[1256,55] 1 [1257,58]
[1257,58] 1 [1258,60]
[1258,60] 1 [1259,62]
[1259,62] 1 [1260,65]
[1260,65] 1 [1261,67]
[1261,67] 1 [1262,71]
[1262,71] 1 [1263,73]
[1263,73] 1 [1264,76]
[1264,76] 1 [1265,80]
[1265,80] 1 [1266,84]
[1266,84] 1 [1267,87]
[1267,87] 1 [1268,90]
[1268,90] 1 [1269,93]
[1269,93] 1 [1270,95]
[1270,95] 1 [1271,99]
[1271,99] 1 [1272,102]
[1272,102] 1 [1273,104]
[1273,104] 1 [1274,107]
[1274,107] 1 [1275,110]
[1275,110] 1 [1276,113]
[1276,113] 1 [1277,116]
[1277,116] 1 [1278,120]
[1278,120] 1 [1279,123]
[1279,123] 1 [1280,126]
[1280,126] 1 [1281,130]
[1281,130] 1 [1282,133]
[1282,133] 1 [1283,136]
[1283,136] 1 [1284,139]
[1284,139] 1 [1285,141]
[1285,141] 1 [1286,145]
[1286,145] 1 [1287,148]
[1287,148] 1 [1288,150]
[1288,150] 1 [1289,152]
[1289,152] 1 [1290,154]
[1290,154] 1 [1291,158]
[1291,158] 1 [1292,160]
[1292,160] 1 [1293,163]
[1293,163] 1 [1294,165]
[1294,165] 1 [1295,167]
[1295,167] 1 [1296,170]
[1296,170] 1 [1297,173]
[1297,173] 1 [1298,175]
[1298,175] 1 [1299,6]
[1299,6] 1 [1300,6]
[1300,6] 1 [1301,6]
[1301,6] 1 [1302,6]
[1302,6] 1 [1303,6]
[1303,6] 1 [1304,6]
[1304,6] 1 [1305,6]
[1305,6] 1 [1306,6]
[1306,6] 1 [1307,6]
[1307,6] 1 [1308,6]
[1308,6] 0 [1309,6]
[1309,6] 1 [1310,8]
[1310,8] 0 [1311,8]
[1311,8] 1 [1312,11]
[1312,11] 2 [1313,9]
[1313,9] 2 [1314,6]
[1314,6] 1 [1315,8]
[1315,8] 1 [1316,12]
[1316,12] 1 [1317,15]
[1317,15] 1 [1318,18]
[1318,18] 1 [1319,22]
[1319,22] 1 [1320,24]
[1320,24] 1 [1321,26]
[1321,26] 1 [1322,28]
[1322,28] 1 [1323,31]
[1323,31] 1 [1324,33]
[1324,33] 1 [1325,35]
[1325,35] 1 [1326,39]
[1326,39] 1 [1327,43]
[1327,43] 0 [1328,43]
[1328,43] 1 [1329,44]
[1329,44] 1 [1330,46]
[1330,46] 1 [1331,49]
[1331,49] 1 [1332,51]
[1332,51] 2 [1333,47]
[1333,47] 1 [1334,49]
[1334,49] 2 [1335,47]
[1335,47] 1 [1336,47]
[1336,47] 1 [1337,49]
[1337,49] 1 [1338,53]
[1338,53] 1 [1339,57]
[1339,57] 1 [1340,60]
[1340,60] 1 [1341,63]
[1341,63] 1 [1342,66]
[1342,66] 1 [1343,69]
[1343,69] 1 [1344,72]
[1344,72] 1 [1345,76]
[1345,76] 1 [1346,79]
[1346,79] 1 [1347,81]
[1347,81] 1 [1348,85]
[1348,85] 1 [1349,88]
[1349,88] 1 [1350,91]
[1350,91] 1 [1351,95]
[1351,95] 1 [1352,98]
[1352,98] 1 [1353,101]
[1353,101] 1 [1354,103]
[1354,103] 1 [1355,107]
[1355,107] 1 [1356,109]
[1356,109] 1 [1357,112]
[1357,112] 1 [1358,114]
[1358,114] 1 [1359,117]
[1359,117] 1 [1360,120]
[1360,120] 1 [1361,123]
[1361,123] 1 [1362,127]
[1362,127] 1 [1363,129]
[1363,129] 1 [1364,132]
[1364,132] 1 [1365,136]
[1365,136] 1 [1366,140]
[1366,140] 1 [1367,144]
[1367,144] 1 [1368,148]
[1368,148] 1 [1369,151]
[1369,151] 1 [1370,153]
[1370,153] 1 [1371,156]
[1371,156] 1 [1372,158]
[1372,158] 1 [1373,160]
[1373,160] 1 [1374,163]
[1374,163] 1 [1375,166]
[1375,166] 1 [1376,169]
[1376,169] 1 [1377,171]
[1377,171] 1 [1378,175]
[1378,175] 1 [1379,6]
[1379,6] 1 [1380,6]
[1380,6] 1 [1381,6]
[1381,6] 1 [1382,6]
[1382,6] 1 [1383,6]
[1383,6] 1 [1384,6]
[1384,6] 1 [1385,6]
[1385,6] 1 [1386,6]
[1386,6] 1 [1387,6]
[1387,6] 1 [1388,7]
[1388,7] 1 [1389,11]
[1389,11] 0 [1390,11]
[1390,11] 0 [1391,11]
[1391,11] 1 [1392,12]
[1392,12] 2 [1393,10]
[1393,10] 1 [1394,8]
[1394,8] 1 [1395,11]
[1395,11] 2 [1396,7]
[1396,7] 1 [1397,10]
[1397,10] 2 [1398,7]
[1398,7] 1 [1399,8]
[1399,8] 1 [1400,11]
[1400,11] 2 [1401,7]
[1401,7] 0 [1402,7]
[1402,7] 1 [1403,9]
[1403,9] 1 [1404,12]
[1404,12] 2 [1405,8]
[1405,8] 1 [1406,10]
[1406,10] 1 [1407,12]
[1407,12] 2 [1408,9]
[1408,9] 1 [1409,11]
[1409,11] 2 [1410,7]
[1410,7] 1 [1411,9]
[1411,9] 1 [1412,13]
[1412,13] 0 [1413,13]
[1413,13] 2 [1414,9]
[1414,9] 1 [1415,10]
[1415,10] 1 [1416,13]
[1416,13] 2 [1417,9]
[1417,9] 1 [1418,11]
[1418,11] 1 [1419,13]
[1419,13] 1 [1420,17]
[1420,17] 1 [1421,19]
[1421,19] 1 [1422,23]
[1422,23] 1 [1423,27]
[1423,27] 1 [1424,29]
[1424,29] 1 [1425,31]
[1425,31] 1 [1426,33]
[1426,33] 1 [1427,36]
[1427,36] 1 [1428,39]
[1428,39] 1 [1429,41]
[1429,41] 1 [1430,44]
[1430,44] 1 [1431,46]
[1431,46] 1 [1432,50]
[1432,50] 1 [1433,54]
[1433,54] 1 [1434,58]
[1434,58] 1 [1435,61]
[1435,61] 1 [1436,65]
[1436,65] 1 [1437,67]
[1437,67] 1 [1438,71]
[1438,71] 1 [1439,73]
[1439,73] 1 [1440,77]
[1440,77] 1 [1441,81]
[1441,81] 1 [1442,84]
[1442,84] 1 [1443,86]
[1443,86] 1 [1444,88]
[1444,88] 1 [1445,90]
[1445,90] 1 [1446,93]
[1446,93] 1 [1447,95]
[1447,95] 1 [1448,99]
[1448,99] 1 [1449,101]
[1449,101] 1 [1450,105]
[1450,105] 1 [1451,108]
[1451,108] 2 [1452,105]
[1452,105] 2 [1453,101]
[1453,101] 2 [1454,97]
[1454,97] 1 [1455,98]
[1455,98] 1 [1456,101]
[1456,101] 1 [1457,104]
[1457,104] 1 [1458,108]
[1458,108] 1 [1459,112]
[1459,112] 1 [1460,114]
[1460,114] 1 [1461,118]
[1461,118] 1 [1462,122]
[1462,122] 1 [1463,126]
[1463,126] 1 [1464,128]
[1464,128] 1 [1465,130]
[1465,130] 1 [1466,133]
[1466,133] 1 [1467,136]
[1467,136] 1 [1468,138]
[1468,138] 1 [1469,141]
[1469,141] 1 [1470,145]
[1470,145] 1 [1471,148]
[1471,148] 1 [1472,152]
[1472,152] 1 [1473,154]
[1473,154] 1 [1474,156]
[1474,156] 1 [1475,160]
[1475,160] 1 [1476,164]
[1476,164] 1 [1477,168]
[1477,168] 1 [1478,171]
[1478,171] 1 [1479,175]
[1479,175] 1 [1480,6]
[1480,6] 1 [1481,6]
[1481,6] 1 [1482,6]
[1482,6] 1 [1483,6]
[1483,6] 1 [1484,6]
[1484,6] 1 [1485,6]
[1485,6] 1 [1486,6]
[1486,6] 1 [1487,6]
[1487,6] 1 [1488,6]
[1488,6] 1 [1489,6]
[1489,6] 0 [1490,6]
[1490,6] 1 [1491,7]
[1491,7] 2 [1492,6]
[1492,6] 1 [1493,8]
[1493,8] 1 [1494,10]
[1494,10] 1 [1495,13]
[1495,13] 2 [1496,9]
[1496,9] 1 [1497,11]
[1497,11] 1 [1498,13]
[1498,13] 1 [1499,16]
[1499,16] 1 [1500,20]
[1500,20] 2 [1501,16]
[1501,16] 2 [1502,13]
[1502,13] 2 [1503,10]
[1503,10] 1 [1504,12]
[1504,12] 1 [1505,15]
[1505,15] 2 [1506,11]
[1506,11] 1 [1507,14]
[1507,14] 1 [1508,16]
[1508,16] 2 [1509,12]
[1509,12] 1 [1510,14]
[1510,14] 1 [1511,16]
[1511,16] 2 [1512,12]
[1512,12] 1 [1513,10]
[1513,10] 1 [1514,13]
[1514,13] 1 [1515,17]
[1515,17] 1 [1516,21]
[1516,21] 1 [1517,23]
[1517,23] 1 [1518,27]
[1518,27] 1 [1519,29]
[1519,29] 1 [1520,32]
[1520,32] 1 [1521,36]
[1521,36] 1 [1522,40]
[1522,40] 1 [1523,42]
[1523,42] 1 [1524,45]
[1524,45] 1 [1525,47]
[1525,47] 1 [1526,49]
[1526,49] 1 [1527,52]
[1527,52] 1 [1528,55]
[1528,55] 1 [1529,57]
[1529,57] 1 [1530,61]
[1530,61] 1 [1531,63]
[1531,63] 1 [1532,65]
[1532,65] 1 [1533,67]
[1533,67] 1 [1534,71]
[1534,71] 1 [1535,74]
[1535,74] 1 [1536,77]
[1536,77] 1 [1537,81]
[1537,81] 1 [1538,84]
[1538,84] 1 [1539,87]
[1539,87] 1 [1540,89]
[1540,89] 1 [1541,91]
[1541,91] 1 [1542,93]
[1542,93] 1 [1543,97]
[1543,97] 1 [1544,99]
[1544,99] 1 [1545,101]
[1545,101] 1 [1546,103]
[1546,103] 1 [1547,106]
[1547,106] 1 [1548,108]
[1548,108] 1 [1549,111]
[1549,111] 1 [1550,115]
[1550,115] 1 [1551,117]
[1551,117] 1 [1552,121]
[1552,121] 1 [1553,125]
[1553,125] 1 [1554,129]
[1554,129] 1 [1555,131]
[1555,131] 1 [1556,134]
[1556,134] 1 [1557,137]
[1557,137] 1 [1558,141]
[1558,141] 1 [1559,145]
[1559,145] 1 [1560,149]
[1560,149] 1 [1561,153]
[1561,153] 1 [1562,155]
[1562,155] 1 [1563,159]
[1563,159] 1 [1564,163]
[1564,163] 1 [1565,167]
[1565,167] 1 [1566,170]
[1566,170] 1 [1567,173]
[1567,173] 1 [1568,175]
[1568,175] 1 [1569,6]
[1569,6] 1 [1570,6]
[1570,6] 1 [1571,6]
[1571,6] 1 [1572,6]
[1572,6] 1 [1573,6]
[1573,6] 1 [1574,6]
[1574,6] 1 [1575,6]
[1575,6] 1 [1576,6]
[1576,6] 1 [1577,6]
[1577,6] 1 [1578,6]
[1578,6] 1 [1579,8]
[1579,8] 1 [1580,12]
[1580,12] 1 [1581,14]
[1581,14] 1 [1582,16]
[1582,16] 0 [1583,16]
[1583,16] 0 [1584,16]
[1584,16] 2 [1585,12]
[1585,12] 2 [1586,9]
[1586,9] 1 [1587,11]
[1587,11] 2 [1588,9]
[1588,9] 1 [1589,9]
[1589,9] 1 [1590,11]
[1590,11] 1 [1591,15]
[1591,15] 2 [1592,12]
[1592,12] 2 [1593,10]
[1593,10] 1 [1594,12]
[1594,12] 2 [1595,9]
[1595,9] 1 [1596,11]
[1596,11] 1 [1597,14]
[1597,14] 1 [1598,16]
[1598,16] 1 [1599,20]
[1599,20] 1 [1600,23]
[1600,23] 1 [1601,25]
[1601,25] 1 [1602,29]
[1602,29] 1 [1603,33]
[1603,33] 1 [1604,36]
[1604,36] 1 [1605,39]
[1605,39] 1 [1606,43]
[1606,43] 1 [1607,46]
[1607,46] 1 [1608,49]
[1608,49] 1 [1609,52]
[1609,52] 1 [1610,55]
[1610,55] 1 [1611,57]
[1611,57] 1 [1612,60]
[1612,60] 1 [1613,62]
[1613,62] 1 [1614,64]
[1614,64] 1 [1615,68]
[1615,68] 1 [1616,72]
[1616,72] 1 [1617,74]
[1617,74] 1 [1618,77]
[1618,77] 1 [1619,80]
[1619,80] 1 [1620,82]
[1620,82] 1 [1621,85]
[1621,85] 1 [1622,88]
[1622,88] 1 [1623,92]
[1623,92] 1 [1624,96]
[1624,96] 1 [1625,98]
[1625,98] 1 [1626,100]
[1626,100] 1 [1627,102]
[1627,102] 1 [1628,105]
[1628,105] 1 [1629,107]
[1629,107] 1 [1630,111]
[1630,111] 1 [1631,113]
[1631,113] 1 [1632,115]
[1632,115] 2 [1633,111]
[1633,111] 1 [1634,113]
[1634,113] 1 [1635,115]
[1635,115] 2 [1636,113]
[1636,113] 1 [1637,115]
[1637,115] 1 [1638,117]
[1638,117] 1 [1639,120]
[1639,120] 2 [1640,116]
[1640,116] 1 [1641,118]
[1641,118] 1 [1642,120]
[1642,120] 1 [1643,123]
[1643,123] 1 [1644,127]
[1644,127] 1 [1645,129]
[1645,129] 1 [1646,133]
[1646,133] 1 [1647,137]
[1647,137] 1 [1648,140]
[1648,140] 1 [1649,144]
[1649,144] 1 [1650,148]
[1650,148] 1 [1651,152]
[1651,152] 1 [1652,155]
[1652,155] 1 [1653,159]
[1653,159] 1 [1654,161]
[1654,161] 1 [1655,165]
[1655,165] 1 [1656,168]
[1656,168] 1 [1657,170]
[1657,170] 1 [1658,174]
[1658,174] 1 [1659,177]
[1659,177] 1 [1660,6]
[1660,6] 1 [1661,6]
[1661,6] 1 [1662,6]
[1662,6] 1 [1663,6]
[1663,6] 1 [1664,6]
[1664,6] 1 [1665,6]
[1665,6] 1 [1666,6]
[1666,6] 1 [1667,6]
[1667,6] 0 [1668,6]
[1668,6] 1 [1669,10]
[1669,10] 2 [1670,10]
[1670,10] 2 [1671,7]
[1671,7] 1 [1672,8]
[1672,8] 1 [1673,10]
[1673,10] 2 [1674,9]
[1674,9] 2 [1675,7]
[1675,7] 1 [1676,6]
[1676,6] 1 [1677,8]
[1677,8] 1 [1678,10]
[1678,10] 1 [1679,12]
[1679,12] 2 [1680,10]
[1680,10] 1 [1681,12]
[1681,12] 2 [1682,8]
[1682,8] 1 [1683,11]
[1683,11] 1 [1684,14]
[1684,14] 1 [1685,16]
[1685,16] 1 [1686,20]
[1686,20] 1 [1687,22]
[1687,22] 1 [1688,26]
[1688,26] 1 [1689,28]
[1689,28] 1 [1690,30]
[1690,30] 1 [1691,32]
[1691,32] 1 [1692,36]
[1692,36] 1 [1693,40]
[1693,40] 1 [1694,42]
[1694,42] 1 [1695,44]
[1695,44] 1 [1696,48]
[1696,48] 1 [1697,51]
[1697,51] 1 [1698,53]
[1698,53] 1 [1699,56]
[1699,56] 1 [1700,59]
[1700,59] 1 [1701,62]
[1701,62] 1 [1702,66]
[1702,66] 1 [1703,69]
[1703,69] 1 [1704,72]
[1704,72] 1 [1705,76]
[1705,76] 1 [1706,78]
[1706,78] 1 [1707,81]
[1707,81] 1 [1708,84]
[1708,84] 1 [1709,87]
[1709,87] 1 [1710,89]
[1710,89] 1 [1711,92]
[1711,92] 1 [1712,95]
[1712,95] 1 [1713,99]
[1713,99] 1 [1714,102]
[1714,102] 1 [1715,106]
[1715,106] 1 [1716,108]
[1716,108] 1 [1717,111]
[1717,111] 1 [1718,114]
[1718,114] 1 [1719,117]
[1719,117] 1 [1720,121]
[1720,121] 1 [1721,124]
[1721,124] 1 [1722,128]
[1722,128] 1 [1723,131]
[1723,131] 1 [1724,135]
[1724,135] 1 [1725,139]
[1725,139] 1 [1726,141]
[1726,141] 1 [1727,144]
[1727,144] 1 [1728,146]
[1728,146] 1 [1729,150]
[1729,150] 1 [1730,154]
[1730,154] 1 [1731,157]
[1731,157] 1 [1732,160]
[1732,160] 1 [1733,162]
[1733,162] 1 [1734,164]
[1734,164] 1 [1735,168]
[1735,168] 1 [1736,170]
[1736,170] 1 [1737,173]
[1737,173] 1 [1738,175]
[1738,175] 1 [1739,6]
[1739,6] 1 [1740,6]
[1740,6] 1 [1741,6]
[1741,6] 1 [1742,6]
[1742,6] 1 [1743,6]
[1743,6] 1 [1744,6]
[1744,6] 1 [1745,6]
[1745,6] 1 [1746,6]
[1746,6] 1 [1747,6]
[1747,6] 1 [1748,7]
[1748,7] 0 [1749,7]
[1749,7] 1 [1750,10]
[1750,10] 1 [1751,12]
[1751,12] 2 [1752,8]
[1752,8] 1 [1753,10]
[1753,10] 1 [1754,12]
[1754,12] 1 [1755,16]
[1755,16] 1 [1756,20]
[1756,20] 1 [1757,23]
[1757,23] 2 [1758,20]
[1758,20] 2 [1759,18]
[1759,18] 1 [1760,17]
[1760,17] 1 [1761,20]
[1761,20] 2 [1762,16]
[1762,16] 2 [1763,12]
[1763,12] 1 [1764,13]
[1764,13] 1 [1765,15]
[1765,15] 1 [1766,19]
[1766,19] 1 [1767,22]
[1767,22] 1 [1768,24]
[1768,24] 1 [1769,28]
[1769,28] 2 [1770,26]
[1770,26] 1 [1771,29]
[1771,29] 1 [1772,31]
[1772,31] 1 [1773,33]
[1773,33] 1 [1774,36]
[1774,36] 1 [1775,39]
[1775,39] 1 [1776,41]
[1776,41] 1 [1777,43]
[1777,43] 1 [1778,47]
[1778,47] 1 [1779,51]
[1779,51] 1 [1780,54]
[1780,54] 1 [1781,56]
[1781,56] 1 [1782,59]
[1782,59] 1 [1783,63]
[1783,63] 1 [1784,67]
[1784,67] 1 [1785,70]
[1785,70] 1 [1786,74]
[1786,74] 1 [1787,76]
[1787,76] 1 [1788,79]
[1788,79] 1 [1789,83]
[1789,83] 1 [1790,85]
[1790,85] 1 [1791,89]
[1791,89] 1 [1792,91]
[1792,91] 1 [1793,94]
[1793,94] 1 [1794,98]
[1794,98] 1 [1795,102]
[1795,102] 1 [1796,105]
[1796,105] 1 [1797,109]
[1797,109] 1 [1798,113]
[1798,113] 1 [1799,116]
[1799,116] 1 [1800,120]
[1800,120] 1 [1801,123]
[1801,123] 1 [1802,127]
[1802,127] 1 [1803,130]
[1803,130] 1 [1804,134]
[1804,134] 1 [1805,138]
[1805,138] 1 [1806,141]
[1806,141] 1 [1807,143]
[1807,143] 1 [1808,146]
[1808,146] 1 [1809,148]
[1809,148] 1 [1810,151]
[1810,151] 1 [1811,153]
[1811,153] 1 [1812,157]
[1812,157] 1 [1813,160]
[1813,160] 1 [1814,162]
[1814,162] 1 [1815,164]
[1815,164] 1 [1816,168]
[1816,168] 1 [1817,170]
[1817,170] 1 [1818,173]
[1818,173] 1 [1819,177]
[1819,177] 1 [1820,6]
[1820,6] 1 [1821,6]
[1821,6] 1 [1822,6]
[1822,6] 1 [1823,6]
[1823,6] 1 [1824,6]
[1824,6] 1 [1825,6]
[1825,6] 1 [1826,6]
[1826,6] 1 [1827,6]
[1827,6] 1 [1828,6]
[1828,6] 1 [1829,6]
[1829,6] 1 [1830,8]
[1830,8] 1 [1831,12]
[1831,12] 1 [1832,15]
[1832,15] 1 [1833,19]
[1833,19] 0 [1834,22]
[1834,22] 1 [1835,24]
[1835,24] 2 [1836,21]
[1836,21] 1 [1837,23]
[1837,23] 1 [1838,25]
[1838,25] 1 [1839,27]
[1839,27] 1 [1840,30]
[1840,30] 1 [1841,34]
[1841,34] 1 [1842,36]
[1842,36] 1 [1843,40]
[1843,40] 1 [1844,43]
[1844,43] 1 [1845,45]
[1845,45] 1 [1846,48]
[1846,48] 1 [1847,52]
[1847,52] 1 [1848,55]
[1848,55] 1 [1849,57]
[1849,57] 1 [1850,59]
[1850,59] 1 [1851,61]
[1851,61] 1 [1852,65]
[1852,65] 1 [1853,69]
[1853,69] 1 [1854,71]
[1854,71] 1 [1855,75]
[1855,75] 1 [1856,79]
[1856,79] 1 [1857,82]
[1857,82] 1 [1858,84]
[1858,84] 1 [1859,87]
[1859,87] 1 [1860,90]
[1860,90] 1 [1861,93]
[1861,93] 1 [1862,97]
[1862,97] 1 [1863,101]
[1863,101] 1 [1864,105]
[1864,105] 1 [1865,108]
[1865,108] 1 [1866,111]
[1866,111] 1 [1867,113]
[1867,113] 1 [1868,115]
[1868,115] 1 [1869,118]
[1869,118] 1 [1870,121]
[1870,121] 1 [1871,124]
[1871,124] 1 [1872,126]
[1872,126] 1 [1873,128]
[1873,128] 1 [1874,130]
[1874,130] 1 [1875,132]
[1875,132] 1 [1876,135]
[1876,135] 1 [1877,137]
[1877,137] 1 [1878,140]
[1878,140] 1 [1879,144]
[1879,144] 1 [1880,148]
[1880,148] 1 [1881,150]
[1881,150] 1 [1882,152]
[1882,152] 1 [1883,156]
[1883,156] 1 [1884,159]
[1884,159] 1 [1885,163]
[1885,163] 1 [1886,167]
[1886,167] 1 [1887,169]
[1887,169] 1 [1888,171]
[1888,171] 1 [1889,175]
[1889,175] 1 [1890,6]
[1890,6] 1 [1891,6]
[1891,6] 1 [1892,6]
[1892,6] 1 [1893,6]
[1893,6] 1 [1894,6]
[1894,6] 1 [1895,6]
[1895,6] 1 [1896,6]
[1896,6] 1 [1897,6]
[1897,6] 1 [1898,6]
[1898,6] 1 [1899,6]
[1899,6] 1 [1900,9]
[1900,9] 2 [1901,7]
[1901,7] 1 [1902,8]
[1902,8] 1 [1903,12]
[1903,12] 1 [1904,15]
[1904,15] 2 [1905,11]
[1905,11] 1 [1906,14]
[1906,14] 1 [1907,17]
[1907,17] 2 [1908,13]
[1908,13] 1 [1909,15]
[1909,15] 1 [1910,18]
[1910,18] 1 [1911,21]
[1911,21] 1 [1912,24]
[1912,24] 1 [1913,28]
[1913,28] 1 [1914,31]
[1914,31] 1 [1915,34]
[1915,34] 1 [1916,38]
[1916,38] 1 [1917,42]
[1917,42] 1 [1918,45]
[1918,45] 1 [1919,47]
[1919,47] 1 [1920,50]
[1920,50] 1 [1921,54]
[1921,54] 1 [1922,58]
[1922,58] 1 [1923,62]
[1923,62] 1 [1924,65]
[1924,65] 1 [1925,68]
[1925,68] 1 [1926,71]
[1926,71] 1 [1927,73]
[1927,73] 1 [1928,76]
[1928,76] 1 [1929,80]
[1929,80] 1 [1930,83]
[1930,83] 1 [1931,85]
[1931,85] 1 [1932,87]
[1932,87] 1 [1933,89]
[1933,89] 1 [1934,91]
[1934,91] 1 [1935,94]
[1935,94] 1 [1936,98]
[1936,98] 1 [1937,102]
[1937,102] 1 [1938,106]
[1938,106] 1 [1939,109]
[1939,109] 1 [1940,113]
[1940,113] 1 [1941,116]
[1941,116] 1 [1942,118]
[1942,118] 1 [1943,120]
[1943,120] 1 [1944,123]
[1944,123] 1 [1945,125]
[1945,125] 1 [1946,127]
[1946,127] 1 [1947,130]
[1947,130] 1 [1948,133]
[1948,133] 1 [1949,137]
[1949,137] 1 [1950,141]
[1950,141] 1 [1951,144]
[1951,144] 1 [1952,146]
[1952,146] 1 [1953,150]
[1953,150] 1 [1954,152]
[1954,152] 1 [1955,154]
[1955,154] 1 [1956,158]
[1956,158] 1 [1957,162]
[1957,162] 1 [1958,165]
[1958,165] 1 [1959,168]
[1959,168] 1 [1960,172]
[1960,172] 1 [1961,174]
[1961,174] 1 [1962,177]
[1962,177] 1 [1963,6]
[1963,6] 1 [1964,6]
[1964,6] 1 [1965,6]
[1965,6] 1 [1966,6]
[1966,6] 1 [1967,6]
[1967,6] 1 [1968,6]
[1968,6] 1 [1969,6]
[1969,6] 1 [1970,6]
[1970,6] 1 [1971,7]
[1971,7] 0 [1972,7]
[1972,7] 1 [1973,11]
[1973,11] 2 [1974,8]
[1974,8] 1 [1975,10]
[1975,10] 1 [1976,12]
[1976,12] 1 [1977,14]
[1977,14] 1 [1978,16]
[1978,16] 1 [1979,18]
[1979,18] 1 [1980,21]
[1980,21] 1 [1981,25]
[1981,25] 1 [1982,29]
[1982,29] 1 [1983,33]
[1983,33] 1 [1984,35]
[1984,35] 1 [1985,38]
[1985,38] 1 [1986,40]
[1986,40] 1 [1987,42]
[1987,42] 1 [1988,45]
[1988,45] 1 [1989,49]
[1989,49] 1 [1990,53]
[1990,53] 1 [1991,57]
[1991,57] 1 [1992,60]
[1992,60] 1 [1993,64]
[1993,64] 1 [1994,66]
[1994,66] 1 [1995,68]
[1995,68] 1 [1996,72]
[1996,72] 1 [1997,75]
[1997,75] 1 [1998,79]
[1998,79] 1 [1999,81]
[1999,81] 1 [2000,83]
[2000,83] 1 [2001,87]
[2001,87] 1 [2002,89]
[2002,89] 1 [2003,91]
[2003,91] 1 [2004,95]
[2004,95] 1 [2005,97]
[2005,97] 1 [2006,99]
[2006,99] 1 [2007,103]
[2007,103] 1 [2008,107]
[2008,107] 1 [2009,111]
[2009,111] 1 [2010,115]
[2010,115] 1 [2011,117]
[2011,117] 1 [2012,121]
[2012,121] 1 [2013,124]
[2013,124] 1 [2014,126]
[2014,126] 1 [2015,130]
[2015,130] 1 [2016,133]
[2016,133] 1 [2017,135]
[2017,135] 1 [2018,137]
[2018,137] 1 [2019,139]
[2019,139] 1 [2020,141]
[2020,141] 1 [2021,143]
[2021,143] 1 [2022,146]
[2022,146] 1 [2023,148]
[2023,148] 1 [2024,151]
[2024,151] 1 [2025,155]
[2025,155] 1 [2026,158]
[2026,158] 1 [2027,162]
[2027,162] 1 [2028,166]
[2028,166] 1 [2029,169]
[2029,169] 1 [2030,171]
[2030,171] 1 [2031,174]
[2031,174] 1 [2032,177]
[2032,177] 1 [2033,6]
[2033,6] 1 [2034,6]
[2034,6] 1 [2035,6]
[2035,6] 1 [2036,6]
[2036,6] 1 [2037,6]
[2037,6] 1 [2038,6]
[2038,6] 1 [2039,6]
[2039,6] 1 [2040,6]
[2040,6] 1 [2041,6]
[2041,6] 1 [2042,9]
[2042,9] 1 [2043,12]
[2043,12] 1 [2044,14]
[2044,14] 1 [2045,17]
[2045,17] 1 [2046,19]
[2046,19] 1 [2047,23]
[2047,23] 1 [2048,26]
[2048,26] 1 [2049,30]
[2049,30] 1 [2050,34]
[2050,34] 1 [2051,36]
[2051,36] 1 [2052,39]
[2052,39] 1 [2053,41]
[2053,41] 1 [2054,43]
[2054,43] 1 [2055,47]
[2055,47] 1 [2056,50]
[2056,50] 1 [2057,53]
[2057,53] 1 [2058,56]
[2058,56] 1 [2059,59]
[2059,59] 1 [2060,63]
[2060,63] 1 [2061,67]
[2061,67] 1 [2062,70]
[2062,70] 1 [2063,72]
[2063,72] 1 [2064,75]
[2064,75] 1 [2065,78]
[2065,78] 1 [2066,82]
[2066,82] 1 [2067,86]
[2067,86] 1 [2068,88]
[2068,88] 1 [2069,92]
[2069,92] 1 [2070,95]
[2070,95] 1 [2071,97]
[2071,97] 1 [2072,101]
[2072,101] 1 [2073,103]
[2073,103] 1 [2074,105]
[2074,105] 1 [2075,107]
[2075,107] 1 [2076,109]
[2076,109] 1 [2077,112]
[2077,112] 1 [2078,115]
[2078,115] 1 [2079,119]
[2079,119] 1 [2080,121]
[2080,121] 1 [2081,125]
[2081,125] 1 [2082,128]
[2082,128] 1 [2083,130]
[2083,130] 1 [2084,134]
[2084,134] 1 [2085,137]
[2085,137] 1 [2086,139]
[2086,139] 1 [2087,143]
[2087,143] 1 [2088,145]
[2088,145] 1 [2089,147]
[2089,147] 1 [2090,150]
[2090,150] 1 [2091,154]
[2091,154] 1 [2092,156]
[2092,156] 1 [2093,158]
[2093,158] 1 [2094,162]
[2094,162] 1 [2095,164]
[2095,164] 1 [2096,166]
[2096,166] 1 [2097,168]
[2097,168] 1 [2098,170]
[2098,170] 1 [2099,173]
[2099,173] 1 [2100,176]
[2100,176] 1 [2101,6]
[2101,6] 1 [2102,6]
[2102,6] 1 [2103,6]
[2103,6] 1 [2104,6]
[2104,6] 1 [2105,6]
[2105,6] 1 [2106,6]
[2106,6] 1 [2107,6]
[2107,6] 1 [2108,6]
[2108,6] 1 [2109,6]
[2109,6] 1 [2110,6]
[2110,6] 1 [2111,7]
[2111,7] 2 [2112,6]
[2112,6] 1 [2113,10]
[2113,10] 1 [2114,13]
[2114,13] 1 [2115,17]
[2115,17] 1 [2116,19]
[2116,19] 1 [2117,22]
[2117,22] 1 [2118,26]
[2118,26] 1 [2119,28]
[2119,28] 2 [2120,24]
[2120,24] 2 [2121,20]
[2121,20] 1 [2122,23]
[2122,23] 2 [2123,19]
[2123,19] 1 [2124,20]
[2124,20] 1 [2125,24]
[2125,24] 1 [2126,27]
[2126,27] 1 [2127,31]
[2127,31] 1 [2128,34]
[2128,34] 1 [2129,38]
[2129,38] 1 [2130,41]
[2130,41] 1 [2131,44]
[2131,44] 1 [2132,46]
[2132,46] 1 [2133,49]
[2133,49] 1 [2134,53]
[2134,53] 1 [2135,56]
[2135,56] 1 [2136,60]
[2136,60] 1 [2137,63]
[2137,63] 1 [2138,67]
[2138,67] 1 [2139,71]
[2139,71] 1 [2140,73]
[2140,73] 1 [2141,76]
[2141,76] 1 [2142,80]
[2142,80] 1 [2143,83]
[2143,83] 1 [2144,87]
[2144,87] 1 [2145,89]
[2145,89] 1 [2146,92]
[2146,92] 1 [2147,95]
[2147,95] 1 [2148,97]
[2148,97] 1 [2149,101]
[2149,101] 1 [2150,103]
[2150,103] 1 [2151,107]
[2151,107] 1 [2152,110]
[2152,110] 1 [2153,113]
[2153,113] 1 [2154,117]
[2154,117] 1 [2155,120]
[2155,120] 1 [2156,122]
[2156,122] 1 [2157,125]
[2157,125] 1 [2158,127]
[2158,127] 1 [2159,131]
[2159,131] 1 [2160,133]
[2160,133] 1 [2161,137]
[2161,137] 1 [2162,141]
[2162,141] 1 [2163,145]
[2163,145] 1 [2164,148]
[2164,148] 1 [2165,150]
[2165,150] 1 [2166,153]
[2166,153] 1 [2167,156]
[2167,156] 1 [2168,159]
[2168,159] 1 [2169,162]
[2169,162] 1 [2170,164]
[2170,164] 1 [2171,166]
[2171,166] 1 [2172,169]
[2172,169] 1 [2173,172]
[2173,172] 1 [2174,174]
[2174,174] 1 [2175,176]
[2175,176] 1 [2176,6]
[2176,6] 1 [2177,6]
[2177,6] 1 [2178,6]
[2178,6] 1 [2179,6]
[2179,6] 1 [2180,6]
[2180,6] 1 [2181,6]
[2181,6] 1 [2182,6]
[2182,6] 1 [2183,6]
[2183,6] 1 [2184,6]
[2184,6] 1 [2185,7]
[2185,7] 2 [2186,6]
[2186,6] 1 [2187,10]
[2187,10] 1 [2188,12]
[2188,12] 1 [2189,14]
[2189,14] 1 [2190,16]
[2190,16] 2 [2191,12]
[2191,12] 2 [2192,9]
[2192,9] 1 [2193,11]
[2193,11] 2 [2194,9]
[2194,9] 1 [2195,11]
[2195,11] 1 [2196,13]
[2196,13] 2 [2197,9]
[2197,9] 1 [2198,11]
[2198,11] 2 [2199,8]
[2199,8] 1 [2200,11]
[2200,11] 2 [2201,9]
[2201,9] 2 [2202,6]
[2202,6] 1 [2203,8]
[2203,8] 2 [2204,6]
[2204,6] 1 [2205,8]
[2205,8] 1 [2206,11]
[2206,11] 2 [2207,7]
[2207,7] 1 [2208,10]
[2208,10] 1 [2209,12]
[2209,12] 0 [2210,13]
[2210,13] 0 [2211,13]
[2211,13] 2 [2212,10]
[2212,10] 1 [2213,14]
[2213,14] 1 [2214,16]
[2214,16] 1 [2215,19]
[2215,19] 1 [2216,23]
[2216,23] 1 [2217,26]
[2217,26] 1 [2218,28]
[2218,28] 1 [2219,30]
[2219,30] 1 [2220,34]
[2220,34] 1 [2221,36]
[2221,36] 1 [2222,38]
[2222,38] 1 [2223,41]
[2223,41] 1 [2224,44]
[2224,44] 1 [2225,47]
[2225,47] 1 [2226,49]
[2226,49] 1 [2227,53]
[2227,53] 1 [2228,57]
[2228,57] 1 [2229,60]
[2229,60] 1 [2230,64]
[2230,64] 1 [2231,67]
[2231,67] 1 [2232,69]
[2232,69] 1 [2233,73]
[2233,73] 1 [2234,75]
[2234,75] 1 [2235,78]
[2235,78] 1 [2236,82]
[2236,82] 1 [2237,85]
[2237,85] 1 [2238,89]
[2238,89] 1 [2239,92]
[2239,92] 1 [2240,95]
[2240,95] 1 [2241,97]
[2241,97] 1 [2242,101]
[2242,101] 1 [2243,103]
[2243,103] 1 [2244,107]
[2244,107] 1 [2245,111]
[2245,111] 1 [2246,113]
[2246,113] 1 [2247,116]
[2247,116] 1 [2248,119]
[2248,119] 1 [2249,121]
[2249,121] 1 [2250,125]
[2250,125] 1 [2251,127]
[2251,127] 1 [2252,130]
[2252,130] 1 [2253,133]
[2253,133] 1 [2254,136]
[2254,136] 1 [2255,138]
[2255,138] 1 [2256,140]
[2256,140] 1 [2257,143]
[2257,143] 1 [2258,147]
[2258,147] 1 [2259,149]
[2259,149] 1 [2260,151]
[2260,151] 1 [2261,153]
[2261,153] 1 [2262,156]
[2262,156] 1 [2263,160]
[2263,160] 1 [2264,162]
[2264,162] 1 [2265,166]
[2265,166] 1 [2266,170]
[2266,170] 1 [2267,172]
[2267,172] 1 [2268,174]
[2268,174] 1 [2269,177]
[2269,177] 1 [2270,6]
[2270,6] 1 [2271,6]
[2271,6] 1 [2272,6]
[2272,6] 1 [2273,6]
[2273,6] 1 [2274,6]
[2274,6] 1 [2275,6]
[2275,6] 1 [2276,6]
[2276,6] 1 [2277,6]
[2277,6] 1 [2278,6]
[2278,6] 1 [2279,6]
[2279,6] 1 [2280,7]
[2280,7] 0 [2281,7]
[2281,7] 1 [2282,11]
[2282,11] 1 [2283,15]
[2283,15] 1 [2284,19]
[2284,19] 1 [2285,21]
[2285,21] 1 [2286,24]
[2286,24] 1 [2287,28]
[2287,28] 1 [2288,32]
[2288,32] 1 [2289,35]
[2289,35] 1 [2290,39]
[2290,39] 1 [2291,41]
[2291,41] 1 [2292,44]
[2292,44] 1 [2293,48]
[2293,48] 1 [2294,52]
[2294,52] 1 [2295,55]
[2295,55] 1 [2296,58]
[2296,58] 1 [2297,60]
[2297,60] 1 [2298,64]
[2298,64] 1 [2299,68]
[2299,68] 1 [2300,70]
[2300,70] 1 [2301,73]
[2301,73] 1 [2302,76]
[2302,76] 1 [2303,79]
[2303,79] 1 [2304,83]
[2304,83] 1 [2305,85]
[2305,85] 1 [2306,87]
[2306,87] 1 [2307,91]
[2307,91] 1 [2308,93]
[2308,93] 1 [2309,96]
[2309,96] 1 [2310,99]
[2310,99] 1 [2311,102]
[2311,102] 1 [2312,104]
[2312,104] 1 [2313,106]
[2313,106] 1 [2314,110]
[2314,110] 1 [2315,112]
[2315,112] 1 [2316,116]
[2316,116] 1 [2317,120]
[2317,120] 1 [2318,124]
[2318,124] 1 [2319,128]
[2319,128] 1 [2320,132]
[2320,132] 1 [2321,136]
[2321,136] 1 [2322,140]
[2322,140] 1 [2323,144]
[2323,144] 1 [2324,148]
[2324,148] 1 [2325,152]
[2325,152] 1 [2326,155]
[2326,155] 1 [2327,157]
[2327,157] 1 [2328,159]
[2328,159] 1 [2329,163]
[2329,163] 1 [2330,165]
[2330,165] 1 [2331,169]
[2331,169] 1 [2332,171]
[2332,171] 1 [2333,175]
[2333,175] 1 [2334,6]
[2334,6] 1 [2335,6]
[2335,6] 1 [2336,6]
[2336,6] 1 [2337,6]
[2337,6] 1 [2338,6]
[2338,6] 1 [2339,6]
[2339,6] 1 [2340,6]
[2340,6] 1 [2341,6]
[2341,6] 1 [2342,6]
[2342,6] 1 [2343,6]
[2343,6] 1 [2344,9]
[2344,9] 1 [2345,13]
[2345,13] 2 [2346,9]
[2346,9] 1 [2347,9]
[2347,9] 1 [2348,13]
[2348,13] 1 [2349,15]
[2349,15] 2 [2350,11]
[2350,11] 1 [2351,14]
[2351,14] 1 [2352,17]
[2352,17] 1 [2353,20]
[2353,20] 1 [2354,23]
[2354,23] 1 [2355,25]
[2355,25] 2 [2356,21]
[2356,21] 1 [2357,23]
[2357,23] 1 [2358,25]
[2358,25] 1 [2359,29]
[2359,29] 1 [2360,33]
[2360,33] 1 [2361,36]
[2361,36] 1 [2362,38]
[2362,38] 1 [2363,41]
[2363,41] 1 [2364,43]
[2364,43] 1 [2365,46]
[2365,46] 1 [2366,49]
[2366,49] 1 [2367,52]
[2367,52] 1 [2368,56]
[2368,56] 1 [2369,60]
[2369,60] 1 [2370,62]
[2370,62] 1 [2371,64]
[2371,64] 1 [2372,68]
[2372,68] 1 [2373,72]
[2373,72] 1 [2374,76]
[2374,76] 1 [2375,79]
[2375,79] 1 [2376,82]
[2376,82] 1 [2377,86]
[2377,86] 1 [2378,90]
[2378,90] 1 [2379,92]
[2379,92] 1 [2380,96]
[2380,96] 1 [2381,100]
[2381,100] 1 [2382,104]
[2382,104] 1 [2383,107]
[2383,107] 1 [2384,111]
[2384,111] 1 [2385,114]
[2385,114] 1 [2386,117]
[2386,117] 1 [2387,121]
[2387,121] 1 [2388,123]
[2388,123] 1 [2389,127]
[2389,127] 1 [2390,129]
[2390,129] 1 [2391,131]
[2391,131] 1 [2392,135]
[2392,135] 1 [2393,139]
[2393,139] 1 [2394,141]
[2394,141] 1 [2395,144]
[2395,144] 1 [2396,148]
[2396,148] 1 [2397,151]
[2397,151] 1 [2398,155]
[2398,155] 1 [2399,158]
[2399,158] 1 [2400,161]
[2400,161] 1 [2401,163]
[2401,163] 1 [2402,167]
[2402,167] 1 [2403,171]
[2403,171] 1 [2404,175]
[2404,175] 1 [2405,6]
[2405,6] 1 [2406,6]
[2406,6] 1 [2407,6]
[2407,6] 1 [2408,6]
[2408,6] 1 [2409,6]
[2409,6] 1 [2410,6]
[2410,6] 1 [2411,6]
[2411,6] 1 [2412,6]
[2412,6] 1 [2413,6]
[2413,6] 1 [2414,6]
[2414,6] 2 [2415,6]
[2415,6] 1 [2416,9]
[2416,9] 1 [2417,11]
[2417,11] 1 [2418,15]
[2418,15] 2 [2419,13]
[2419,13] 2 [2420,9]
[2420,9] 1 [2421,11]
[2421,11] 2 [2422,8]
[2422,8] 1 [2423,10]
[2423,10] 1 [2424,13]
[2424,13] 2 [2425,10]
[2425,10] 1 [2426,12]
[2426,12] 2 [2427,11]
[2427,11] 2 [2428,7]
[2428,7] 1 [2429,9]
[2429,9] 1 [2430,11]
[2430,11] 2 [2431,7]
[2431,7] 1 [2432,7]
[2432,7] 1 [2433,11]
[2433,11] 1 [2434,14]
[2434,14] 1 [2435,17]
[2435,17] 1 [2436,20]
[2436,20] 1 [2437,23]
[2437,23] 2 [2438,19]
[2438,19] 2 [2439,15]
[2439,15] 1 [2440,17]
[2440,17] 1 [2441,21]
[2441,21] 1 [2442,24]
[2442,24] 1 [2443,26]
[2443,26] 1 [2444,29]
[2444,29] 1 [2445,31]
[2445,31] 1 [2446,35]
[2446,35] 1 [2447,39]
[2447,39] 1 [2448,43]
[2448,43] 1 [2449,46]
[2449,46] 1 [2450,50]
[2450,50] 1 [2451,53]
[2451,53] 1 [2452,57]
[2452,57] 1 [2453,61]
[2453,61] 1 [2454,63]
[2454,63] 1 [2455,66]
[2455,66] 1 [2456,69]
[2456,69] 1 [2457,73]
[2457,73] 1 [2458,77]
[2458,77] 1 [2459,81]
[2459,81] 1 [2460,83]
[2460,83] 1 [2461,85]
[2461,85] 1 [2462,87]
[2462,87] 1 [2463,89]
[2463,89] 1 [2464,93]
[2464,93] 1 [2465,97]
[2465,97] 1 [2466,100]
[2466,100] 1 [2467,103]
[2467,103] 1 [2468,106]
[2468,106] 1 [2469,108]
[2469,108] 1 [2470,112]
[2470,112] 1 [2471,115]
[2471,115] 2 [2472,113]
[2472,113] 2 [2473,110]
[2473,110] 2 [2474,106]
[2474,106] 1 [2475,106]
[2475,106] 1 [2476,108]
[2476,108] 1 [2477,112]
[2477,112] 1 [2478,114]
[2478,114] 1 [2479,118]
[2479,118] 1 [2480,121]
[2480,121] 1 [2481,125]
[2481,125] 1 [2482,128]
[2482,128] 1 [2483,130]
[2483,130] 1 [2484,133]
[2484,133] 1 [2485,137]
[2485,137] 1 [2486,141]
[2486,141] 1 [2487,145]
[2487,145] 1 [2488,149]
[2488,149] 1 [2489,153]
[2489,153] 1 [2490,155]
[2490,155] 1 [2491,157]
[2491,157] 1 [2492,159]
[2492,159] 1 [2493,162]
[2493,162] 1 [2494,166]
[2494,166] 1 [2495,168]
[2495,168] 1 [2496,171]
[2496,171] 1 [2497,175]
[2497,175] 1 [2498,177]
[2498,177] 1 [2499,6]
[2499,6] 1 [2500,6]
[2500,6] 1 [2501,6]
[2501,6] 1 [2502,6]
[2502,6] 1 [2503,6]
[2503,6] 1 [2504,6]
[2504,6] 1 [2505,6]
[2505,6] 1 [2506,6]
[2506,6] 1 [2507,6]
[2507,6] 1 [2508,6]
[2508,6] 1 [2509,9]
[2509,9] 1 [2510,11]
[2510,11] 2 [2511,7]
[2511,7] 1 [2512,10]
[2512,10] 1 [2513,13]
[2513,13] 1 [2514,16]
[2514,16] 2 [2515,12]
[2515,12] 1 [2516,15]
[2516,15] 1 [2517,18]
[2517,18] 1 [2518,21]
[2518,21] 2 [2519,18]
[2519,18] 2 [2520,14]
[2520,14] 1 [2521,16]
[2521,16] 2 [2522,12]
[2522,12] 1 [2523,14]
[2523,14] 1 [2524,18]
[2524,18] 1 [2525,20]
[2525,20] 2 [2526,16]
[2526,16] 1 [2527,19]
[2527,19] 1 [2528,21]
[2528,21] 1 [2529,25]
[2529,25] 1 [2530,29]
[2530,29] 1 [2531,32]
[2531,32] 1 [2532,36]
[2532,36] 1 [2533,38]
[2533,38] 1 [2534,40]
[2534,40] 1 [2535,42]
[2535,42] 1 [2536,46]
[2536,46] 1 [2537,49]
[2537,49] 1 [2538,51]
[2538,51] 1 [2539,53]
[2539,53] 1 [2540,56]
[2540,56] 1 [2541,59]
[2541,59] 1 [2542,63]
[2542,63] 1 [2543,66]
[2543,66] 1 [2544,70]
[2544,70] 1 [2545,73]
[2545,73] 1 [2546,75]
[2546,75] 1 [2547,79]
[2547,79] 1 [2548,81]
[2548,81] 1 [2549,83]
[2549,83] 1 [2550,86]
[2550,86] 1 [2551,90]
[2551,90] 1 [2552,92]
[2552,92] 1 [2553,96]
[2553,96] 1 [2554,99]
[2554,99] 2 [2555,96]
[2555,96] 1 [2556,99]
[2556,99] 2 [2557,97]
[2557,97] 2 [2558,95]
[2558,95] 1 [2559,96]
[2559,96] 1 [2560,99]
[2560,99] 1 [2561,101]
[2561,101] 1 [2562,105]
[2562,105] 1 [2563,109]
[2563,109] 1 [2564,111]
[2564,111] 1 [2565,114]
[2565,114] 1 [2566,118]
[2566,118] 1 [2567,121]
[2567,121] 1 [2568,124]
[2568,124] 1 [2569,127]
[2569,127] 1 [2570,131]
[2570,131] 1 [2571,134]
[2571,134] 1 [2572,137]
[2572,137] 1 [2573,141]
[2573,141] 1 [2574,144]
[2574,144] 1 [2575,148]
[2575,148] 1 [2576,152]
[2576,152] 1 [2577,156]
[2577,156] 1 [2578,160]
[2578,160] 1 [2579,162]
[2579,162] 1 [2580,164]
[2580,164] 1 [2581,167]
[2581,167] 1 [2582,170]
[2582,170] 1 [2583,172]
[2583,172] 1 [2584,174]
[2584,174] 1 [2585,176]
[2585,176] 1 [2586,6]
[2586,6] 1 [2587,6]
[2587,6] 1 [2588,6]
[2588,6] 1 [2589,6]
[2589,6] 1 [2590,6]
[2590,6] 1 [2591,6]
[2591,6] 1 [2592,6]
[2592,6] 1 [2593,6]
[2593,6] 1 [2594,6]
[2594,6] 1 [2595,6]
[2595,6] 0 [2596,6]
[2596,6] 1 [2597,8]
[2597,8] 1 [2598,10]
[2598,10] 1 [2599,14]
[2599,14] 1 [2600,16]
[2600,16] 0 [2601,16]
[2601,16] 2 [2602,13]
[2602,13] 1 [2603,13]
[2603,13] 1 [2604,16]
[2604,16] 1 [2605,20]
[2605,20] 2 [2606,16]
[2606,16] 1 [2607,19]
[2607,19] 1 [2608,22]
[2608,22] 1 [2609,25]
[2609,25] 1 [2610,27]
[2610,27] 1 [2611,31]
[2611,31] 0 [2612,33]
[2612,33] 1 [2613,36]
[2613,36] 1 [2614,38]
[2614,38] 1 [2615,41]
[2615,41] 1 [2616,43]
[2616,43] 1 [2617,46]
[2617,46] 1 [2618,48]
[2618,48] 1 [2619,52]
[2619,52] 1 [2620,56]
[2620,56] 1 [2621,60]
[2621,60] 1 [2622,62]
[2622,62] 1 [2623,64]
[2623,64] 1 [2624,66]
[2624,66] 1 [2625,70]
[2625,70] 1 [2626,74]
[2626,74] 1 [2627,76]
[2627,76] 1 [2628,78]
[2628,78] 1 [2629,82]
[2629,82] 1 [2630,84]
[2630,84] 1 [2631,87]
[2631,87] 1 [2632,90]
[2632,90] 1 [2633,94]
[2633,94] 1 [2634,96]
[2634,96] 1 [2635,99]
[2635,99] 1 [2636,102]
[2636,102] 1 [2637,106]
[2637,106] 1 [2638,110]
[2638,110] 1 [2639,112]
[2639,112] 1 [2640,115]
[2640,115] 1 [2641,118]
[2641,118] 1 [2642,122]
[2642,122] 1 [2643,125]
[2643,125] 1 [2644,128]
[2644,128] 1 [2645,131]
[2645,131] 1 [2646,133]
[2646,133] 1 [2647,136]
[2647,136] 1 [2648,140]
[2648,140] 1 [2649,142]
[2649,142] 1 [2650,144]
[2650,144] 1 [2651,148]
[2651,148] 1 [2652,151]
[2652,151] 1 [2653,154]
[2653,154] 1 [2654,156]
[2654,156] 1 [2655,160]
[2655,160] 1 [2656,162]
[2656,162] 1 [2657,165]
[2657,165] 1 [2658,167]
[2658,167] 1 [2659,169]
[2659,169] 1 [2660,173]
[2660,173] 1 [2661,177]
