[0,6] 1 [1,8]
[1,8] 1 [2,10]
[2,10] 1 [3,13]
[3,13] 1 [4,16]
[4,16] 1 [5,19]
[5,19] 1 [6,22]
[6,22] 1 [7,24]
[7,24] 1 [8,26]
[8,26] 1 [9,28]
[9,28] 1 [10,31]
[10,31] 1 [11,33]
[11,33] 1 [12,37]
[12,37] 1 [13,41]
[13,41] 1 [14,43]
[14,43] 1 [15,47]
[15,47] 1 [16,51]
[16,51] 1 [17,54]
[17,54] 1 [18,58]
[18,58] 1 [19,62]
[19,62] 1 [20,66]
[20,66] 1 [21,68]
[21,68] 1 [22,72]
[22,72] 1 [23,76]
[23,76] 1 [24,79]
[24,79] 1 [25,82]
[25,82] 1 [26,86]
[26,86] 1 [27,90]
[27,90] 1 [28,93]
[28,93] 1 [29,95]
[29,95] 1 [30,99]
[30,99] 1 [31,101]
[31,101] 1 [32,103]
[32,103] 1 [33,105]
[33,105] 1 [34,109]
[34,109] 1 [35,111]
[35,111] 1 [36,114]
[36,114] 1 [37,116]
[37,116] 1 [38,120]
[38,120] 1 [39,123]
[39,123] 1 [40,126]
[40,126] 1 [41,130]
[41,130] 1 [42,133]
[42,133] 1 [43,136]
[43,136] 1 [44,138]
[44,138] 1 [45,140]
[45,140] 1 [46,143]
[46,143] 1 [47,147]
[47,147] 1 [48,151]
[48,151] 1 [49,153]
[49,153] 1 [50,157]
[50,157] 1 [51,161]
[51,161] 1 [52,165]
[52,165] 1 [53,168]
[53,168] 1 [54,170]
[54,170] 1 [55,172]
[55,172] 1 [56,176]
[56,176] 1 [57,6]
[57,6] 1 [58,6]
[58,6] 1 [59,6]
[59,6] 1 [60,6]
[60,6] 1 [61,6]
[61,6] 1 [62,6]
[62,6] 1 [63,6]
[63,6] 1 [64,6]
[64,6] 1 [65,7]
[65,7] 0 [66,7]
[66,7] 2 [67,6]
[67,6] 1 [68,7]
[68,7] 1 [69,11]
[69,11] 2 [70,7]
[70,7] 1 [71,8]
[71,8] 1 [72,10]
[72,10] 2 [73,7]
[73,7] 1 [74,7]
[74,7] 1 [75,9]
[75,9] 1 [76,11]
[76,11] 2 [77,9]
[77,9] 1 [78,11]
[78,11] 1 [79,13]
[79,13] 2 [80,10]
[80,10] 1 [81,12]
[81,12] 2 [82,9]
[82,9] 1 [83,7]
[83,7] 1 [84,9]
[84,9] 2 [85,6]
[85,6] 1 [86,9]
[86,9] 1 [87,12]
[87,12] 2 [88,8]
[88,8] 1 [89,11]
[89,11] 1 [90,15]
[90,15] 1 [91,18]
[91,18] 1 [92,21]
[92,21] 1 [93,23]
[93,23] 1 [94,25]
[94,25] 1 [95,28]
[95,28] 1 [96,32]
[96,32] 1 [97,36]
[97,36] 1 [98,40]
[98,40] 1 [99,43]
[99,43] 1 [100,46]
[100,46] 1 [101,50]
[101,50] 1 [102,53]
[102,53] 1 [103,55]
[103,55] 1 [104,57]
[104,57] 1 [105,59]
[105,59] 1 [106,63]
[106,63] 1 [107,66]
[107,66] 1 [108,68]
[108,68] 1 [109,72]
[109,72] 1 [110,75]
[110,75] 1 [111,79]
[111,79] 1 [112,81]
[112,81] 1 [113,85]
[113,85] 1 [114,87]
[114,87] 1 [115,90]
[115,90] 1 [116,93]
[116,93] 1 [117,97]
[117,97] 1 [118,100]
[118,100] 1 [119,102]
[119,102] 1 [120,106]
[120,106] 1 [121,110]
[121,110] 1 [122,113]
[122,113] 1 [123,116]
[123,116] 1 [124,120]
[124,120] 1 [125,122]
[125,122] 1 [126,126]
[126,126] 1 [127,129]
[127,129] 1 [128,132]
[128,132] 1 [129,134]
[129,134] 1 [130,138]
[130,138] 1 [131,140]
[131,140] 1 [132,143]
[132,143] 1 [133,147]
[133,147] 1 [134,149]
[134,149] 1 [135,153]
[135,153] 1 [136,156]
[136,156] 1 [137,159]
[137,159] 1 [138,162]
[138,162] 1 [139,164]
[139,164] 1 [140,166]
[140,166] 1 [141,169]
[141,169] 1 [142,171]
[142,171] 1 [143,173]
[143,173] 1 [144,177]
[144,177] 1 [145,6]
[145,6] 1 [146,6]
[146,6] 1 [147,6]
[147,6] 1 [148,6]
[148,6] 1 [149,6]
[149,6] 1 [150,6]
[150,6] 1 [151,6]
[151,6] 1 [152,6]
[152,6] 1 [153,6]
[153,6] 1 [154,6]
[154,6] 1 [155,8]
[155,8] 1 [156,10]
[156,10] 1 [157,12]
[157,12] 1 [158,15]
[158,15] 1 [159,17]
[159,17] 1 [160,20]
[160,20] 1 [161,22]
[161,22] 1 [162,24]
[162,24] 1 [163,27]
[163,27] 1 [164,30]
[164,30] 1 [165,33]
[165,33] 1 [166,37]
[166,37] 1 [167,40]
[167,40] 1 [168,43]
[168,43] 1 [169,46]
[169,46] 1 [170,49]
[170,49] 1 [171,51]
[171,51] 1 [172,53]
[172,53] 1 [173,56]
[173,56] 1 [174,58]
[174,58] 1 [175,62]
[175,62] 1 [176,65]
[176,65] 1 [177,67]
[177,67] 1 [178,70]
[178,70] 1 [179,72]
[179,72] 1 [180,76]
[180,76] 1 [181,78]
[181,78] 1 [182,80]
[182,80] 1 [183,82]
[183,82] 1 [184,85]
[184,85] 1 [185,87]
[185,87] 1 [186,91]
[186,91] 1 [187,93]
[187,93] 1 [188,95]
[188,95] 1 [189,98]
[189,98] 1 [190,102]
[190,102] 1 [191,104]
[191,104] 1 [192,106]
[192,106] 1 [193,110]
[193,110] 1 [194,112]
[194,112] 1 [195,114]
[195,114] 1 [196,116]
[196,116] 1 [197,118]
[197,118] 1 [198,120]
[198,120] 1 [199,124]
[199,124] 1 [200,126]
[200,126] 1 [201,130]
[201,130] 1 [202,132]
[202,132] 1 [203,135]
[203,135] 1 [204,138]
[204,138] 1 [205,140]
[205,140] 1 [206,144]
[206,144] 1 [207,147]
[207,147] 1 [208,150]
[208,150] 1 [209,152]
[209,152] 1 [210,156]
[210,156] 1 [211,159]
[211,159] 1 [212,161]
[212,161] 1 [213,164]
[213,164] 1 [214,168]
[214,168] 1 [215,170]
[215,170] 1 [216,172]
[216,172] 1 [217,176]
[217,176] 1 [218,6]
[218,6] 1 [219,6]
[219,6] 1 [220,6]
[220,6] 1 [221,6]
[221,6] 1 [222,6]
[222,6] 1 [223,6]
[223,6] 1 [224,6]
[224,6] 1 [225,6]
[225,6] 1 [226,9]
[226,9] 1 [227,11]
[227,11] 2 [228,8]
[228,8] 1 [229,11]
[229,11] 1 [230,13]
[230,13] 1 [231,17]
[231,17] 2 [232,15]
[232,15] 2 [233,11]
[233,11] 2 [234,8]
[234,8] 0 [235,6]
[235,6] 1 [236,7]
[236,7] 1 [237,9]
[237,9] 1 [238,12]
[238,12] 2 [239,9]
[239,9] 1 [240,7]
[240,7] 1 [241,11]
[241,11] 2 [242,8]
[242,8] 1 [243,11]
[243,11] 1 [244,14]
[244,14] 2 [245,10]
[245,10] 1 [246,12]
[246,12] 1 [247,14]
[247,14] 1 [248,17]
[248,17] 1 [249,21]
[249,21] 1 [250,24]
[250,24] 1 [251,26]
[251,26] 1 [252,30]
[252,30] 1 [253,32]
[253,32] 1 [254,35]
[254,35] 1 [255,37]
[255,37] 1 [256,39]
[256,39] 1 [257,42]
[257,42] 1 [258,46]
[258,46] 1 [259,50]
[259,50] 1 [260,54]
[260,54] 1 [261,56]
[261,56] 1 [262,59]
[262,59] 1 [263,63]
[263,63] 1 [264,67]
[264,67] 1 [265,71]
[265,71] 1 [266,73]
[266,73] 1 [267,75]
[267,75] 1 [268,79]
[268,79] 1 [269,81]
[269,81] 1 [270,83]
[270,83] 1 [271,87]
[271,87] 1 [272,90]
[272,90] 1 [273,93]
[273,93] 1 [274,97]
[274,97] 1 [275,99]
[275,99] 1 [276,101]
[276,101] 1 [277,104]
[277,104] 1 [278,106]
[278,106] 1 [279,109]
[279,109] 1 [280,111]
[280,111] 1 [281,113]
[281,113] 1 [282,115]
[282,115] 1 [283,119]
[283,119] 1 [284,121]
[284,121] 1 [285,124]
[285,124] 1 [286,128]
[286,128] 1 [287,132]
[287,132] 0 [288,133]
[288,133] 1 [289,135]
[289,135] 1 [290,137]
[290,137] 1 [291,140]
[291,140] 1 [292,142]
[292,142] 1 [293,145]
[293,145] 1 [294,147]
[294,147] 1 [295,151]
[295,151] 1 [296,153]
[296,153] 1 [297,157]
[297,157] 1 [298,160]
[298,160] 1 [299,164]
[299,164] 1 [300,166]
[300,166] 1 [301,169]
[301,169] 1 [302,173]
[302,173] 1 [303,177]
[303,177] 1 [304,6]
[304,6] 1 [305,6]
[305,6] 1 [306,6]
[306,6] 1 [307,6]
[307,6] 1 [308,6]
[308,6] 1 [309,6]
[309,6] 1 [310,6]
[310,6] 1 [311,6]
[311,6] 1 [312,6]
[312,6] 0 [313,6]
[313,6] 1 [314,8]
[314,8] 1 [315,11]
[315,11] 2 [316,7]
[316,7] 1 [317,11]
[317,11] 2 [318,8]
[318,8] 1 [319,10]
[319,10] 1 [320,12]
[320,12] 2 [321,8]
[321,8] 1 [322,11]
[322,11] 2 [323,8]
[323,8] 1 [324,11]
[324,11] 1 [325,13]
[325,13] 1 [326,15]
[326,15] 1 [327,17]
[327,17] 1 [328,21]
[328,21] 2 [329,17]
[329,17] 2 [330,13]
[330,13] 1 [331,15]
[331,15] 1 [332,17]
[332,17] 1 [333,21]
[333,21] 1 [334,23]
[334,23] 1 [335,25]
[335,25] 1 [336,27]
[336,27] 1 [337,29]
[337,29] 1 [338,32]
[338,32] 1 [339,34]
[339,34] 1 [340,36]
[340,36] 1 [341,38]
[341,38] 1 [342,42]
[342,42] 1 [343,46]
[343,46] 1 [344,48]
[344,48] 1 [345,51]
[345,51] 1 [346,53]
[346,53] 1 [347,55]
[347,55] 1 [348,57]
[348,57] 1 [349,60]
[349,60] 1 [350,64]
[350,64] 1 [351,67]
[351,67] 1 [352,71]
[352,71] 1 [353,74]
[353,74] 1 [354,78]
[354,78] 1 [355,82]
[355,82] 1 [356,86]
[356,86] 1 [357,89]
[357,89] 1 [358,91]
[358,91] 1 [359,95]
[359,95] 1 [360,97]
[360,97] 1 [361,100]
[361,100] 1 [362,102]
[362,102] 1 [363,106]
[363,106] 1 [364,108]
[364,108] 1 [365,110]
[365,110] 1 [366,112]
[366,112] 1 [367,114]
[367,114] 1 [368,116]
[368,116] 2 [369,114]
[369,114] 2 [370,111]
[370,111] 2 [371,108]
[371,108] 1 [372,110]
[372,110] 1 [373,113]
[373,113] 1 [374,115]
[374,115] 1 [375,119]
[375,119] 1 [376,122]
[376,122] 1 [377,126]
[377,126] 1 [378,130]
[378,130] 1 [379,133]
[379,133] 1 [380,136]
[380,136] 1 [381,140]
[381,140] 1 [382,143]
[382,143] 1 [383,146]
[383,146] 1 [384,148]
[384,148] 1 [385,150]
[385,150] 1 [386,152]
[386,152] 1 [387,155]
[387,155] 1 [388,159]
[388,159] 1 [389,161]
[389,161] 1 [390,163]
[390,163] 1 [391,167]
[391,167] 1 [392,170]
[392,170] 1 [393,173]
[393,173] 1 [394,175]
[394,175] 1 [395,177]
[395,177] 1 [396,6]
[396,6] 1 [397,6]
[397,6] 1 [398,6]
[398,6] 1 [399,6]
[399,6] 1 [400,6]
[400,6] 1 [401,6]
[401,6] 1 [402,6]
[402,6] 1 [403,6]
[403,6] 1 [404,7]
[404,7] 0 [405,7]
[405,7] 1 [406,8]
[406,8] 2 [407,6]
[407,6] 1 [408,7]
[408,7] 1 [409,9]
[409,9] 1 [410,12]
[410,12] 2 [411,9]
[411,9] 1 [412,9]
[412,9] 2 [413,7]
[413,7] 1 [414,7]
[414,7] 1 [415,9]
[415,9] 1 [416,11]
[416,11] 2 [417,7]
[417,7] 1 [418,9]
[418,9] 1 [419,11]
[419,11] 1 [420,13]
[420,13] 2 [421,9]
[421,9] 1 [422,8]
[422,8] 1 [423,11]
[423,11] 1 [424,14]
[424,14] 1 [425,16]
[425,16] 1 [426,20]
[426,20] 2 [427,16]
[427,16] 1 [428,19]
[428,19] 1 [429,22]
[429,22] 1 [430,26]
[430,26] 1 [431,29]
[431,29] 1 [432,31]
[432,31] 1 [433,34]
[433,34] 1 [434,38]
[434,38] 1 [435,42]
[435,42] 1 [436,45]
[436,45] 1 [437,48]
[437,48] 1 [438,52]
[438,52] 1 [439,56]
[439,56] 1 [440,59]
[440,59] 1 [441,61]
[441,61] 1 [442,64]
[442,64] 1 [443,67]
[443,67] 1 [444,70]
[444,70] 1 [445,72]
[445,72] 1 [446,75]
[446,75] 1 [447,77]
[447,77] 1 [448,80]
[448,80] 1 [449,82]
[449,82] 1 [450,85]
[450,85] 1 [451,87]
[451,87] 1 [452,89]
[452,89] 1 [453,91]
[453,91] 1 [454,94]
[454,94] 1 [455,98]
[455,98] 1 [456,101]
[456,101] 1 [457,104]
[457,104] 1 [458,107]
[458,107] 2 [459,104]
[459,104] 1 [460,103]
[460,103] 1 [461,105]
[461,105] 1 [462,108]
[462,108] 1 [463,110]
[463,110] 1 [464,114]
[464,114] 1 [465,118]
[465,118] 1 [466,121]
[466,121] 1 [467,125]
[467,125] 1 [468,127]
[468,127] 1 [469,129]
[469,129] 1 [470,131]
[470,131] 1 [471,135]
[471,135] 1 [472,139]
[472,139] 1 [473,142]
[473,142] 1 [474,144]
[474,144] 1 [475,146]
[475,146] 1 [476,149]
[476,149] 1 [477,152]
[477,152] 1 [478,154]
[478,154] 1 [479,158]
[479,158] 1 [480,160]
[480,160] 1 [481,163]
[481,163] 1 [482,165]
[482,165] 1 [483,167]
[483,167] 1 [484,170]
[484,170] 1 [485,172]
[485,172] 1 [486,175]
[486,175] 1 [487,177]
[487,177] 1 [488,6]
[488,6] 1 [489,6]
[489,6] 1 [490,6]
[490,6] 1 [491,6]
[491,6] 1 [492,6]
[492,6] 1 [493,6]
[493,6] 1 [494,6]
[494,6] 1 [495,6]
[495,6] 1 [496,6]
[496,6] 1 [497,6]
[497,6] 1 [498,8]
[498,8] 1 [499,12]
[499,12] 1 [500,15]
[500,15] 1 [501,17]
[501,17] 2 [502,16]
[502,16] 1 [503,20]
[503,20] 2 [504,16]
[504,16] 1 [505,13]
[505,13] 1 [506,15]
[506,15] 1 [507,19]
[507,19] 1 [508,23]
[508,23] 1 [509,25]
[509,25] 1 [510,27]
[510,27] 2 [511,23]
[511,23] 1 [512,26]
[512,26] 1 [513,28]
[513,28] 1 [514,31]
[514,31] 1 [515,33]
[515,33] 1 [516,36]
[516,36] 1 [517,39]
[517,39] 1 [518,42]
[518,42] 1 [519,46]
[519,46] 1 [520,50]
[520,50] 1 [521,54]
[521,54] 1 [522,57]
[522,57] 1 [523,61]
[523,61] 1 [524,63]
[524,63] 1 [525,67]
[525,67] 1 [526,71]
[526,71] 1 [527,75]
[527,75] 1 [528,79]
[528,79] 1 [529,81]
[529,81] 1 [530,84]
[530,84] 1 [531,86]
[531,86] 1 [532,89]
[532,89] 1 [533,93]
[533,93] 1 [534,95]
[534,95] 1 [535,97]
[535,97] 1 [536,101]
[536,101] 1 [537,105]
[537,105] 1 [538,108]
[538,108] 1 [539,110]
[539,110] 1 [540,114]
[540,114] 1 [541,116]
[541,116] 1 [542,119]
[542,119] 1 [543,121]
[543,121] 1 [544,125]
[544,125] 1 [545,127]
[545,127] 1 [546,129]
[546,129] 1 [547,131]
[547,131] 1 [548,133]
[548,133] 1 [549,135]
[549,135] 1 [550,138]
[550,138] 1 [551,142]
[551,142] 1 [552,144]
[552,144] 1 [553,146]
[553,146] 1 [554,150]
[554,150] 1 [555,153]
[555,153] 1 [556,157]
[556,157] 1 [557,159]
[557,159] 1 [558,162]
[558,162] 1 [559,164]
[559,164] 1 [560,167]
[560,167] 1 [561,171]
[561,171] 1 [562,175]
[562,175] 1 [563,177]
[563,177] 1 [564,6]
[564,6] 1 [565,6]
[565,6] 1 [566,6]
[566,6] 1 [567,6]
[567,6] 1 [568,6]
[568,6] 1 [569,6]
[569,6] 1 [570,6]
[570,6] 1 [571,6]
[571,6] 1 [572,6]
[572,6] 1 [573,6]
[573,6] 1 [574,7]
[574,7] 2 [575,6]
[575,6] 1 [576,8]
[576,8] 1 [577,10]
[577,10] 1 [578,14]
[578,14] 1 [579,17]
[579,17] 1 [580,19]
[580,19] 1 [581,22]
[581,22] 1 [582,26]
[582,26] 1 [583,30]
[583,30] 1 [584,34]
[584,34] 1 [585,38]
[585,38] 1 [586,42]
[586,42] 1 [587,46]
[587,46] 1 [588,50]
[588,50] 1 [589,53]
[589,53] 1 [590,57]
[590,57] 1 [591,59]
[591,59] 1 [592,63]
[592,63] 1 [593,67]
[593,67] 1 [594,69]
[594,69] 1 [595,73]
[595,73] 1 [596,75]
[596,75] 1 [597,77]
[597,77] 1 [598,81]
[598,81] 1 [599,85]
[599,85] 1 [600,88]
[600,88] 1 [601,92]
[601,92] 1 [602,95]
[602,95] 1 [603,97]
[603,97] 1 [604,100]
[604,100] 1 [605,104]
[605,104] 1 [606,108]
[606,108] 1 [607,110]
[607,110] 1 [608,114]
[608,114] 1 [609,117]
[609,117] 1 [610,121]
[610,121] 1 [611,124]
[611,124] 1 [612,128]
[612,128] 1 [613,130]
[613,130] 1 [614,134]
[614,134] 1 [615,136]
[615,136] 1 [616,140]
[616,140] 1 [617,143]
[617,143] 1 [618,147]
[618,147] 1 [619,150]
[619,150] 1 [620,153]
[620,153] 1 [621,157]
[621,157] 1 [622,160]
[622,160] 1 [623,163]
[623,163] 1 [624,167]
[624,167] 1 [625,171]
[625,171] 1 [626,175]
[626,175] 1 [627,177]
[627,177] 1 [628,6]
[628,6] 1 [629,6]
[629,6] 1 [630,6]
[630,6] 1 [631,6]
[631,6] 1 [632,6]
[632,6] 1 [633,6]
[633,6] 1 [634,6]
[634,6] 1 [635,6]
[635,6] 1 [636,6]
[636,6] 1 [637,6]
[637,6] 0 [638,6]
[638,6] 1 [639,9]
[639,9] 1 [640,13]
[640,13] 2 [641,9]
[641,9] 1 [642,11]
[642,11] 1 [643,13]
[643,13] 1 [644,17]
[644,17] 2 [645,13]
[645,13] 1 [646,14]
[646,14] 1 [647,17]
[647,17] 1 [648,19]
[648,19] 1 [649,21]
[649,21] 1 [650,23]
[650,23] 1 [651,27]
[651,27] 1 [652,30]
[652,30] 1 [653,32]
[653,32] 1 [654,35]
[654,35] 1 [655,39]
[655,39] 1 [656,42]
[656,42] 1 [657,46]
[657,46] 1 [658,49]
[658,49] 1 [659,51]
[659,51] 1 [660,55]
[660,55] 1 [661,58]
[661,58] 1 [662,62]
[662,62] 1 [663,66]
[663,66] 1 [664,68]
[664,68] 1 [665,70]
[665,70] 1 [666,72]
[666,72] 1 [667,76]
[667,76] 1 [668,80]
[668,80] 1 [669,82]
[669,82] 1 [670,86]
[670,86] 1 [671,90]
[671,90] 1 [672,92]
[672,92] 1 [673,94]
[673,94] 1 [674,96]
[674,96] 1 [675,99]
[675,99] 1 [676,103]
[676,103] 1 [677,105]
[677,105] 1 [678,107]
[678,107] 1 [679,110]
[679,110] 1 [680,112]
[680,112] 1 [681,114]
[681,114] 1 [682,118]
[682,118] 1 [683,120]
[683,120] 1 [684,124]
[684,124] 1 [685,128]
[685,128] 1 [686,131]
[686,131] 1 [687,135]
[687,135] 1 [688,137]
[688,137] 1 [689,139]
[689,139] 1 [690,142]
[690,142] 1 [691,146]
[691,146] 1 [692,149]
[692,149] 1 [693,153]
[693,153] 1 [694,155]
[694,155] 1 [695,158]
[695,158] 1 [696,160]
[696,160] 1 [697,163]
[697,163] 1 [698,165]
[698,165] 1 [699,169]
[699,169] 1 [700,172]
[700,172] 1 [701,176]
[701,176] 1 [702,6]
[702,6] 1 [703,6]
[703,6] 1 [704,6]
[704,6] 1 [705,6]
[705,6] 1 [706,6]
[706,6] 1 [707,6]
[707,6] 1 [708,6]
[708,6] 1 [709,6]
[709,6] 1 [710,6]
[710,6] 1 [711,6]
[711,6] 1 [712,6]
[712,6] 1 [713,9]
[713,9] 1 [714,13]
[714,13] 1 [715,16]
[715,16] 1 [716,19]
[716,19] 0 [717,20]
[717,20] 2 [718,18]
[718,18] 1 [719,16]
[719,16] 1 [720,19]
[720,19] 1 [721,21]
[721,21] 1 [722,25]
[722,25] 1 [723,29]
[723,29] 1 [724,33]
[724,33] 1 [725,36]
[725,36] 1 [726,40]
[726,40] 1 [727,42]
[727,42] 1 [728,44]
[728,44] 1 [729,48]
[729,48] 1 [730,50]
[730,50] 1 [731,52]
[731,52] 1 [732,55]
[732,55] 1 [733,58]
[733,58] 1 [734,62]
[734,62] 1 [735,64]
[735,64] 1 [736,67]
[736,67] 1 [737,70]
[737,70] 1 [738,73]
[738,73] 1 [739,77]
[739,77] 1 [740,80]
[740,80] 1 [741,84]
[741,84] 1 [742,86]
[742,86] 1 [743,88]
[743,88] 1 [744,90]
[744,90] 1 [745,92]
[745,92] 1 [746,95]
[746,95] 1 [747,97]
[747,97] 1 [748,101]
[748,101] 1 [749,103]
[749,103] 1 [750,105]
[750,105] 1 [751,109]
[751,109] 1 [752,112]
[752,112] 1 [753,116]
[753,116] 1 [754,119]
[754,119] 1 [755,123]
[755,123] 1 [756,127]
[756,127] 1 [757,129]
[757,129] 1 [758,133]
[758,133] 1 [759,135]
[759,135] 1 [760,137]
[760,137] 1 [761,139]
[761,139] 1 [762,143]
[762,143] 1 [763,147]
[763,147] 1 [764,149]
[764,149] 1 [765,152]
[765,152] 1 [766,156]
[766,156] 1 [767,159]
[767,159] 1 [768,162]
[768,162] 1 [769,165]
[769,165] 1 [770,169]
[770,169] 1 [771,172]
[771,172] 1 [772,175]
[772,175] 1 [773,6]
[773,6] 1 [774,6]
[774,6] 1 [775,6]
[775,6] 1 [776,6]
[776,6] 1 [777,6]
[777,6] 1 [778,6]
[778,6] 1 [779,6]
[779,6] 1 [780,6]
[780,6] 1 [781,6]
[781,6] 1 [782,7]
[782,7] 1 [783,10]
[783,10] 1 [784,12]
[784,12] 1 [785,14]
[785,14] 1 [786,18]
[786,18] 1 [787,21]
[787,21] 1 [788,25]
[788,25] 1 [789,29]
[789,29] 1 [790,33]
[790,33] 1 [791,37]
[791,37] 1 [792,41]
[792,41] 1 [793,44]
[793,44] 1 [794,47]
[794,47] 1 [795,49]
[795,49] 1 [796,51]
[796,51] 1 [797,53]
[797,53] 1 [798,55]
[798,55] 1 [799,57]
[799,57] 1 [800,61]
[800,61] 1 [801,65]
[801,65] 1 [802,68]
[802,68] 1 [803,70]
[803,70] 1 [804,74]
[804,74] 1 [805,76]
[805,76] 1 [806,78]
[806,78] 1 [807,82]
[807,82] 1 [808,85]
[808,85] 1 [809,88]
[809,88] 1 [810,92]
[810,92] 1 [811,94]
[811,94] 1 [812,97]
[812,97] 1 [813,101]
[813,101] 1 [814,105]
[814,105] 1 [815,107]
[815,107] 1 [816,110]
[816,110] 1 [817,113]
[817,113] 1 [818,117]
[818,117] 1 [819,120]
[819,120] 1 [820,124]
[820,124] 1 [821,127]
[821,127] 1 [822,130]
[822,130] 1 [823,132]
[823,132] 1 [824,135]
[824,135] 1 [825,139]
[825,139] 1 [826,143]
[826,143] 1 [827,146]
[827,146] 1 [828,148]
[828,148] 1 [829,152]
[829,152] 1 [830,156]
[830,156] 1 [831,158]
[831,158] 1 [832,160]
[832,160] 1 [833,164]
[833,164] 1 [834,166]
[834,166] 1 [835,168]
[835,168] 1 [836,170]
[836,170] 1 [837,174]
[837,174] 1 [838,177]
[838,177] 1 [839,6]
[839,6] 1 [840,6]
[840,6] 1 [841,6]
[841,6] 1 [842,6]
[842,6] 1 [843,6]
[843,6] 1 [844,6]
[844,6] 1 [845,6]
[845,6] 1 [846,6]
[846,6] 1 [847,9]
[847,9] 1 [848,13]
[848,13] 1 [849,17]
[849,17] 0 [850,17]
[850,17] 2 [851,15]
[851,15] 2 [852,12]
[852,12] 2 [853,9]
[853,9] 2 [854,6]
[854,6] 1 [855,8]
[855,8] 1 [856,11]
[856,11] 1 [857,13]
[857,13] 1 [858,17]
[858,17] 1 [859,19]
[859,19] 2 [860,17]
[860,17] 1 [861,19]
[861,19] 1 [862,22]
[862,22] 1 [863,25]
[863,25] 1 [864,28]
[864,28] 1 [865,30]
[865,30] 1 [866,34]
[866,34] 1 [867,36]
[867,36] 1 [868,39]
[868,39] 1 [869,43]
[869,43] 1 [870,46]
[870,46] 1 [871,50]
[871,50] 1 [872,52]
[872,52] 1 [873,56]
[873,56] 1 [874,60]
[874,60] 1 [875,62]
[875,62] 1 [876,64]
[876,64] 1 [877,67]
[877,67] 1 [878,71]
[878,71] 1 [879,74]
[879,74] 1 [880,78]
[880,78] 1 [881,81]
[881,81] 1 [882,84]
[882,84] 1 [883,87]
[883,87] 1 [884,91]
[884,91] 1 [885,94]
[885,94] 1 [886,98]
[886,98] 1 [887,101]
[887,101] 1 [888,103]
[888,103] 1 [889,106]
[889,106] 1 [890,110]
[890,110] 1 [891,114]
[891,114] 1 [892,117]
[892,117] 1 [893,119]
[893,119] 1 [894,123]
[894,123] 1 [895,127]
[895,127] 1 [896,131]
[896,131] 1 [897,134]
[897,134] 1 [898,138]
[898,138] 1 [899,141]
[899,141] 1 [900,145]
[900,145] 1 [901,149]
[901,149] 1 [902,153]
[902,153] 1 [903,156]
[903,156] 1 [904,158]
[904,158] 1 [905,160]
[905,160] 1 [906,163]
[906,163] 1 [907,167]
[907,167] 1 [908,171]
[908,171] 1 [909,174]
[909,174] 1 [910,176]
[910,176] 1 [911,6]
[911,6] 1 [912,6]
[912,6] 1 [913,6]
[913,6] 1 [914,6]
[914,6] 1 [915,6]
[915,6] 1 [916,6]
[916,6] 1 [917,6]
[917,6] 1 [918,6]
[918,6] 1 [919,6]
[919,6] 1 [920,6]
[920,6] 1 [921,6]
[921,6] 1 [922,8]
[922,8] 2 [923,6]
[923,6] 1 [924,9]
[924,9] 1 [925,13]
[925,13] 1 [926,15]
[926,15] 1 [927,17]
[927,17] 1 [928,19]
[928,19] 1 [929,22]
[929,22] 1 [930,24]
[930,24] 1 [931,26]
[931,26] 1 [932,29]
[932,29] 1 [933,33]
[933,33] 0 [934,33]
[934,33] 1 [935,36]
[935,36] 1 [936,40]
[936,40] 1 [937,44]
[937,44] 1 [938,48]
[938,48] 1 [939,52]
[939,52] 1 [940,56]
[940,56] 1 [941,58]
[941,58] 1 [942,61]
[942,61] 1 [943,64]
[943,64] 1 [944,67]
[944,67] 1 [945,69]
[945,69] 1 [946,71]
[946,71] 1 [947,74]
[947,74] 1 [948,77]
[948,77] 1 [949,79]
[949,79] 1 [950,82]
[950,82] 1 [951,86]
[951,86] 1 [952,88]
[952,88] 1 [953,92]
[953,92] 1 [954,94]
[954,94] 1 [955,98]
[955,98] 1 [956,102]
[956,102] 1 [957,104]
[957,104] 1 [958,108]
[958,108] 1 [959,111]
[959,111] 1 [960,115]
[960,115] 1 [961,117]
[961,117] 1 [962,120]
[962,120] 1 [963,123]
[963,123] 1 [964,127]
[964,127] 1 [965,129]
[965,129] 1 [966,131]
[966,131] 1 [967,135]
[967,135] 1 [968,139]
[968,139] 1 [969,143]
[969,143] 1 [970,145]
[970,145] 1 [971,147]
[971,147] 1 [972,150]
[972,150] 1 [973,153]
[973,153] 1 [974,155]
[974,155] 1 [975,158]
[975,158] 1 [976,161]
[976,161] 1 [977,163]
[977,163] 1 [978,166]
[978,166] 1 [979,169]
[979,169] 1 [980,171]
[980,171] 1 [981,175]
[981,175] 1 [982,6]
[982,6] 1 [983,6]
[983,6] 1 [984,6]
[984,6] 1 [985,6]
[985,6] 1 [986,6]
[986,6] 1 [987,6]
[987,6] 1 [988,6]
[988,6] 1 [989,6]
[989,6] 1 [990,6]
[990,6] 1 [991,6]
[991,6] 1 [992,7]
[992,7] 2 [993,6]
[993,6] 1 [994,7]
[994,7] 1 [995,10]
[995,10] 1 [996,13]
[996,13] 1 [997,16]
[997,16] 2 [998,13]
[998,13] 2 [999,10]
[999,10] 1 [1000,12]
[1000,12] 1 [1001,14]
[1001,14] 1 [1002,16]
[1002,16] 2 [1003,12]
[1003,12] 1 [1004,15]
[1004,15] 2 [1005,12]
[1005,12] 0 [1006,10]
[1006,10] 2 [1007,6]
[1007,6] 1 [1008,8]
[1008,8] 1 [1009,10]
[1009,10] 2 [1010,6]
[1010,6] 1 [1011,8]
[1011,8] 1 [1012,10]
[1012,10] 1 [1013,14]
[1013,14] 2 [1014,11]
[1014,11] 2 [1015,7]
[1015,7] 1 [1016,10]
[1016,10] 1 [1017,13]
[1017,13] 1 [1018,16]
[1018,16] 1 [1019,19]
[1019,19] 1 [1020,23]
[1020,23] 2 [1021,22]
[1021,22] 1 [1022,24]
[1022,24] 1 [1023,27]
[1023,27] 1 [1024,29]
[1024,29] 1 [1025,31]
[1025,31] 1 [1026,35]
[1026,35] 1 [1027,37]
[1027,37] 1 [1028,40]
[1028,40] 1 [1029,42]
[1029,42] 1 [1030,46]
[1030,46] 1 [1031,48]
[1031,48] 1 [1032,51]
[1032,51] 1 [1033,54]
[1033,54] 1 [1034,58]
[1034,58] 1 [1035,61]
[1035,61] 1 [1036,64]
[1036,64] 1 [1037,67]
[1037,67] 1 [1038,70]
[1038,70] 1 [1039,74]
[1039,74] 1 [1040,78]
[1040,78] 1 [1041,81]
[1041,81] 1 [1042,84]
[1042,84] 1 [1043,86]
[1043,86] 1 [1044,88]
[1044,88] 1 [1045,92]
[1045,92] 1 [1046,94]
[1046,94] 1 [1047,96]
[1047,96] 1 [1048,100]
[1048,100] 1 [1049,102]
[1049,102] 1 [1050,104]
[1050,104] 1 [1051,108]
[1051,108] 1 [1052,110]
[1052,110] 1 [1053,114]
[1053,114] 1 [1054,117]
[1054,117] 1 [1055,121]
[1055,121] 1 [1056,125]
[1056,125] 1 [1057,127]
[1057,127] 1 [1058,131]
[1058,131] 1 [1059,133]
[1059,133] 1 [1060,135]
[1060,135] 1 [1061,138]
[1061,138] 1 [1062,140]
[1062,140] 1 [1063,142]
[1063,142] 1 [1064,144]
[1064,144] 1 [1065,147]
[1065,147] 1 [1066,151]
[1066,151] 1 [1067,154]
[1067,154] 1 [1068,157]
[1068,157] 1 [1069,160]
[1069,160] 1 [1070,163]
[1070,163] 1 [1071,166]
[1071,166] 1 [1072,168]
[1072,168] 1 [1073,170]
[1073,170] 1 [1074,172]
[1074,172] 1 [1075,175]
[1075,175] 1 [1076,6]
[1076,6] 1 [1077,6]
[1077,6] 1 [1078,6]
[1078,6] 1 [1079,6]
[1079,6] 1 [1080,6]
[1080,6] 1 [1081,6]
[1081,6] 1 [1082,6]
[1082,6] 1 [1083,6]
[1083,6] 1 [1084,6]
[1084,6] 1 [1085,7]
[1085,7] 1 [1086,9]
[1086,9] 2 [1087,7]
[1087,7] 1 [1088,9]
[1088,9] 2 [1089,10]
[1089,10] 2 [1090,6]
[1090,6] 1 [1091,8]
[1091,8] 1 [1092,11]
[1092,11] 2 [1093,9]
[1093,9] 1 [1094,10]
[1094,10] 1 [1095,14]
[1095,14] 1 [1096,16]
[1096,16] 2 [1097,12]
[1097,12] 1 [1098,14]
[1098,14] 1 [1099,17]
[1099,17] 1 [1100,20]
[1100,20] 1 [1101,22]
[1101,22] 1 [1102,24]
[1102,24] 1 [1103,26]
[1103,26] 1 [1104,29]
[1104,29] 1 [1105,33]
[1105,33] 1 [1106,35]
[1106,35] 1 [1107,38]
[1107,38] 1 [1108,40]
[1108,40] 1 [1109,42]
[1109,42] 1 [1110,45]
[1110,45] 1 [1111,47]
[1111,47] 1 [1112,51]
[1112,51] 1 [1113,54]
[1113,54] 1 [1114,58]
[1114,58] 1 [1115,61]
[1115,61] 1 [1116,64]
[1116,64] 1 [1117,68]
[1117,68] 1 [1118,71]
[1118,71] 1 [1119,73]
[1119,73] 1 [1120,75]
[1120,75] 1 [1121,79]
[1121,79] 1 [1122,83]
[1122,83] 1 [1123,87]
[1123,87] 1 [1124,90]
[1124,90] 1 [1125,93]
[1125,93] 1 [1126,97]
[1126,97] 1 [1127,100]
[1127,100] 1 [1128,104]
[1128,104] 1 [1129,107]
[1129,107] 1 [1130,111]
[1130,111] 1 [1131,115]
[1131,115] 1 [1132,118]
[1132,118] 1 [1133,121]
[1133,121] 1 [1134,123]
[1134,123] 1 [1135,127]
[1135,127] 1 [1136,131]
[1136,131] 1 [1137,133]
[1137,133] 1 [1138,135]
[1138,135] 1 [1139,139]
[1139,139] 1 [1140,141]
[1140,141] 1 [1141,145]
[1141,145] 1 [1142,147]
[1142,147] 1 [1143,149]
[1143,149] 1 [1144,151]
[1144,151] 1 [1145,155]
[1145,155] 1 [1146,159]
[1146,159] 1 [1147,162]
[1147,162] 1 [1148,164]
[1148,164] 1 [1149,167]
[1149,167] 1 [1150,169]
[1150,169] 1 [1151,172]
[1151,172] 1 [1152,174]
[1152,174] 1 [1153,176]
[1153,176] 1 [1154,6]
[1154,6] 1 [1155,6]
[1155,6] 1 [1156,6]
[1156,6] 1 [1157,6]
[1157,6] 1 [1158,6]
[1158,6] 1 [1159,6]
[1159,6] 1 [1160,6]
[1160,6] 1 [1161,6]
[1161,6] 1 [1162,6]
[1162,6] 1 [1163,7]
[1163,7] 2 [1164,6]
[1164,6] 1 [1165,10]
[1165,10] 1 [1166,12]
[1166,12] 1 [1167,14]
[1167,14] 0 [1168,14]
[1168,14] 2 [1169,12]
[1169,12] 2 [1170,9]
[1170,9] 1 [1171,11]
[1171,11] 2 [1172,8]
[1172,8] 1 [1173,9]
[1173,9] 1 [1174,12]
[1174,12] 1 [1175,14]
[1175,14] 1 [1176,18]
[1176,18] 1 [1177,22]
[1177,22] 2 [1178,20]
[1178,20] 2 [1179,16]
[1179,16] 2 [1180,12]
[1180,12] 2 [1181,9]
[1181,9] 1 [1182,7]
[1182,7] 0 [1183,6]
[1183,6] 1 [1184,8]
[1184,8] 1 [1185,11]
[1185,11] 2 [1186,7]
[1186,7] 1 [1187,9]
[1187,9] 1 [1188,13]
[1188,13] 1 [1189,16]
[1189,16] 1 [1190,18]
[1190,18] 1 [1191,22]
[1191,22] 1 [1192,24]
[1192,24] 1 [1193,27]
[1193,27] 1 [1194,30]
[1194,30] 1 [1195,33]
[1195,33] 1 [1196,37]
[1196,37] 1 [1197,41]
[1197,41] 1 [1198,44]
[1198,44] 1 [1199,46]
[1199,46] 1 [1200,50]
[1200,50] 1 [1201,53]
[1201,53] 1 [1202,56]
[1202,56] 1 [1203,58]
[1203,58] 1 [1204,62]
[1204,62] 1 [1205,64]
[1205,64] 1 [1206,67]
[1206,67] 1 [1207,69]
[1207,69] 1 [1208,72]
[1208,72] 1 [1209,76]
[1209,76] 1 [1210,79]
[1210,79] 1 [1211,81]
[1211,81] 1 [1212,85]
[1212,85] 1 [1213,89]
[1213,89] 1 [1214,93]
[1214,93] 1 [1215,96]
[1215,96] 1 [1216,98]
[1216,98] 1 [1217,102]
[1217,102] 1 [1218,106]
[1218,106] 1 [1219,109]
[1219,109] 1 [1220,111]
[1220,111] 1 [1221,115]
[1221,115] 1 [1222,117]
[1222,117] 1 [1223,119]
[1223,119] 1 [1224,123]
[1224,123] 2 [1225,119]
[1225,119] 2 [1226,116]
[1226,116] 2 [1227,112]
[1227,112] 1 [1228,115]
[1228,115] 1 [1229,118]
[1229,118] 1 [1230,120]
[1230,120] 1 [1231,122]
[1231,122] 1 [1232,126]
[1232,126] 1 [1233,128]
[1233,128] 1 [1234,131]
[1234,131] 1 [1235,133]
[1235,133] 1 [1236,135]
[1236,135] 1 [1237,139]
[1237,139] 1 [1238,142]
[1238,142] 1 [1239,146]
[1239,146] 1 [1240,150]
[1240,150] 1 [1241,153]
[1241,153] 1 [1242,155]
[1242,155] 1 [1243,157]
[1243,157] 1 [1244,160]
[1244,160] 1 [1245,163]
[1245,163] 1 [1246,167]
[1246,167] 1 [1247,169]
[1247,169] 1 [1248,172]
[1248,172] 1 [1249,176]
[1249,176] 1 [1250,6]
[1250,6] 1 [1251,6]
[1251,6] 1 [1252,6]
[1252,6] 1 [1253,6]
[1253,6] 1 [1254,6]
[1254,6] 1 [1255,6]
[1255,6] 1 [1256,6]
[1256,6] 1 [1257,6]
[1257,6] 1 [1258,6]
[1258,6] 1 [1259,6]
[1259,6] 1 [1260,8]
[1260,8] 1 [1261,11]
[1261,11] 1 [1262,14]
[1262,14] 1 [1263,18]
[1263,18] 1 [1264,22]
[1264,22] 1 [1265,24]
[1265,24] 1 [1266,27]
[1266,27] 1 [1267,30]
[1267,30] 1 [1268,33]
[1268,33] 1 [1269,36]
[1269,36] 1 [1270,39]
[1270,39] 1 [1271,42]
[1271,42] 1 [1272,45]
[1272,45] 1 [1273,49]
[1273,49] 1 [1274,52]
[1274,52] 1 [1275,55]
[1275,55] 1 [1276,59]
[1276,59] 1 [1277,61]
[1277,61] 1 [1278,63]
[1278,63] 1 [1279,67]
[1279,67] 1 [1280,71]
[1280,71] 1 [1281,74]
[1281,74] 1 [1282,77]
[1282,77] 1 [1283,79]
[1283,79] 1 [1284,82]
[1284,82] 1 [1285,86]
[1285,86] 1 [1286,88]
[1286,88] 1 [1287,92]
[1287,92] 1 [1288,95]
[1288,95] 1 [1289,98]
[1289,98] 1 [1290,101]
[1290,101] 1 [1291,104]
[1291,104] 1 [1292,106]
[1292,106] 1 [1293,109]
[1293,109] 1 [1294,113]
[1294,113] 1 [1295,116]
[1295,116] 1 [1296,120]
[1296,120] 1 [1297,122]
[1297,122] 1 [1298,125]
[1298,125] 1 [1299,129]
[1299,129] 1 [1300,133]
[1300,133] 1 [1301,136]
[1301,136] 1 [1302,139]
[1302,139] 1 [1303,141]
[1303,141] 1 [1304,144]
[1304,144] 1 [1305,148]
[1305,148] 1 [1306,150]
[1306,150] 1 [1307,154]
[1307,154] 1 [1308,157]
[1308,157] 1 [1309,160]
[1309,160] 1 [1310,164]
[1310,164] 1 [1311,168]
[1311,168] 1 [1312,170]
[1312,170] 1 [1313,172]
[1313,172] 1 [1314,174]
[1314,174] 1 [1315,177]
[1315,177] 1 [1316,6]
[1316,6] 1 [1317,6]
[1317,6] 1 [1318,6]
[1318,6] 1 [1319,6]
[1319,6] 1 [1320,6]
[1320,6] 1 [1321,6]
[1321,6] 1 [1322,6]
[1322,6] 1 [1323,6]
[1323,6] 1 [1324,6]
[1324,6] 1 [1325,6]
[1325,6] 1 [1326,6]
[1326,6] 1 [1327,6]
[1327,6] 0 [1328,6]
[1328,6] 1 [1329,10]
[1329,10] 1 [1330,14]
[1330,14] 1 [1331,17]
[1331,17] 0 [1332,17]
[1332,17] 1 [1333,19]
[1333,19] 2 [1334,15]
[1334,15] 1 [1335,18]
[1335,18] 1 [1336,22]
[1336,22] 1 [1337,24]
[1337,24] 1 [1338,28]
[1338,28] 1 [1339,30]
[1339,30] 1 [1340,34]
[1340,34] 1 [1341,37]
[1341,37] 1 [1342,40]
[1342,40] 1 [1343,43]
[1343,43] 1 [1344,47]
[1344,47] 1 [1345,50]
[1345,50] 0 [1346,51]
[1346,51] 0 [1347,51]
[1347,51] 2 [1348,47]
[1348,47] 1 [1349,49]
[1349,49] 1 [1350,52]
[1350,52] 1 [1351,55]
[1351,55] 2 [1352,53]
[1352,53] 1 [1353,50]
[1353,50] 1 [1354,53]
[1354,53] 1 [1355,55]
[1355,55] 1 [1356,59]
[1356,59] 1 [1357,63]
[1357,63] 1 [1358,67]
[1358,67] 1 [1359,70]
[1359,70] 1 [1360,72]
[1360,72] 1 [1361,76]
[1361,76] 1 [1362,80]
[1362,80] 1 [1363,83]
[1363,83] 1 [1364,85]
[1364,85] 1 [1365,87]
[1365,87] 1 [1366,90]
[1366,90] 1 [1367,93]
[1367,93] 1 [1368,97]
[1368,97] 1 [1369,101]
[1369,101] 1 [1370,105]
[1370,105] 1 [1371,109]
[1371,109] 1 [1372,113]
[1372,113] 1 [1373,115]
[1373,115] 1 [1374,118]
[1374,118] 1 [1375,120]
[1375,120] 1 [1376,122]
[1376,122] 1 [1377,124]
[1377,124] 1 [1378,126]
[1378,126] 1 [1379,128]
[1379,128] 1 [1380,131]
[1380,131] 1 [1381,134]
[1381,134] 1 [1382,138]
[1382,138] 1 [1383,141]
[1383,141] 1 [1384,144]
[1384,144] 1 [1385,146]
[1385,146] 1 [1386,150]
[1386,150] 1 [1387,152]
[1387,152] 1 [1388,154]
[1388,154] 1 [1389,158]
[1389,158] 1 [1390,160]
[1390,160] 1 [1391,163]
[1391,163] 1 [1392,165]
[1392,165] 1 [1393,168]
[1393,168] 1 [1394,170]
[1394,170] 1 [1395,174]
[1395,174] 1 [1396,177]
[1396,177] 1 [1397,6]
[1397,6] 1 [1398,6]
[1398,6] 1 [1399,6]
[1399,6] 1 [1400,6]
[1400,6] 1 [1401,6]
[1401,6] 1 [1402,6]
[1402,6] 1 [1403,6]
[1403,6] 1 [1404,6]
[1404,6] 1 [1405,6]
[1405,6] 1 [1406,6]
[1406,6] 0 [1407,6]
[1407,6] 1 [1408,8]
[1408,8] 1 [1409,10]
[1409,10] 1 [1410,12]
[1410,12] 1 [1411,15]
[1411,15] 1 [1412,17]
[1412,17] 2 [1413,14]
[1413,14] 2 [1414,10]
[1414,10] 1 [1415,12]
[1415,12] 2 [1416,10]
[1416,10] 2 [1417,6]
[1417,6] 1 [1418,8]
[1418,8] 1 [1419,12]
[1419,12] 2 [1420,9]
[1420,9] 1 [1421,11]
[1421,11] 2 [1422,8]
[1422,8] 0 [1423,7]
[1423,7] 1 [1424,9]
[1424,9] 0 [1425,9]
[1425,9] 2 [1426,7]
[1426,7] 1 [1427,7]
[1427,7] 1 [1428,9]
[1428,9] 1 [1429,11]
[1429,11] 0 [1430,11]
[1430,11] 2 [1431,8]
[1431,8] 0 [1432,7]
[1432,7] 2 [1433,6]
[1433,6] 1 [1434,10]
[1434,10] 1 [1435,14]
[1435,14] 1 [1436,18]
[1436,18] 1 [1437,20]
[1437,20] 1 [1438,22]
[1438,22] 1 [1439,24]
[1439,24] 1 [1440,28]
[1440,28] 1 [1441,32]
[1441,32] 1 [1442,36]
[1442,36] 1 [1443,39]
[1443,39] 1 [1444,41]
[1444,41] 1 [1445,43]
[1445,43] 1 [1446,46]
[1446,46] 1 [1447,48]
[1447,48] 1 [1448,50]
[1448,50] 1 [1449,53]
[1449,53] 1 [1450,55]
[1450,55] 1 [1451,57]
[1451,57] 1 [1452,61]
[1452,61] 1 [1453,63]
[1453,63] 1 [1454,67]
[1454,67] 1 [1455,69]
[1455,69] 1 [1456,73]
[1456,73] 1 [1457,75]
[1457,75] 1 [1458,79]
[1458,79] 1 [1459,82]
[1459,82] 1 [1460,84]
[1460,84] 1 [1461,86]
[1461,86] 1 [1462,89]
[1462,89] 1 [1463,92]
[1463,92] 1 [1464,94]
[1464,94] 1 [1465,97]
[1465,97] 1 [1466,99]
[1466,99] 1 [1467,101]
[1467,101] 1 [1468,103]
[1468,103] 1 [1469,106]
[1469,106] 1 [1470,108]
[1470,108] 1 [1471,110]
[1471,110] 1 [1472,112]
[1472,112] 1 [1473,114]
[1473,114] 1 [1474,116]
[1474,116] 1 [1475,118]
[1475,118] 1 [1476,121]
[1476,121] 1 [1477,123]
[1477,123] 1 [1478,125]
[1478,125] 1 [1479,127]
[1479,127] 1 [1480,129]
[1480,129] 1 [1481,133]
[1481,133] 1 [1482,136]
[1482,136] 1 [1483,140]
[1483,140] 1 [1484,142]
[1484,142] 1 [1485,144]
[1485,144] 1 [1486,147]
[1486,147] 1 [1487,151]
[1487,151] 1 [1488,153]
[1488,153] 1 [1489,156]
[1489,156] 1 [1490,160]
[1490,160] 1 [1491,162]
[1491,162] 1 [1492,164]
[1492,164] 1 [1493,167]
[1493,167] 1 [1494,169]
[1494,169] 1 [1495,173]
[1495,173] 1 [1496,177]
[1496,177] 1 [1497,6]
[1497,6] 1 [1498,6]
[1498,6] 1 [1499,6]
[1499,6] 1 [1500,6]
[1500,6] 1 [1501,6]
[1501,6] 1 [1502,6]
[1502,6] 1 [1503,6]
[1503,6] 1 [1504,6]
[1504,6] 1 [1505,7]
[1505,7] 1 [1506,10]
[1506,10] 1 [1507,13]
[1507,13] 1 [1508,15]
[1508,15] 0 [1509,16]
[1509,16] 1 [1510,19]
[1510,19] 1 [1511,23]
[1511,23] 1 [1512,26]
[1512,26] 1 [1513,28]
[1513,28] 1 [1514,31]
[1514,31] 1 [1515,33]
[1515,33] 1 [1516,35]
[1516,35] 1 [1517,39]
[1517,39] 1 [1518,41]
[1518,41] 1 [1519,44]
[1519,44] 1 [1520,47]
[1520,47] 1 [1521,49]
[1521,49] 1 [1522,53]
[1522,53] 1 [1523,55]
[1523,55] 1 [1524,58]
[1524,58] 1 [1525,62]
[1525,62] 1 [1526,66]
[1526,66] 1 [1527,70]
[1527,70] 1 [1528,74]
[1528,74] 1 [1529,78]
[1529,78] 1 [1530,80]
[1530,80] 1 [1531,84]
[1531,84] 1 [1532,88]
[1532,88] 1 [1533,91]
[1533,91] 1 [1534,95]
[1534,95] 1 [1535,99]
[1535,99] 1 [1536,103]
[1536,103] 1 [1537,105]
[1537,105] 1 [1538,108]
[1538,108] 1 [1539,110]
[1539,110] 1 [1540,112]
[1540,112] 1 [1541,115]
[1541,115] 1 [1542,118]
[1542,118] 1 [1543,121]
[1543,121] 1 [1544,124]
[1544,124] 1 [1545,127]
[1545,127] 1 [1546,129]
[1546,129] 1 [1547,132]
[1547,132] 1 [1548,136]
[1548,136] 1 [1549,140]
[1549,140] 1 [1550,144]
[1550,144] 1 [1551,146]
[1551,146] 1 [1552,150]
[1552,150] 1 [1553,153]
[1553,153] 1 [1554,157]
[1554,157] 1 [1555,159]
[1555,159] 1 [1556,161]
[1556,161] 1 [1557,164]
[1557,164] 1 [1558,167]
[1558,167] 1 [1559,171]
[1559,171] 1 [1560,173]
[1560,173] 1 [1561,175]
[1561,175] 1 [1562,6]
[1562,6] 1 [1563,6]
[1563,6] 1 [1564,6]
[1564,6] 1 [1565,6]
[1565,6] 1 [1566,6]
[1566,6] 1 [1567,6]
[1567,6] 1 [1568,6]
[1568,6] 1 [1569,6]
[1569,6] 1 [1570,6]
[1570,6] 1 [1571,6]
[1571,6] 1 [1572,6]
[1572,6] 1 [1573,6]
[1573,6] 1 [1574,8]
[1574,8] 0 [1575,8]
[1575,8] 1 [1576,10]
[1576,10] 1 [1577,14]
[1577,14] 1 [1578,16]
[1578,16] 1 [1579,19]
[1579,19] 1 [1580,23]
[1580,23] 0 [1581,23]
[1581,23] 1 [1582,26]
[1582,26] 1 [1583,30]
[1583,30] 1 [1584,33]
[1584,33] 0 [1585,33]
[1585,33] 1 [1586,35]
[1586,35] 1 [1587,37]
[1587,37] 1 [1588,39]
[1588,39] 1 [1589,43]
[1589,43] 1 [1590,46]
[1590,46] 1 [1591,50]
[1591,50] 1 [1592,54]
[1592,54] 1 [1593,56]
[1593,56] 1 [1594,58]
[1594,58] 1 [1595,61]
[1595,61] 1 [1596,65]
[1596,65] 1 [1597,67]
[1597,67] 1 [1598,70]
[1598,70] 1 [1599,73]
[1599,73] 1 [1600,77]
[1600,77] 1 [1601,81]
[1601,81] 1 [1602,85]
[1602,85] 1 [1603,87]
[1603,87] 1 [1604,90]
[1604,90] 1 [1605,92]
[1605,92] 1 [1606,94]
[1606,94] 1 [1607,96]
[1607,96] 1 [1608,100]
[1608,100] 1 [1609,104]
[1609,104] 1 [1610,106]
[1610,106] 1 [1611,109]
[1611,109] 1 [1612,111]
[1612,111] 1 [1613,115]
[1613,115] 1 [1614,118]
[1614,118] 1 [1615,120]
[1615,120] 1 [1616,124]
[1616,124] 1 [1617,126]
[1617,126] 1 [1618,130]
[1618,130] 1 [1619,132]
[1619,132] 1 [1620,136]
[1620,136] 1 [1621,139]
[1621,139] 1 [1622,141]
[1622,141] 1 [1623,143]
[1623,143] 1 [1624,145]
[1624,145] 1 [1625,147]
[1625,147] 1 [1626,150]
[1626,150] 1 [1627,153]
[1627,153] 1 [1628,155]
[1628,155] 1 [1629,157]
[1629,157] 1 [1630,161]
[1630,161] 1 [1631,165]
[1631,165] 1 [1632,169]
[1632,169] 1 [1633,172]
[1633,172] 1 [1634,174]
[1634,174] 1 [1635,177]
[1635,177] 1 [1636,6]
[1636,6] 1 [1637,6]
[1637,6] 1 [1638,6]
[1638,6] 1 [1639,6]
[1639,6] 1 [1640,6]
[1640,6] 1 [1641,6]
[1641,6] 1 [1642,6]
[1642,6] 1 [1643,6]
[1643,6] 1 [1644,6]
[1644,6] 1 [1645,6]
[1645,6] 1 [1646,6]
[1646,6] 1 [1647,6]
[1647,6] 0 [1648,7]
[1648,7] 1 [1649,7]
[1649,7] 1 [1650,11]
[1650,11] 1 [1651,15]
[1651,15] 0 [1652,15]
[1652,15] 2 [1653,13]
[1653,13] 1 [1654,15]
[1654,15] 1 [1655,18]
[1655,18] 1 [1656,22]
[1656,22] 1 [1657,26]
[1657,26] 1 [1658,29]
[1658,29] 1 [1659,33]
[1659,33] 2 [1660,31]
[1660,31] 2 [1661,27]
[1661,27] 1 [1662,28]
[1662,28] 2 [1663,25]
[1663,25] 2 [1664,21]
[1664,21] 1 [1665,23]
[1665,23] 2 [1666,19]
[1666,19] 2 [1667,15]
[1667,15] 1 [1668,15]
[1668,15] 1 [1669,19]
[1669,19] 1 [1670,23]
[1670,23] 1 [1671,26]
[1671,26] 1 [1672,30]
[1672,30] 1 [1673,34]
[1673,34] 1 [1674,37]
[1674,37] 1 [1675,39]
[1675,39] 1 [1676,42]
[1676,42] 1 [1677,45]
[1677,45] 1 [1678,48]
[1678,48] 2 [1679,44]
[1679,44] 1 [1680,46]
[1680,46] 1 [1681,48]
[1681,48] 1 [1682,51]
[1682,51] 1 [1683,55]
[1683,55] 1 [1684,57]
[1684,57] 1 [1685,61]
[1685,61] 1 [1686,64]
[1686,64] 1 [1687,68]
[1687,68] 1 [1688,72]
[1688,72] 1 [1689,76]
[1689,76] 1 [1690,79]
[1690,79] 1 [1691,83]
[1691,83] 1 [1692,85]
[1692,85] 1 [1693,87]
[1693,87] 1 [1694,91]
[1694,91] 1 [1695,94]
[1695,94] 1 [1696,98]
[1696,98] 1 [1697,100]
[1697,100] 1 [1698,102]
[1698,102] 1 [1699,105]
[1699,105] 1 [1700,108]
[1700,108] 1 [1701,110]
[1701,110] 1 [1702,113]
[1702,113] 1 [1703,117]
[1703,117] 1 [1704,119]
[1704,119] 1 [1705,122]
[1705,122] 1 [1706,124]
[1706,124] 1 [1707,128]
[1707,128] 1 [1708,131]
[1708,131] 1 [1709,134]
[1709,134] 1 [1710,138]
[1710,138] 1 [1711,140]
[1711,140] 1 [1712,143]
[1712,143] 1 [1713,146]
[1713,146] 1 [1714,149]
[1714,149] 1 [1715,153]
[1715,153] 1 [1716,155]
[1716,155] 1 [1717,157]
[1717,157] 1 [1718,159]
[1718,159] 1 [1719,162]
[1719,162] 1 [1720,165]
[1720,165] 1 [1721,167]
[1721,167] 1 [1722,170]
[1722,170] 1 [1723,172]
[1723,172] 1 [1724,176]
[1724,176] 1 [1725,6]
[1725,6] 1 [1726,6]
[1726,6] 1 [1727,6]
[1727,6] 1 [1728,6]
[1728,6] 1 [1729,6]
[1729,6] 1 [1730,6]
[1730,6] 1 [1731,6]
[1731,6] 1 [1732,6]
[1732,6] 1 [1733,6]
[1733,6] 1 [1734,6]
[1734,6] 1 [1735,7]
[1735,7] 1 [1736,11]
[1736,11] 1 [1737,15]
[1737,15] 2 [1738,11]
[1738,11] 1 [1739,15]
[1739,15] 1 [1740,19]
[1740,19] 2 [1741,15]
[1741,15] 2 [1742,12]
[1742,12] 1 [1743,15]
[1743,15] 1 [1744,17]
[1744,17] 1 [1745,19]
[1745,19] 1 [1746,23]
[1746,23] 1 [1747,27]
[1747,27] 1 [1748,30]
[1748,30] 1 [1749,32]
[1749,32] 1 [1750,36]
[1750,36] 1 [1751,40]
[1751,40] 1 [1752,43]
[1752,43] 2 [1753,39]
[1753,39] 1 [1754,41]
[1754,41] 1 [1755,44]
[1755,44] 1 [1756,47]
[1756,47] 1 [1757,51]
[1757,51] 1 [1758,55]
[1758,55] 1 [1759,57]
[1759,57] 1 [1760,61]
[1760,61] 1 [1761,63]
[1761,63] 1 [1762,65]
[1762,65] 1 [1763,68]
[1763,68] 1 [1764,70]
[1764,70] 1 [1765,74]
[1765,74] 1 [1766,77]
[1766,77] 1 [1767,80]
[1767,80] 1 [1768,83]
[1768,83] 1 [1769,86]
[1769,86] 1 [1770,90]
[1770,90] 1 [1771,94]
[1771,94] 1 [1772,96]
[1772,96] 1 [1773,99]
[1773,99] 1 [1774,101]
[1774,101] 1 [1775,103]
[1775,103] 1 [1776,107]
[1776,107] 1 [1777,109]
[1777,109] 1 [1778,111]
[1778,111] 1 [1779,114]
[1779,114] 1 [1780,117]
[1780,117] 1 [1781,121]
[1781,121] 1 [1782,125]
[1782,125] 1 [1783,129]
[1783,129] 1 [1784,133]
[1784,133] 1 [1785,136]
[1785,136] 1 [1786,139]
[1786,139] 1 [1787,143]
[1787,143] 1 [1788,145]
[1788,145] 1 [1789,147]
[1789,147] 1 [1790,151]
[1790,151] 1 [1791,155]
[1791,155] 1 [1792,159]
[1792,159] 1 [1793,162]
[1793,162] 1 [1794,165]
[1794,165] 1 [1795,168]
[1795,168] 1 [1796,171]
[1796,171] 1 [1797,174]
[1797,174] 1 [1798,177]
[1798,177] 1 [1799,6]
[1799,6] 1 [1800,6]
[1800,6] 1 [1801,6]
[1801,6] 1 [1802,6]
[1802,6] 1 [1803,6]
[1803,6] 1 [1804,6]
[1804,6] 1 [1805,6]
[1805,6] 1 [1806,6]
[1806,6] 1 [1807,6]
[1807,6] 1 [1808,6]
[1808,6] 1 [1809,6]
[1809,6] 0 [1810,7]
[1810,7] 0 [1811,7]
[1811,7] 1 [1812,10]
[1812,10] 1 [1813,12]
[1813,12] 2 [1814,9]
[1814,9] 1 [1815,11]
[1815,11] 2 [1816,7]
[1816,7] 1 [1817,9]
[1817,9] 2 [1818,6]
[1818,6] 1 [1819,8]
[1819,8] 1 [1820,10]
[1820,10] 1 [1821,13]
[1821,13] 1 [1822,15]
[1822,15] 1 [1823,19]
[1823,19] 2 [1824,15]
[1824,15] 2 [1825,11]
[1825,11] 2 [1826,8]
[1826,8] 1 [1827,11]
[1827,11] 1 [1828,13]
[1828,13] 2 [1829,9]
[1829,9] 1 [1830,11]
[1830,11] 1 [1831,14]
[1831,14] 2 [1832,10]
[1832,10] 1 [1833,12]
[1833,12] 1 [1834,14]
[1834,14] 1 [1835,18]
[1835,18] 1 [1836,21]
[1836,21] 1 [1837,24]
[1837,24] 1 [1838,28]
[1838,28] 1 [1839,31]
[1839,31] 1 [1840,33]
[1840,33] 1 [1841,35]
[1841,35] 2 [1842,31]
[1842,31] 1 [1843,34]
[1843,34] 1 [1844,38]
[1844,38] 1 [1845,41]
[1845,41] 1 [1846,44]
[1846,44] 1 [1847,46]
[1847,46] 1 [1848,48]
[1848,48] 1 [1849,50]
[1849,50] 1 [1850,54]
[1850,54] 1 [1851,58]
[1851,58] 1 [1852,62]
[1852,62] 1 [1853,65]
[1853,65] 1 [1854,68]
[1854,68] 1 [1855,70]
[1855,70] 1 [1856,73]
[1856,73] 1 [1857,76]
[1857,76] 1 [1858,79]
[1858,79] 1 [1859,81]
[1859,81] 1 [1860,83]
[1860,83] 1 [1861,86]
[1861,86] 1 [1862,90]
[1862,90] 1 [1863,93]
[1863,93] 1 [1864,97]
[1864,97] 1 [1865,100]
[1865,100] 1 [1866,104]
[1866,104] 1 [1867,108]
[1867,108] 1 [1868,110]
[1868,110] 1 [1869,114]
[1869,114] 1 [1870,117]
[1870,117] 1 [1871,119]
[1871,119] 2 [1872,115]
[1872,115] 2 [1873,112]
[1873,112] 2 [1874,110]
[1874,110] 1 [1875,112]
[1875,112] 1 [1876,116]
[1876,116] 1 [1877,118]
[1877,118] 1 [1878,121]
[1878,121] 1 [1879,123]
[1879,123] 1 [1880,126]
[1880,126] 1 [1881,128]
[1881,128] 1 [1882,132]
[1882,132] 1 [1883,134]
[1883,134] 1 [1884,138]
[1884,138] 1 [1885,141]
[1885,141] 1 [1886,143]
[1886,143] 1 [1887,145]
[1887,145] 1 [1888,149]
[1888,149] 1 [1889,151]
[1889,151] 1 [1890,153]
[1890,153] 1 [1891,157]
[1891,157] 1 [1892,161]
[1892,161] 1 [1893,164]
[1893,164] 1 [1894,167]
[1894,167] 1 [1895,169]
[1895,169] 1 [1896,171]
[1896,171] 1 [1897,175]
[1897,175] 1 [1898,6]
[1898,6] 1 [1899,6]
[1899,6] 1 [1900,6]
[1900,6] 1 [1901,6]
[1901,6] 1 [1902,6]
[1902,6] 1 [1903,6]
[1903,6] 1 [1904,6]
[1904,6] 1 [1905,6]
[1905,6] 1 [1906,6]
[1906,6] 1 [1907,7]
[1907,7] 1 [1908,9]
[1908,9] 1 [1909,12]
[1909,12] 1 [1910,16]
[1910,16] 1 [1911,20]
[1911,20] 1 [1912,22]
[1912,22] 1 [1913,24]
[1913,24] 1 [1914,28]
[1914,28] 1 [1915,32]
[1915,32] 1 [1916,35]
[1916,35] 1 [1917,37]
[1917,37] 1 [1918,40]
[1918,40] 1 [1919,43]
[1919,43] 1 [1920,46]
[1920,46] 1 [1921,49]
[1921,49] 1 [1922,53]
[1922,53] 1 [1923,55]
[1923,55] 1 [1924,59]
[1924,59] 1 [1925,62]
[1925,62] 1 [1926,65]
[1926,65] 1 [1927,69]
[1927,69] 1 [1928,71]
[1928,71] 1 [1929,75]
[1929,75] 1 [1930,77]
[1930,77] 1 [1931,79]
[1931,79] 1 [1932,81]
[1932,81] 1 [1933,85]
[1933,85] 1 [1934,87]
[1934,87] 1 [1935,91]
[1935,91] 1 [1936,93]
[1936,93] 1 [1937,97]
[1937,97] 1 [1938,101]
[1938,101] 1 [1939,103]
[1939,103] 1 [1940,106]
[1940,106] 1 [1941,109]
[1941,109] 1 [1942,111]
[1942,111] 1 [1943,115]
[1943,115] 1 [1944,118]
[1944,118] 1 [1945,122]
[1945,122] 1 [1946,125]
[1946,125] 1 [1947,128]
[1947,128] 1 [1948,132]
[1948,132] 1 [1949,136]
[1949,136] 1 [1950,138]
[1950,138] 1 [1951,140]
[1951,140] 1 [1952,143]
[1952,143] 1 [1953,146]
[1953,146] 1 [1954,149]
[1954,149] 1 [1955,153]
[1955,153] 1 [1956,157]
[1956,157] 1 [1957,160]
[1957,160] 1 [1958,164]
[1958,164] 1 [1959,168]
[1959,168] 1 [1960,171]
[1960,171] 1 [1961,174]
[1961,174] 1 [1962,177]
[1962,177] 1 [1963,6]
[1963,6] 1 [1964,6]
[1964,6] 1 [1965,6]
[1965,6] 1 [1966,6]
[1966,6] 1 [1967,6]
[1967,6] 1 [1968,6]
[1968,6] 1 [1969,6]
[1969,6] 1 [1970,6]
[1970,6] 1 [1971,6]
[1971,6] 1 [1972,8]
[1972,8] 0 [1973,9]
[1973,9] 2 [1974,6]
[1974,6] 1 [1975,8]
[1975,8] 1 [1976,11]
[1976,11] 1 [1977,15]
[1977,15] 1 [1978,17]
[1978,17] 1 [1979,19]
[1979,19] 1 [1980,23]
[1980,23] 2 [1981,19]
[1981,19] 1 [1982,22]
[1982,22] 1 [1983,26]
[1983,26] 1 [1984,28]
[1984,28] 1 [1985,32]
[1985,32] 1 [1986,35]
[1986,35] 1 [1987,39]
[1987,39] 1 [1988,41]
[1988,41] 1 [1989,45]
[1989,45] 1 [1990,48]
[1990,48] 1 [1991,51]
[1991,51] 1 [1992,54]
[1992,54] 1 [1993,56]
[1993,56] 2 [1994,52]
[1994,52] 0 [1995,50]
[1995,50] 2 [1996,49]
[1996,49] 2 [1997,46]
[1997,46] 1 [1998,48]
[1998,48] 1 [1999,52]
[1999,52] 1 [2000,55]
[2000,55] 1 [2001,58]
[2001,58] 1 [2002,61]
[2002,61] 1 [2003,65]
[2003,65] 1 [2004,69]
[2004,69] 1 [2005,73]
[2005,73] 1 [2006,76]
[2006,76] 1 [2007,80]
[2007,80] 1 [2008,83]
[2008,83] 1 [2009,86]
[2009,86] 1 [2010,88]
[2010,88] 1 [2011,90]
[2011,90] 1 [2012,93]
[2012,93] 1 [2013,96]
[2013,96] 1 [2014,100]
[2014,100] 1 [2015,103]
[2015,103] 1 [2016,107]
[2016,107] 1 [2017,110]
[2017,110] 1 [2018,112]
[2018,112] 1 [2019,114]
[2019,114] 1 [2020,117]
[2020,117] 1 [2021,120]
[2021,120] 1 [2022,123]
[2022,123] 1 [2023,126]
[2023,126] 1 [2024,128]
[2024,128] 1 [2025,131]
[2025,131] 1 [2026,135]
[2026,135] 1 [2027,139]
[2027,139] 1 [2028,143]
[2028,143] 1 [2029,147]
[2029,147] 1 [2030,151]
[2030,151] 1 [2031,155]
[2031,155] 1 [2032,158]
[2032,158] 1 [2033,160]
[2033,160] 1 [2034,164]
[2034,164] 1 [2035,168]
[2035,168] 1 [2036,172]
[2036,172] 1 [2037,174]
[2037,174] 1 [2038,176]
[2038,176] 1 [2039,6]
[2039,6] 1 [2040,6]
[2040,6] 1 [2041,6]
[2041,6] 1 [2042,6]
[2042,6] 1 [2043,6]
[2043,6] 1 [2044,6]
[2044,6] 1 [2045,6]
[2045,6] 1 [2046,6]
[2046,6] 1 [2047,6]
[2047,6] 1 [2048,6]
[2048,6] 1 [2049,6]
[2049,6] 1 [2050,9]
[2050,9] 0 [2051,9]
[2051,9] 1 [2052,11]
[2052,11] 1 [2053,15]
[2053,15] 2 [2054,12]
[2054,12] 1 [2055,13]
[2055,13] 2 [2056,9]
[2056,9] 1 [2057,11]
[2057,11] 2 [2058,8]
[2058,8] 1 [2059,11]
[2059,11] 1 [2060,14]
[2060,14] 1 [2061,16]
[2061,16] 1 [2062,20]
[2062,20] 1 [2063,24]
[2063,24] 1 [2064,27]
[2064,27] 1 [2065,31]
[2065,31] 1 [2066,35]
[2066,35] 1 [2067,37]
[2067,37] 1 [2068,39]
[2068,39] 1 [2069,42]
[2069,42] 1 [2070,46]
[2070,46] 1 [2071,50]
[2071,50] 1 [2072,53]
[2072,53] 1 [2073,57]
[2073,57] 1 [2074,61]
[2074,61] 1 [2075,65]
[2075,65] 1 [2076,69]
[2076,69] 1 [2077,73]
[2077,73] 1 [2078,76]
[2078,76] 1 [2079,80]
[2079,80] 1 [2080,82]
[2080,82] 1 [2081,84]
[2081,84] 1 [2082,87]
[2082,87] 1 [2083,90]
[2083,90] 1 [2084,93]
[2084,93] 1 [2085,95]
[2085,95] 1 [2086,99]
[2086,99] 1 [2087,103]
[2087,103] 1 [2088,106]
[2088,106] 1 [2089,109]
[2089,109] 1 [2090,111]
[2090,111] 1 [2091,113]
[2091,113] 1 [2092,116]
[2092,116] 1 [2093,119]
[2093,119] 1 [2094,121]
[2094,121] 1 [2095,125]
[2095,125] 1 [2096,129]
[2096,129] 1 [2097,133]
[2097,133] 1 [2098,136]
[2098,136] 1 [2099,140]
[2099,140] 1 [2100,142]
[2100,142] 1 [2101,146]
[2101,146] 1 [2102,148]
[2102,148] 1 [2103,151]
[2103,151] 1 [2104,154]
[2104,154] 1 [2105,157]
[2105,157] 1 [2106,160]
[2106,160] 1 [2107,164]
[2107,164] 1 [2108,167]
[2108,167] 1 [2109,170]
[2109,170] 1 [2110,174]
[2110,174] 1 [2111,176]
[2111,176] 1 [2112,6]
[2112,6] 1 [2113,6]
[2113,6] 1 [2114,6]
[2114,6] 1 [2115,6]
[2115,6] 1 [2116,6]
[2116,6] 1 [2117,6]
[2117,6] 1 [2118,6]
[2118,6] 1 [2119,6]
[2119,6] 1 [2120,6]
[2120,6] 1 [2121,6]
[2121,6] 1 [2122,6]
[2122,6] 1 [2123,8]
[2123,8] 1 [2124,11]
[2124,11] 1 [2125,13]
[2125,13] 1 [2126,17]
[2126,17] 2 [2127,13]
[2127,13] 1 [2128,17]
[2128,17] 2 [2129,13]
[2129,13] 1 [2130,13]
[2130,13] 1 [2131,15]
[2131,15] 2 [2132,11]
[2132,11] 1 [2133,14]
[2133,14] 1 [2134,17]
[2134,17] 2 [2135,13]
[2135,13] 1 [2136,15]
[2136,15] 2 [2137,11]
[2137,11] 2 [2138,8]
[2138,8] 1 [2139,8]
[2139,8] 1 [2140,10]
[2140,10] 1 [2141,13]
[2141,13] 1 [2142,15]
[2142,15] 1 [2143,17]
[2143,17] 1 [2144,20]
[2144,20] 1 [2145,22]
[2145,22] 1 [2146,24]
[2146,24] 1 [2147,27]
[2147,27] 1 [2148,31]
[2148,31] 1 [2149,35]
[2149,35] 1 [2150,38]
[2150,38] 1 [2151,42]
[2151,42] 1 [2152,46]
[2152,46] 1 [2153,48]
[2153,48] 1 [2154,50]
[2154,50] 1 [2155,52]
[2155,52] 1 [2156,54]
[2156,54] 1 [2157,58]
[2157,58] 1 [2158,62]
[2158,62] 1 [2159,64]
[2159,64] 1 [2160,68]
[2160,68] 1 [2161,72]
[2161,72] 1 [2162,76]
[2162,76] 1 [2163,78]
[2163,78] 1 [2164,81]
[2164,81] 1 [2165,83]
[2165,83] 1 [2166,87]
[2166,87] 1 [2167,89]
[2167,89] 1 [2168,91]
[2168,91] 1 [2169,94]
[2169,94] 1 [2170,98]
[2170,98] 1 [2171,100]
[2171,100] 1 [2172,104]
[2172,104] 1 [2173,107]
[2173,107] 1 [2174,110]
[2174,110] 1 [2175,113]
[2175,113] 1 [2176,115]
[2176,115] 1 [2177,119]
[2177,119] 1 [2178,121]
[2178,121] 1 [2179,123]
[2179,123] 1 [2180,126]
[2180,126] 1 [2181,130]
[2181,130] 1 [2182,132]
[2182,132] 1 [2183,136]
[2183,136] 1 [2184,138]
[2184,138] 1 [2185,141]
[2185,141] 1 [2186,145]
[2186,145] 1 [2187,149]
[2187,149] 1 [2188,152]
[2188,152] 1 [2189,156]
[2189,156] 1 [2190,160]
[2190,160] 1 [2191,163]
[2191,163] 1 [2192,167]
[2192,167] 1 [2193,169]
[2193,169] 1 [2194,173]
[2194,173] 1 [2195,175]
[2195,175] 1 [2196,177]
[2196,177] 1 [2197,6]
[2197,6] 1 [2198,6]
[2198,6] 1 [2199,6]
[2199,6] 1 [2200,6]
[2200,6] 1 [2201,6]
[2201,6] 1 [2202,6]
[2202,6] 1 [2203,6]
[2203,6] 1 [2204,6]
[2204,6] 1 [2205,6]
[2205,6] 1 [2206,7]
[2206,7] 1 [2207,10]
[2207,10] 1 [2208,12]
[2208,12] 1 [2209,16]
[2209,16] 2 [2210,13]
[2210,13] 1 [2211,16]
[2211,16] 2 [2212,13]
[2212,13] 1 [2213,15]
[2213,15] 2 [2214,11]
[2214,11] 1 [2215,14]
[2215,14] 2 [2216,10]
[2216,10] 1 [2217,13]
[2217,13] 2 [2218,9]
[2218,9] 1 [2219,7]
[2219,7] 0 [2220,7]
[2220,7] 0 [2221,7]
[2221,7] 0 [2222,7]
[2222,7] 0 [2223,7]
[2223,7] 1 [2224,7]
[2224,7] 1 [2225,10]
[2225,10] 1 [2226,12]
[2226,12] 2 [2227,8]
[2227,8] 1 [2228,9]
[2228,9] 2 [2229,7]
[2229,7] 1 [2230,7]
[2230,7] 1 [2231,9]
[2231,9] 1 [2232,11]
[2232,11] 1 [2233,14]
[2233,14] 1 [2234,17]
[2234,17] 1 [2235,20]
[2235,20] 1 [2236,24]
[2236,24] 1 [2237,26]
[2237,26] 1 [2238,28]
[2238,28] 1 [2239,31]
[2239,31] 1 [2240,34]
[2240,34] 1 [2241,37]
[2241,37] 1 [2242,41]
[2242,41] 1 [2243,45]
[2243,45] 1 [2244,47]
[2244,47] 1 [2245,49]
[2245,49] 1 [2246,52]
[2246,52] 1 [2247,54]
[2247,54] 1 [2248,56]
[2248,56] 1 [2249,58]
[2249,58] 1 [2250,62]
[2250,62] 1 [2251,64]
[2251,64] 1 [2252,68]
[2252,68] 1 [2253,71]
[2253,71] 1 [2254,73]
[2254,73] 1 [2255,76]
[2255,76] 1 [2256,79]
[2256,79] 1 [2257,83]
[2257,83] 1 [2258,87]
[2258,87] 1 [2259,91]
[2259,91] 1 [2260,94]
[2260,94] 1 [2261,96]
[2261,96] 1 [2262,99]
[2262,99] 1 [2263,102]
[2263,102] 1 [2264,106]
[2264,106] 1 [2265,108]
[2265,108] 1 [2266,110]
[2266,110] 1 [2267,113]
[2267,113] 1 [2268,117]
[2268,117] 1 [2269,119]
[2269,119] 1 [2270,122]
[2270,122] 1 [2271,125]
[2271,125] 1 [2272,129]
[2272,129] 1 [2273,133]
[2273,133] 1 [2274,136]
[2274,136] 1 [2275,138]
[2275,138] 1 [2276,140]
[2276,140] 1 [2277,142]
[2277,142] 1 [2278,144]
[2278,144] 1 [2279,146]
[2279,146] 1 [2280,149]
[2280,149] 1 [2281,153]
[2281,153] 1 [2282,157]
[2282,157] 1 [2283,159]
[2283,159] 1 [2284,161]
[2284,161] 1 [2285,163]
[2285,163] 1 [2286,166]
[2286,166] 1 [2287,169]
[2287,169] 1 [2288,171]
[2288,171] 1 [2289,173]
[2289,173] 1 [2290,177]
[2290,177] 1 [2291,6]
[2291,6] 1 [2292,6]
[2292,6] 1 [2293,6]
[2293,6] 1 [2294,6]
[2294,6] 1 [2295,6]
[2295,6] 1 [2296,6]
[2296,6] 1 [2297,6]
[2297,6] 1 [2298,6]
[2298,6] 1 [2299,6]
[2299,6] 0 [2300,6]
[2300,6] 1 [2301,8]
[2301,8] 1 [2302,12]
[2302,12] 1 [2303,15]
[2303,15] 1 [2304,19]
[2304,19] 1 [2305,21]
[2305,21] 1 [2306,23]
[2306,23] 1 [2307,26]
[2307,26] 1 [2308,30]
[2308,30] 1 [2309,34]
[2309,34] 1 [2310,36]
[2310,36] 1 [2311,38]
[2311,38] 1 [2312,41]
[2312,41] 1 [2313,44]
[2313,44] 1 [2314,47]
[2314,47] 1 [2315,50]
[2315,50] 1 [2316,53]
[2316,53] 1 [2317,55]
[2317,55] 1 [2318,59]
[2318,59] 1 [2319,61]
[2319,61] 1 [2320,65]
[2320,65] 1 [2321,68]
[2321,68] 1 [2322,72]
[2322,72] 1 [2323,76]
[2323,76] 1 [2324,79]
[2324,79] 1 [2325,82]
[2325,82] 1 [2326,85]
[2326,85] 1 [2327,88]
[2327,88] 1 [2328,92]
[2328,92] 1 [2329,94]
[2329,94] 1 [2330,98]
[2330,98] 1 [2331,100]
[2331,100] 1 [2332,102]
[2332,102] 1 [2333,106]
[2333,106] 1 [2334,108]
[2334,108] 1 [2335,111]
[2335,111] 1 [2336,113]
[2336,113] 1 [2337,115]
[2337,115] 1 [2338,118]
[2338,118] 1 [2339,122]
[2339,122] 1 [2340,125]
[2340,125] 1 [2341,127]
[2341,127] 1 [2342,129]
[2342,129] 1 [2343,131]
[2343,131] 1 [2344,135]
[2344,135] 1 [2345,137]
[2345,137] 1 [2346,140]
[2346,140] 1 [2347,142]
[2347,142] 1 [2348,145]
[2348,145] 1 [2349,148]
[2349,148] 1 [2350,152]
[2350,152] 1 [2351,156]
[2351,156] 1 [2352,158]
[2352,158] 1 [2353,160]
[2353,160] 1 [2354,163]
[2354,163] 1 [2355,166]
[2355,166] 1 [2356,168]
[2356,168] 1 [2357,170]
[2357,170] 1 [2358,172]
[2358,172] 1 [2359,174]
[2359,174] 1 [2360,176]
[2360,176] 1 [2361,6]
[2361,6] 1 [2362,6]
[2362,6] 1 [2363,6]
[2363,6] 1 [2364,6]
[2364,6] 1 [2365,6]
[2365,6] 1 [2366,6]
[2366,6] 1 [2367,6]
[2367,6] 1 [2368,6]
[2368,6] 1 [2369,6]
[2369,6] 1 [2370,7]
[2370,7] 2 [2371,6]
[2371,6] 1 [2372,8]
[2372,8] 1 [2373,11]
[2373,11] 1 [2374,14]
[2374,14] 1 [2375,18]
[2375,18] 1 [2376,21]
[2376,21] 2 [2377,19]
[2377,19] 2 [2378,17]
[2378,17] 2 [2379,13]
[2379,13] 2 [2380,9]
[2380,9] 1 [2381,10]
[2381,10] 1 [2382,12]
[2382,12] 1 [2383,16]
[2383,16] 1 [2384,20]
[2384,20] 1 [2385,23]
[2385,23] 1 [2386,25]
[2386,25] 1 [2387,27]
[2387,27] 1 [2388,29]
[2388,29] 1 [2389,31]
[2389,31] 1 [2390,34]
[2390,34] 1 [2391,36]
[2391,36] 1 [2392,39]
[2392,39] 1 [2393,42]
[2393,42] 1 [2394,44]
[2394,44] 1 [2395,48]
[2395,48] 1 [2396,50]
[2396,50] 1 [2397,53]
[2397,53] 1 [2398,55]
[2398,55] 1 [2399,59]
[2399,59] 1 [2400,61]
[2400,61] 1 [2401,64]
[2401,64] 1 [2402,66]
[2402,66] 1 [2403,69]
[2403,69] 1 [2404,71]
[2404,71] 1 [2405,74]
[2405,74] 1 [2406,78]
[2406,78] 1 [2407,82]
[2407,82] 1 [2408,86]
[2408,86] 1 [2409,88]
[2409,88] 1 [2410,90]
[2410,90] 1 [2411,94]
[2411,94] 1 [2412,98]
[2412,98] 1 [2413,101]
[2413,101] 1 [2414,103]
[2414,103] 1 [2415,107]
[2415,107] 1 [2416,110]
[2416,110] 1 [2417,113]
[2417,113] 1 [2418,116]
[2418,116] 1 [2419,120]
[2419,120] 1 [2420,124]
[2420,124] 1 [2421,128]
[2421,128] 1 [2422,132]
[2422,132] 1 [2423,134]
[2423,134] 1 [2424,137]
[2424,137] 1 [2425,140]
[2425,140] 1 [2426,144]
[2426,144] 1 [2427,148]
[2427,148] 1 [2428,152]
[2428,152] 1 [2429,155]
[2429,155] 1 [2430,157]
[2430,157] 1 [2431,160]
[2431,160] 1 [2432,163]
[2432,163] 1 [2433,165]
[2433,165] 1 [2434,167]
[2434,167] 1 [2435,171]
[2435,171] 1 [2436,173]
[2436,173] 1 [2437,177]
[2437,177] 1 [2438,6]
[2438,6] 1 [2439,6]
[2439,6] 1 [2440,6]
[2440,6] 1 [2441,6]
[2441,6] 1 [2442,6]
[2442,6] 1 [2443,6]
[2443,6] 1 [2444,6]
[2444,6] 1 [2445,6]
[2445,6] 1 [2446,6]
[2446,6] 0 [2447,6]
[2447,6] 1 [2448,8]
[2448,8] 1 [2449,12]
[2449,12] 1 [2450,14]
[2450,14] 1 [2451,16]
[2451,16] 1 [2452,19]
[2452,19] 2 [2453,19]
[2453,19] 2 [2454,16]
[2454,16] 2 [2455,12]
[2455,12] 1 [2456,12]
[2456,12] 1 [2457,15]
[2457,15] 2 [2458,12]
[2458,12] 2 [2459,8]
[2459,8] 1 [2460,9]
[2460,9] 1 [2461,11]
[2461,11] 1 [2462,13]
[2462,13] 1 [2463,16]
[2463,16] 1 [2464,18]
[2464,18] 2 [2465,15]
[2465,15] 2 [2466,12]
[2466,12] 1 [2467,14]
[2467,14] 1 [2468,17]
[2468,17] 1 [2469,19]
[2469,19] 1 [2470,22]
[2470,22] 1 [2471,24]
[2471,24] 2 [2472,20]
[2472,20] 1 [2473,21]
[2473,21] 1 [2474,24]
[2474,24] 1 [2475,28]
[2475,28] 1 [2476,31]
[2476,31] 2 [2477,27]
[2477,27] 1 [2478,25]
[2478,25] 1 [2479,25]
[2479,25] 1 [2480,27]
[2480,27] 1 [2481,30]
[2481,30] 1 [2482,32]
[2482,32] 1 [2483,36]
[2483,36] 1 [2484,40]
[2484,40] 1 [2485,44]
[2485,44] 1 [2486,46]
[2486,46] 1 [2487,48]
[2487,48] 1 [2488,51]
[2488,51] 1 [2489,54]
[2489,54] 1 [2490,58]
[2490,58] 1 [2491,60]
[2491,60] 1 [2492,63]
[2492,63] 1 [2493,66]
[2493,66] 1 [2494,70]
[2494,70] 1 [2495,74]
[2495,74] 1 [2496,76]
[2496,76] 1 [2497,78]
[2497,78] 1 [2498,80]
[2498,80] 1 [2499,84]
[2499,84] 1 [2500,86]
[2500,86] 1 [2501,90]
[2501,90] 1 [2502,93]
[2502,93] 1 [2503,95]
[2503,95] 1 [2504,97]
[2504,97] 1 [2505,101]
[2505,101] 1 [2506,105]
[2506,105] 1 [2507,107]
[2507,107] 1 [2508,110]
[2508,110] 1 [2509,112]
[2509,112] 1 [2510,115]
[2510,115] 2 [2511,115]
[2511,115] 2 [2512,111]
[2512,111] 2 [2513,109]
[2513,109] 1 [2514,111]
[2514,111] 1 [2515,113]
[2515,113] 1 [2516,117]
[2516,117] 1 [2517,119]
[2517,119] 1 [2518,121]
[2518,121] 1 [2519,124]
[2519,124] 1 [2520,127]
[2520,127] 1 [2521,130]
[2521,130] 1 [2522,134]
[2522,134] 1 [2523,138]
[2523,138] 1 [2524,140]
[2524,140] 1 [2525,144]
[2525,144] 1 [2526,146]
[2526,146] 1 [2527,148]
[2527,148] 1 [2528,151]
[2528,151] 1 [2529,154]
[2529,154] 1 [2530,156]
[2530,156] 1 [2531,160]
[2531,160] 1 [2532,164]
[2532,164] 1 [2533,166]
[2533,166] 0 [2534,168]
[2534,168] 1 [2535,171]
[2535,171] 1 [2536,173]
[2536,173] 1 [2537,177]
[2537,177] 1 [2538,6]
[2538,6] 1 [2539,6]
[2539,6] 1 [2540,6]
[2540,6] 1 [2541,6]
[2541,6] 1 [2542,6]
[2542,6] 1 [2543,6]
[2543,6] 1 [2544,6]
[2544,6] 1 [2545,6]
[2545,6] 1 [2546,6]
[2546,6] 1 [2547,6]
[2547,6] 1 [2548,10]
[2548,10] 0 [2549,10]
[2549,10] 2 [2550,6]
[2550,6] 1 [2551,10]
[2551,10] 1 [2552,13]
[2552,13] 2 [2553,11]
[2553,11] 0 [2554,10]
[2554,10] 1 [2555,12]
[2555,12] 2 [2556,9]
[2556,9] 2 [2557,6]
[2557,6] 1 [2558,8]
[2558,8] 1 [2559,11]
[2559,11] 1 [2560,14]
[2560,14] 2 [2561,10]
[2561,10] 1 [2562,10]
[2562,10] 1 [2563,12]
[2563,12] 2 [2564,9]
[2564,9] 2 [2565,6]
[2565,6] 1 [2566,8]
[2566,8] 1 [2567,10]
[2567,10] 1 [2568,12]
[2568,12] 1 [2569,15]
[2569,15] 1 [2570,19]
[2570,19] 1 [2571,23]
[2571,23] 1 [2572,25]
[2572,25] 1 [2573,29]
[2573,29] 1 [2574,31]
[2574,31] 1 [2575,35]
[2575,35] 1 [2576,37]
[2576,37] 1 [2577,41]
[2577,41] 1 [2578,44]
[2578,44] 1 [2579,48]
[2579,48] 1 [2580,51]
[2580,51] 1 [2581,54]
[2581,54] 1 [2582,56]
[2582,56] 1 [2583,59]
[2583,59] 1 [2584,61]
[2584,61] 1 [2585,63]
[2585,63] 1 [2586,65]
[2586,65] 1 [2587,67]
[2587,67] 1 [2588,70]
[2588,70] 1 [2589,73]
[2589,73] 1 [2590,76]
[2590,76] 1 [2591,80]
[2591,80] 1 [2592,82]
[2592,82] 1 [2593,86]
[2593,86] 1 [2594,90]
[2594,90] 1 [2595,93]
[2595,93] 1 [2596,96]
[2596,96] 1 [2597,99]
[2597,99] 2 [2598,97]
[2598,97] 2 [2599,94]
[2599,94] 1 [2600,96]
[2600,96] 1 [2601,98]
[2601,98] 1 [2602,100]
[2602,100] 1 [2603,104]
[2603,104] 1 [2604,108]
[2604,108] 1 [2605,112]
[2605,112] 1 [2606,115]
[2606,115] 1 [2607,118]
[2607,118] 1 [2608,121]
[2608,121] 1 [2609,123]
[2609,123] 1 [2610,125]
[2610,125] 1 [2611,129]
[2611,129] 1 [2612,132]
[2612,132] 1 [2613,135]
[2613,135] 1 [2614,139]
[2614,139] 1 [2615,143]
[2615,143] 1 [2616,146]
[2616,146] 1 [2617,149]
[2617,149] 1 [2618,153]
[2618,153] 1 [2619,157]
[2619,157] 1 [2620,159]
[2620,159] 1 [2621,162]
[2621,162] 1 [2622,166]
[2622,166] 1 [2623,169]
[2623,169] 1 [2624,172]
[2624,172] 1 [2625,175]
[2625,175] 1 [2626,177]
[2626,177] 1 [2627,6]
[2627,6] 1 [2628,6]
[2628,6] 1 [2629,6]
[2629,6] 1 [2630,6]
[2630,6] 1 [2631,6]
[2631,6] 1 [2632,6]
[2632,6] 1 [2633,6]
[2633,6] 1 [2634,6]
[2634,6] 1 [2635,6]
[2635,6] 1 [2636,6]
[2636,6] 0 [2637,6]
[2637,6] 1 [2638,10]
[2638,10] 1 [2639,13]
[2639,13] 0 [2640,15]
[2640,15] 0 [2641,15]
[2641,15] 2 [2642,12]
[2642,12] 2 [2643,8]
[2643,8] 1 [2644,11]
[2644,11] 1 [2645,14]
[2645,14] 1 [2646,17]
[2646,17] 1 [2647,19]
[2647,19] 1 [2648,23]
[2648,23] 1 [2649,25]
[2649,25] 1 [2650,28]
[2650,28] 1 [2651,32]
[2651,32] 1 [2652,34]
[2652,34] 1 [2653,36]
[2653,36] 1 [2654,38]
[2654,38] 1 [2655,42]
[2655,42] 1 [2656,44]
[2656,44] 1 [2657,48]
[2657,48] 1 [2658,52]
[2658,52] 1 [2659,55]
[2659,55] 1 [2660,59]
[2660,59] 1 [2661,62]
[2661,62] 1 [2662,66]
[2662,66] 1 [2663,69]
[2663,69] 1 [2664,73]
[2664,73] 1 [2665,75]
[2665,75] 1 [2666,78]
[2666,78] 1 [2667,82]
[2667,82] 1 [2668,84]
[2668,84] 1 [2669,86]
[2669,86] 1 [2670,88]
[2670,88] 1 [2671,91]
[2671,91] 1 [2672,94]
[2672,94] 1 [2673,96]
[2673,96] 1 [2674,99]
[2674,99] 1 [2675,101]
[2675,101] 1 [2676,105]
[2676,105] 1 [2677,107]
[2677,107] 1 [2678,109]
[2678,109] 1 [2679,111]
[2679,111] 1 [2680,113]
[2680,113] 1 [2681,116]
[2681,116] 1 [2682,118]
[2682,118] 1 [2683,120]
[2683,120] 1 [2684,124]
[2684,124] 1 [2685,127]
[2685,127] 1 [2686,129]
[2686,129] 1 [2687,131]
[2687,131] 1 [2688,133]
[2688,133] 1 [2689,136]
[2689,136] 1 [2690,138]
[2690,138] 1 [2691,142]
[2691,142] 1 [2692,144]
[2692,144] 1 [2693,146]
[2693,146] 1 [2694,150]
[2694,150] 1 [2695,153]
[2695,153] 1 [2696,155]
[2696,155] 1 [2697,157]
[2697,157] 1 [2698,161]
[2698,161] 1 [2699,164]
[2699,164] 1 [2700,166]
[2700,166] 1 [2701,168]
[2701,168] 1 [2702,172]
[2702,172] 1 [2703,174]
[2703,174] 1 [2704,177]
