[0,6] 1 [1,9]
[1,9] 1 [2,11]
[2,11] 1 [3,15]
[3,15] 1 [4,17]
[4,17] 1 [5,21]
[5,21] 1 [6,24]
[6,24] 1 [7,26]
[7,26] 1 [8,30]
[8,30] 1 [9,33]
[9,33] 1 [10,36]
[10,36] 1 [11,39]
[11,39] 1 [12,42]
[12,42] 1 [13,46]
[13,46] 1 [14,50]
[14,50] 1 [15,53]
[15,53] 1 [16,56]
[16,56] 1 [17,60]
[17,60] 1 [18,63]
[18,63] 1 [19,67]
[19,67] 1 [20,69]
[20,69] 1 [21,71]
[21,71] 1 [22,75]
[22,75] 1 [23,77]
[23,77] 1 [24,79]
[24,79] 1 [25,81]
[25,81] 1 [26,84]
[26,84] 1 [27,87]
[27,87] 1 [28,90]
[28,90] 1 [29,92]
[29,92] 1 [30,95]
[30,95] 1 [31,98]
[31,98] 1 [32,102]
[32,102] 1 [33,104]
[33,104] 1 [34,108]
[34,108] 1 [35,111]
[35,111] 1 [36,114]
[36,114] 1 [37,118]
[37,118] 1 [38,122]
[38,122] 1 [39,126]
[39,126] 1 [40,130]
[40,130] 1 [41,132]
[41,132] 1 [42,136]
[42,136] 1 [43,139]
[43,139] 1 [44,142]
[44,142] 1 [45,144]
[45,144] 1 [46,147]
[46,147] 1 [47,151]
[47,151] 1 [48,155]
[48,155] 1 [49,159]
[49,159] 1 [50,163]
[50,163] 1 [51,167]
[51,167] 1 [52,169]
[52,169] 1 [53,171]
[53,171] 1 [54,174]
[54,174] 1 [55,176]
[55,176] 1 [56,6]
[56,6] 1 [57,6]
[57,6] 1 [58,6]
[58,6] 1 [59,6]
[59,6] 1 [60,6]
[60,6] 1 [61,6]
[61,6] 1 [62,6]
[62,6] 1 [63,6]
[63,6] 1 [64,6]
[64,6] 1 [65,6]
[65,6] 1 [66,6]
[66,6] 1 [67,8]
[67,8] 1 [68,12]
[68,12] 1 [69,15]
[69,15] 0 [70,15]
[70,15] 2 [71,11]
[71,11] 2 [72,7]
[72,7] 1 [73,11]
[73,11] 2 [74,7]
[74,7] 1 [75,9]
[75,9] 1 [76,11]
[76,11] 2 [77,8]
[77,8] 1 [78,10]
[78,10] 2 [79,6]
[79,6] 1 [80,9]
[80,9] 2 [81,7]
[81,7] 0 [82,6]
[82,6] 1 [83,10]
[83,10] 1 [84,12]
[84,12] 2 [85,8]
[85,8] 1 [86,11]
[86,11] 1 [87,14]
[87,14] 1 [88,17]
[88,17] 1 [89,21]
[89,21] 1 [90,25]
[90,25] 1 [91,28]
[91,28] 1 [92,30]
[92,30] 1 [93,33]
[93,33] 1 [94,35]
[94,35] 1 [95,39]
[95,39] 1 [96,42]
[96,42] 1 [97,45]
[97,45] 1 [98,49]
[98,49] 1 [99,53]
[99,53] 1 [100,57]
[100,57] 1 [101,59]
[101,59] 1 [102,63]
[102,63] 1 [103,65]
[103,65] 1 [104,68]
[104,68] 1 [105,71]
[105,71] 1 [106,73]
[106,73] 1 [107,75]
[107,75] 1 [108,77]
[108,77] 1 [109,80]
[109,80] 1 [110,82]
[110,82] 1 [111,84]
[111,84] 1 [112,86]
[112,86] 1 [113,88]
[113,88] 1 [114,91]
[114,91] 1 [115,93]
[115,93] 1 [116,97]
[116,97] 1 [117,99]
[117,99] 1 [118,103]
[118,103] 1 [119,107]
[119,107] 1 [120,110]
[120,110] 1 [121,112]
[121,112] 1 [122,114]
[122,114] 1 [123,116]
[123,116] 1 [124,119]
[124,119] 1 [125,122]
[125,122] 1 [126,124]
[126,124] 1 [127,127]
[127,127] 1 [128,130]
[128,130] 1 [129,134]
[129,134] 1 [130,136]
[130,136] 1 [131,140]
[131,140] 1 [132,142]
[132,142] 1 [133,144]
[133,144] 1 [134,148]
[134,148] 1 [135,151]
[135,151] 1 [136,153]
[136,153] 1 [137,156]
[137,156] 1 [138,159]
[138,159] 1 [139,163]
[139,163] 1 [140,166]
[140,166] 1 [141,169]
[141,169] 1 [142,173]
[142,173] 1 [143,175]
[143,175] 1 [144,6]
[144,6] 1 [145,6]
[145,6] 1 [146,6]
[146,6] 1 [147,6]
[147,6] 1 [148,6]
[148,6] 1 [149,6]
[149,6] 1 [150,6]
[150,6] 1 [151,6]
[151,6] 1 [152,6]
[152,6] 1 [153,6]
[153,6] 1 [154,6]
[154,6] 0 [155,6]
[155,6] 1 [156,9]
[156,9] 1 [157,13]
[157,13] 1 [158,17]
[158,17] 1 [159,21]
[159,21] 1 [160,23]
[160,23] 1 [161,25]
[161,25] 1 [162,29]
[162,29] 1 [163,32]
[163,32] 1 [164,34]
[164,34] 1 [165,36]
[165,36] 1 [166,38]
[166,38] 1 [167,42]
[167,42] 1 [168,46]
[168,46] 1 [169,48]
[169,48] 1 [170,52]
[170,52] 1 [171,56]
[171,56] 1 [172,58]
[172,58] 1 [173,60]
[173,60] 1 [174,64]
[174,64] 1 [175,68]
[175,68] 1 [176,70]
[176,70] 1 [177,74]
[177,74] 1 [178,76]
[178,76] 1 [179,79]
[179,79] 1 [180,82]
[180,82] 1 [181,85]
[181,85] 1 [182,87]
[182,87] 1 [183,91]
[183,91] 1 [184,94]
[184,94] 1 [185,98]
[185,98] 1 [186,100]
[186,100] 1 [187,103]
[187,103] 1 [188,105]
[188,105] 1 [189,109]
[189,109] 1 [190,111]
[190,111] 1 [191,114]
[191,114] 1 [192,118]
[192,118] 1 [193,122]
[193,122] 1 [194,125]
[194,125] 1 [195,128]
[195,128] 1 [196,130]
[196,130] 1 [197,133]
[197,133] 1 [198,137]
[198,137] 1 [199,139]
[199,139] 1 [200,142]
[200,142] 1 [201,144]
[201,144] 1 [202,147]
[202,147] 1 [203,150]
[203,150] 1 [204,153]
[204,153] 1 [205,157]
[205,157] 1 [206,160]
[206,160] 1 [207,164]
[207,164] 1 [208,167]
[208,167] 1 [209,171]
[209,171] 1 [210,174]
[210,174] 1 [211,177]
[211,177] 1 [212,6]
[212,6] 1 [213,6]
[213,6] 1 [214,6]
[214,6] 1 [215,6]
[215,6] 1 [216,6]
[216,6] 1 [217,6]
[217,6] 1 [218,6]
[218,6] 1 [219,6]
[219,6] 1 [220,6]
[220,6] 1 [221,6]
[221,6] 0 [222,6]
[222,6] 1 [223,10]
[223,10] 0 [224,11]
[224,11] 1 [225,13]
[225,13] 1 [226,15]
[226,15] 1 [227,17]
[227,17] 2 [228,13]
[228,13] 1 [229,11]
[229,11] 1 [230,11]
[230,11] 1 [231,13]
[231,13] 1 [232,16]
[232,16] 2 [233,12]
[233,12] 1 [234,12]
[234,12] 1 [235,15]
[235,15] 2 [236,11]
[236,11] 1 [237,9]
[237,9] 1 [238,12]
[238,12] 1 [239,15]
[239,15] 2 [240,11]
[240,11] 1 [241,13]
[241,13] 1 [242,15]
[242,15] 1 [243,18]
[243,18] 1 [244,21]
[244,21] 1 [245,25]
[245,25] 2 [246,21]
[246,21] 1 [247,23]
[247,23] 1 [248,26]
[248,26] 1 [249,30]
[249,30] 1 [250,34]
[250,34] 1 [251,38]
[251,38] 1 [252,41]
[252,41] 1 [253,44]
[253,44] 1 [254,46]
[254,46] 1 [255,49]
[255,49] 1 [256,53]
[256,53] 1 [257,56]
[257,56] 1 [258,60]
[258,60] 1 [259,63]
[259,63] 1 [260,65]
[260,65] 1 [261,67]
[261,67] 1 [262,71]
[262,71] 1 [263,74]
[263,74] 1 [264,77]
[264,77] 1 [265,80]
[265,80] 1 [266,83]
[266,83] 1 [267,86]
[267,86] 1 [268,88]
[268,88] 1 [269,92]
[269,92] 1 [270,94]
[270,94] 1 [271,97]
[271,97] 1 [272,100]
[272,100] 1 [273,103]
[273,103] 1 [274,105]
[274,105] 1 [275,108]
[275,108] 1 [276,110]
[276,110] 1 [277,114]
[277,114] 1 [278,118]
[278,118] 1 [279,122]
[279,122] 1 [280,125]
[280,125] 1 [281,128]
[281,128] 1 [282,131]
[282,131] 1 [283,134]
[283,134] 1 [284,138]
[284,138] 1 [285,140]
[285,140] 1 [286,144]
[286,144] 1 [287,146]
[287,146] 1 [288,149]
[288,149] 1 [289,152]
[289,152] 1 [290,156]
[290,156] 1 [291,160]
[291,160] 1 [292,163]
[292,163] 1 [293,167]
[293,167] 1 [294,170]
[294,170] 1 [295,174]
[295,174] 1 [296,177]
[296,177] 1 [297,6]
[297,6] 1 [298,6]
[298,6] 1 [299,6]
[299,6] 1 [300,6]
[300,6] 1 [301,6]
[301,6] 1 [302,6]
[302,6] 1 [303,6]
[303,6] 1 [304,6]
[304,6] 1 [305,6]
[305,6] 1 [306,6]
[306,6] 1 [307,6]
[307,6] 0 [308,7]
[308,7] 2 [309,6]
[309,6] 1 [310,8]
[310,8] 1 [311,11]
[311,11] 1 [312,13]
[312,13] 2 [313,10]
[313,10] 1 [314,11]
[314,11] 2 [315,9]
[315,9] 1 [316,10]
[316,10] 1 [317,13]
[317,13] 1 [318,17]
[318,17] 2 [319,13]
[319,13] 1 [320,15]
[320,15] 2 [321,11]
[321,11] 1 [322,13]
[322,13] 1 [323,16]
[323,16] 1 [324,19]
[324,19] 2 [325,16]
[325,16] 1 [326,18]
[326,18] 1 [327,22]
[327,22] 1 [328,26]
[328,26] 1 [329,29]
[329,29] 1 [330,31]
[330,31] 1 [331,33]
[331,33] 1 [332,35]
[332,35] 1 [333,39]
[333,39] 1 [334,41]
[334,41] 1 [335,45]
[335,45] 1 [336,47]
[336,47] 1 [337,50]
[337,50] 1 [338,53]
[338,53] 1 [339,56]
[339,56] 1 [340,59]
[340,59] 1 [341,61]
[341,61] 1 [342,63]
[342,63] 1 [343,67]
[343,67] 1 [344,70]
[344,70] 1 [345,73]
[345,73] 1 [346,76]
[346,76] 1 [347,79]
[347,79] 1 [348,81]
[348,81] 1 [349,85]
[349,85] 1 [350,87]
[350,87] 1 [351,91]
[351,91] 1 [352,93]
[352,93] 1 [353,95]
[353,95] 1 [354,98]
[354,98] 1 [355,100]
[355,100] 1 [356,103]
[356,103] 1 [357,106]
[357,106] 1 [358,109]
[358,109] 1 [359,113]
[359,113] 1 [360,115]
[360,115] 1 [361,117]
[361,117] 2 [362,113]
[362,113] 1 [363,113]
[363,113] 1 [364,117]
[364,117] 2 [365,115]
[365,115] 2 [366,112]
[366,112] 1 [367,114]
[367,114] 1 [368,117]
[368,117] 1 [369,121]
[369,121] 1 [370,124]
[370,124] 1 [371,128]
[371,128] 1 [372,130]
[372,130] 1 [373,133]
[373,133] 1 [374,136]
[374,136] 1 [375,140]
[375,140] 1 [376,143]
[376,143] 1 [377,147]
[377,147] 1 [378,150]
[378,150] 1 [379,154]
[379,154] 1 [380,156]
[380,156] 1 [381,158]
[381,158] 1 [382,161]
[382,161] 1 [383,163]
[383,163] 1 [384,167]
[384,167] 1 [385,171]
[385,171] 1 [386,175]
[386,175] 1 [387,6]
[387,6] 1 [388,6]
[388,6] 1 [389,6]
[389,6] 1 [390,6]
[390,6] 1 [391,6]
[391,6] 1 [392,6]
[392,6] 1 [393,6]
[393,6] 1 [394,6]
[394,6] 1 [395,6]
[395,6] 1 [396,6]
[396,6] 1 [397,9]
[397,9] 0 [398,9]
[398,9] 1 [399,12]
[399,12] 1 [400,15]
[400,15] 2 [401,11]
[401,11] 2 [402,8]
[402,8] 1 [403,10]
[403,10] 1 [404,12]
[404,12] 1 [405,14]
[405,14] 1 [406,16]
[406,16] 1 [407,20]
[407,20] 1 [408,24]
[408,24] 2 [409,20]
[409,20] 2 [410,17]
[410,17] 1 [411,19]
[411,19] 2 [412,15]
[412,15] 2 [413,12]
[413,12] 1 [414,12]
[414,12] 1 [415,15]
[415,15] 1 [416,18]
[416,18] 1 [417,20]
[417,20] 1 [418,22]
[418,22] 1 [419,26]
[419,26] 1 [420,30]
[420,30] 1 [421,33]
[421,33] 1 [422,37]
[422,37] 1 [423,39]
[423,39] 1 [424,41]
[424,41] 1 [425,43]
[425,43] 1 [426,46]
[426,46] 1 [427,49]
[427,49] 1 [428,53]
[428,53] 1 [429,57]
[429,57] 1 [430,59]
[430,59] 1 [431,62]
[431,62] 1 [432,64]
[432,64] 1 [433,68]
[433,68] 1 [434,71]
[434,71] 1 [435,73]
[435,73] 1 [436,76]
[436,76] 1 [437,80]
[437,80] 1 [438,84]
[438,84] 1 [439,87]
[439,87] 1 [440,90]
[440,90] 1 [441,94]
[441,94] 1 [442,96]
[442,96] 1 [443,99]
[443,99] 2 [444,97]
[444,97] 1 [445,99]
[445,99] 2 [446,99]
[446,99] 2 [447,95]
[447,95] 1 [448,98]
[448,98] 1 [449,100]
[449,100] 1 [450,102]
[450,102] 1 [451,106]
[451,106] 1 [452,109]
[452,109] 1 [453,113]
[453,113] 1 [454,117]
[454,117] 1 [455,120]
[455,120] 1 [456,122]
[456,122] 1 [457,124]
[457,124] 1 [458,126]
[458,126] 1 [459,130]
[459,130] 1 [460,132]
[460,132] 1 [461,136]
[461,136] 1 [462,139]
[462,139] 1 [463,142]
[463,142] 1 [464,146]
[464,146] 1 [465,148]
[465,148] 1 [466,151]
[466,151] 1 [467,155]
[467,155] 1 [468,158]
[468,158] 1 [469,160]
[469,160] 1 [470,162]
[470,162] 1 [471,165]
[471,165] 1 [472,168]
[472,168] 1 [473,171]
[473,171] 1 [474,173]
[474,173] 1 [475,177]
[475,177] 1 [476,6]
[476,6] 1 [477,6]
[477,6] 1 [478,6]
[478,6] 1 [479,6]
[479,6] 1 [480,6]
[480,6] 1 [481,6]
[481,6] 1 [482,6]
[482,6] 1 [483,6]
[483,6] 1 [484,6]
[484,6] 1 [485,7]
[485,7] 1 [486,11]
[486,11] 2 [487,8]
[487,8] 1 [488,11]
[488,11] 2 [489,9]
[489,9] 1 [490,11]
[490,11] 1 [491,13]
[491,13] 1 [492,15]
[492,15] 2 [493,12]
[493,12] 1 [494,15]
[494,15] 1 [495,17]
[495,17] 1 [496,21]
[496,21] 1 [497,23]
[497,23] 1 [498,26]
[498,26] 1 [499,28]
[499,28] 1 [500,30]
[500,30] 1 [501,34]
[501,34] 0 [502,34]
[502,34] 1 [503,36]
[503,36] 1 [504,39]
[504,39] 1 [505,41]
[505,41] 1 [506,45]
[506,45] 1 [507,48]
[507,48] 1 [508,50]
[508,50] 1 [509,52]
[509,52] 1 [510,56]
[510,56] 1 [511,59]
[511,59] 1 [512,61]
[512,61] 1 [513,64]
[513,64] 1 [514,68]
[514,68] 1 [515,72]
[515,72] 1 [516,74]
[516,74] 1 [517,76]
[517,76] 1 [518,79]
[518,79] 1 [519,81]
[519,81] 1 [520,85]
[520,85] 1 [521,88]
[521,88] 1 [522,92]
[522,92] 1 [523,96]
[523,96] 1 [524,100]
[524,100] 1 [525,102]
[525,102] 1 [526,104]
[526,104] 1 [527,106]
[527,106] 1 [528,108]
[528,108] 1 [529,111]
[529,111] 1 [530,114]
[530,114] 1 [531,118]
[531,118] 1 [532,122]
[532,122] 1 [533,124]
[533,124] 1 [534,128]
[534,128] 1 [535,130]
[535,130] 1 [536,132]
[536,132] 1 [537,134]
[537,134] 1 [538,136]
[538,136] 1 [539,140]
[539,140] 1 [540,143]
[540,143] 1 [541,146]
[541,146] 1 [542,149]
[542,149] 1 [543,152]
[543,152] 1 [544,155]
[544,155] 1 [545,159]
[545,159] 1 [546,161]
[546,161] 1 [547,165]
[547,165] 1 [548,169]
[548,169] 1 [549,171]
[549,171] 1 [550,173]
[550,173] 1 [551,177]
[551,177] 1 [552,6]
[552,6] 1 [553,6]
[553,6] 1 [554,6]
[554,6] 1 [555,6]
[555,6] 1 [556,6]
[556,6] 1 [557,6]
[557,6] 1 [558,6]
[558,6] 1 [559,6]
[559,6] 1 [560,6]
[560,6] 1 [561,6]
[561,6] 1 [562,7]
[562,7] 1 [563,11]
[563,11] 1 [564,15]
[564,15] 1 [565,19]
[565,19] 2 [566,15]
[566,15] 1 [567,18]
[567,18] 1 [568,21]
[568,21] 1 [569,23]
[569,23] 1 [570,27]
[570,27] 1 [571,29]
[571,29] 1 [572,33]
[572,33] 1 [573,35]
[573,35] 1 [574,37]
[574,37] 1 [575,40]
[575,40] 1 [576,44]
[576,44] 1 [577,47]
[577,47] 1 [578,51]
[578,51] 1 [579,55]
[579,55] 1 [580,58]
[580,58] 1 [581,61]
[581,61] 1 [582,65]
[582,65] 1 [583,69]
[583,69] 1 [584,72]
[584,72] 1 [585,74]
[585,74] 1 [586,77]
[586,77] 1 [587,79]
[587,79] 1 [588,81]
[588,81] 1 [589,84]
[589,84] 1 [590,86]
[590,86] 1 [591,89]
[591,89] 1 [592,93]
[592,93] 1 [593,95]
[593,95] 1 [594,98]
[594,98] 1 [595,101]
[595,101] 1 [596,105]
[596,105] 1 [597,109]
[597,109] 1 [598,113]
[598,113] 1 [599,115]
[599,115] 1 [600,117]
[600,117] 1 [601,119]
[601,119] 1 [602,122]
[602,122] 1 [603,124]
[603,124] 1 [604,128]
[604,128] 1 [605,130]
[605,130] 1 [606,134]
[606,134] 1 [607,137]
[607,137] 1 [608,140]
[608,140] 1 [609,142]
[609,142] 1 [610,144]
[610,144] 1 [611,148]
[611,148] 1 [612,151]
[612,151] 1 [613,155]
[613,155] 1 [614,159]
[614,159] 1 [615,162]
[615,162] 1 [616,164]
[616,164] 1 [617,166]
[617,166] 1 [618,169]
[618,169] 1 [619,171]
[619,171] 1 [620,173]
[620,173] 1 [621,176]
[621,176] 1 [622,6]
[622,6] 1 [623,6]
[623,6] 1 [624,6]
[624,6] 1 [625,6]
[625,6] 1 [626,6]
[626,6] 1 [627,6]
[627,6] 1 [628,6]
[628,6] 1 [629,6]
[629,6] 1 [630,6]
[630,6] 1 [631,6]
[631,6] 1 [632,6]
[632,6] 1 [633,8]
[633,8] 0 [634,8]
[634,8] 1 [635,11]
[635,11] 1 [636,15]
[636,15] 2 [637,11]
[637,11] 1 [638,13]
[638,13] 1 [639,17]
[639,17] 1 [640,21]
[640,21] 2 [641,17]
[641,17] 1 [642,18]
[642,18] 1 [643,20]
[643,20] 1 [644,22]
[644,22] 1 [645,25]
[645,25] 1 [646,29]
[646,29] 1 [647,31]
[647,31] 1 [648,34]
[648,34] 1 [649,37]
[649,37] 1 [650,40]
[650,40] 1 [651,44]
[651,44] 1 [652,48]
[652,48] 1 [653,50]
[653,50] 1 [654,53]
[654,53] 1 [655,55]
[655,55] 1 [656,58]
[656,58] 1 [657,62]
[657,62] 1 [658,65]
[658,65] 1 [659,67]
[659,67] 1 [660,70]
[660,70] 1 [661,72]
[661,72] 1 [662,75]
[662,75] 1 [663,78]
[663,78] 1 [664,82]
[664,82] 1 [665,84]
[665,84] 1 [666,87]
[666,87] 1 [667,91]
[667,91] 1 [668,94]
[668,94] 1 [669,97]
[669,97] 1 [670,99]
[670,99] 1 [671,102]
[671,102] 1 [672,106]
[672,106] 1 [673,108]
[673,108] 1 [674,110]
[674,110] 1 [675,113]
[675,113] 1 [676,116]
[676,116] 1 [677,118]
[677,118] 1 [678,121]
[678,121] 1 [679,123]
[679,123] 1 [680,125]
[680,125] 1 [681,127]
[681,127] 1 [682,130]
[682,130] 1 [683,133]
[683,133] 1 [684,137]
[684,137] 1 [685,141]
[685,141] 1 [686,145]
[686,145] 1 [687,147]
[687,147] 1 [688,149]
[688,149] 1 [689,152]
[689,152] 1 [690,154]
[690,154] 1 [691,156]
[691,156] 1 [692,159]
[692,159] 1 [693,163]
[693,163] 1 [694,166]
[694,166] 1 [695,170]
[695,170] 1 [696,174]
[696,174] 1 [697,176]
[697,176] 1 [698,6]
[698,6] 1 [699,6]
[699,6] 1 [700,6]
[700,6] 1 [701,6]
[701,6] 1 [702,6]
[702,6] 1 [703,6]
[703,6] 1 [704,6]
[704,6] 1 [705,6]
[705,6] 1 [706,6]
[706,6] 1 [707,6]
[707,6] 1 [708,8]
[708,8] 1 [709,10]
[709,10] 0 [710,13]
[710,13] 1 [711,15]
[711,15] 1 [712,17]
[712,17] 1 [713,19]
[713,19] 2 [714,15]
[714,15] 1 [715,19]
[715,19] 1 [716,22]
[716,22] 1 [717,25]
[717,25] 1 [718,29]
[718,29] 1 [719,32]
[719,32] 1 [720,34]
[720,34] 1 [721,36]
[721,36] 1 [722,40]
[722,40] 1 [723,43]
[723,43] 1 [724,47]
[724,47] 1 [725,51]
[725,51] 1 [726,54]
[726,54] 1 [727,58]
[727,58] 1 [728,62]
[728,62] 1 [729,65]
[729,65] 1 [730,69]
[730,69] 1 [731,71]
[731,71] 1 [732,75]
[732,75] 1 [733,77]
[733,77] 1 [734,80]
[734,80] 1 [735,83]
[735,83] 1 [736,86]
[736,86] 1 [737,90]
[737,90] 1 [738,92]
[738,92] 1 [739,96]
[739,96] 1 [740,98]
[740,98] 1 [741,101]
[741,101] 1 [742,104]
[742,104] 1 [743,106]
[743,106] 1 [744,110]
[744,110] 1 [745,114]
[745,114] 1 [746,118]
[746,118] 1 [747,120]
[747,120] 1 [748,124]
[748,124] 1 [749,128]
[749,128] 1 [750,132]
[750,132] 1 [751,134]
[751,134] 1 [752,137]
[752,137] 1 [753,141]
[753,141] 1 [754,143]
[754,143] 1 [755,145]
[755,145] 1 [756,147]
[756,147] 1 [757,150]
[757,150] 1 [758,153]
[758,153] 1 [759,155]
[759,155] 1 [760,159]
[760,159] 1 [761,162]
[761,162] 1 [762,165]
[762,165] 1 [763,167]
[763,167] 1 [764,169]
[764,169] 1 [765,171]
[765,171] 1 [766,175]
[766,175] 1 [767,6]
[767,6] 1 [768,6]
[768,6] 1 [769,6]
[769,6] 1 [770,6]
[770,6] 1 [771,6]
[771,6] 1 [772,6]
[772,6] 1 [773,6]
[773,6] 1 [774,6]
[774,6] 1 [775,6]
[775,6] 1 [776,6]
[776,6] 1 [777,6]
[777,6] 1 [778,7]
[778,7] 1 [779,11]
[779,11] 1 [780,13]
[780,13] 1 [781,17]
[781,17] 1 [782,19]
[782,19] 1 [783,21]
[783,21] 1 [784,24]
[784,24] 1 [785,28]
[785,28] 1 [786,32]
[786,32] 1 [787,34]
[787,34] 1 [788,38]
[788,38] 1 [789,42]
[789,42] 1 [790,46]
[790,46] 1 [791,49]
[791,49] 1 [792,53]
[792,53] 1 [793,56]
[793,56] 1 [794,58]
[794,58] 1 [795,61]
[795,61] 1 [796,63]
[796,63] 1 [797,66]
[797,66] 1 [798,69]
[798,69] 1 [799,71]
[799,71] 1 [800,73]
[800,73] 1 [801,75]
[801,75] 1 [802,78]
[802,78] 1 [803,81]
[803,81] 1 [804,84]
[804,84] 1 [805,87]
[805,87] 1 [806,91]
[806,91] 1 [807,94]
[807,94] 1 [808,98]
[808,98] 1 [809,102]
[809,102] 1 [810,106]
[810,106] 1 [811,108]
[811,108] 1 [812,112]
[812,112] 1 [813,115]
[813,115] 1 [814,117]
[814,117] 1 [815,120]
[815,120] 1 [816,124]
[816,124] 1 [817,126]
[817,126] 1 [818,128]
[818,128] 1 [819,132]
[819,132] 1 [820,134]
[820,134] 1 [821,137]
[821,137] 1 [822,141]
[822,141] 1 [823,145]
[823,145] 1 [824,148]
[824,148] 1 [825,152]
[825,152] 1 [826,155]
[826,155] 1 [827,158]
[827,158] 1 [828,160]
[828,160] 1 [829,162]
[829,162] 1 [830,164]
[830,164] 1 [831,166]
[831,166] 1 [832,169]
[832,169] 1 [833,173]
[833,173] 1 [834,177]
[834,177] 1 [835,6]
[835,6] 1 [836,6]
[836,6] 1 [837,6]
[837,6] 1 [838,6]
[838,6] 1 [839,6]
[839,6] 1 [840,6]
[840,6] 1 [841,6]
[841,6] 1 [842,6]
[842,6] 1 [843,6]
[843,6] 1 [844,6]
[844,6] 0 [845,6]
[845,6] 1 [846,8]
[846,8] 1 [847,10]
[847,10] 1 [848,12]
[848,12] 2 [849,8]
[849,8] 1 [850,11]
[850,11] 1 [851,13]
[851,13] 2 [852,12]
[852,12] 2 [853,8]
[853,8] 1 [854,11]
[854,11] 1 [855,13]
[855,13] 1 [856,17]
[856,17] 1 [857,19]
[857,19] 2 [858,15]
[858,15] 1 [859,18]
[859,18] 1 [860,22]
[860,22] 1 [861,24]
[861,24] 1 [862,28]
[862,28] 1 [863,30]
[863,30] 1 [864,34]
[864,34] 1 [865,38]
[865,38] 1 [866,41]
[866,41] 1 [867,45]
[867,45] 1 [868,47]
[868,47] 1 [869,49]
[869,49] 1 [870,52]
[870,52] 1 [871,56]
[871,56] 1 [872,58]
[872,58] 1 [873,60]
[873,60] 1 [874,62]
[874,62] 1 [875,66]
[875,66] 1 [876,69]
[876,69] 1 [877,71]
[877,71] 1 [878,74]
[878,74] 1 [879,78]
[879,78] 1 [880,82]
[880,82] 1 [881,85]
[881,85] 1 [882,89]
[882,89] 1 [883,93]
[883,93] 1 [884,97]
[884,97] 1 [885,101]
[885,101] 1 [886,104]
[886,104] 1 [887,108]
[887,108] 1 [888,110]
[888,110] 1 [889,112]
[889,112] 1 [890,115]
[890,115] 1 [891,119]
[891,119] 1 [892,121]
[892,121] 1 [893,124]
[893,124] 1 [894,128]
[894,128] 1 [895,130]
[895,130] 1 [896,132]
[896,132] 1 [897,136]
[897,136] 1 [898,140]
[898,140] 1 [899,144]
[899,144] 1 [900,147]
[900,147] 1 [901,149]
[901,149] 1 [902,151]
[902,151] 1 [903,154]
[903,154] 1 [904,156]
[904,156] 1 [905,160]
[905,160] 1 [906,163]
[906,163] 1 [907,167]
[907,167] 1 [908,171]
[908,171] 1 [909,175]
[909,175] 1 [910,177]
[910,177] 1 [911,6]
[911,6] 1 [912,6]
[912,6] 1 [913,6]
[913,6] 1 [914,6]
[914,6] 1 [915,6]
[915,6] 1 [916,6]
[916,6] 1 [917,6]
[917,6] 1 [918,6]
[918,6] 1 [919,6]
[919,6] 1 [920,6]
[920,6] 0 [921,6]
[921,6] 1 [922,10]
[922,10] 1 [923,13]
[923,13] 1 [924,17]
[924,17] 1 [925,19]
[925,19] 2 [926,16]
[926,16] 1 [927,18]
[927,18] 1 [928,22]
[928,22] 1 [929,24]
[929,24] 1 [930,28]
[930,28] 1 [931,30]
[931,30] 1 [932,32]
[932,32] 1 [933,34]
[933,34] 1 [934,37]
[934,37] 1 [935,41]
[935,41] 1 [936,45]
[936,45] 1 [937,47]
[937,47] 1 [938,51]
[938,51] 1 [939,53]
[939,53] 1 [940,57]
[940,57] 1 [941,59]
[941,59] 1 [942,62]
[942,62] 1 [943,66]
[943,66] 1 [944,70]
[944,70] 1 [945,72]
[945,72] 1 [946,74]
[946,74] 1 [947,78]
[947,78] 1 [948,81]
[948,81] 1 [949,85]
[949,85] 1 [950,87]
[950,87] 1 [951,89]
[951,89] 1 [952,91]
[952,91] 1 [953,95]
[953,95] 1 [954,98]
[954,98] 1 [955,100]
[955,100] 1 [956,104]
[956,104] 1 [957,106]
[957,106] 1 [958,108]
[958,108] 1 [959,110]
[959,110] 1 [960,114]
[960,114] 1 [961,117]
[961,117] 1 [962,121]
[962,121] 1 [963,125]
[963,125] 1 [964,129]
[964,129] 1 [965,132]
[965,132] 1 [966,135]
[966,135] 1 [967,138]
[967,138] 1 [968,140]
[968,140] 1 [969,144]
[969,144] 1 [970,146]
[970,146] 1 [971,148]
[971,148] 1 [972,152]
[972,152] 1 [973,154]
[973,154] 1 [974,156]
[974,156] 1 [975,160]
[975,160] 1 [976,162]
[976,162] 1 [977,165]
[977,165] 1 [978,168]
[978,168] 1 [979,171]
[979,171] 1 [980,173]
[980,173] 1 [981,175]
[981,175] 1 [982,6]
[982,6] 1 [983,6]
[983,6] 1 [984,6]
[984,6] 1 [985,6]
[985,6] 1 [986,6]
[986,6] 1 [987,6]
[987,6] 1 [988,6]
[988,6] 1 [989,6]
[989,6] 1 [990,6]
[990,6] 1 [991,6]
[991,6] 1 [992,9]
[992,9] 1 [993,13]
[993,13] 1 [994,15]
[994,15] 2 [995,11]
[995,11] 2 [996,7]
[996,7] 1 [997,10]
[997,10] 2 [998,7]
[998,7] 1 [999,7]
[999,7] 1 [1000,9]
[1000,9] 1 [1001,12]
[1001,12] 1 [1002,15]
[1002,15] 2 [1003,12]
[1003,12] 2 [1004,8]
[1004,8] 1 [1005,10]
[1005,10] 1 [1006,13]
[1006,13] 2 [1007,10]
[1007,10] 1 [1008,10]
[1008,10] 2 [1009,6]
[1009,6] 1 [1010,8]
[1010,8] 1 [1011,11]
[1011,11] 1 [1012,13]
[1012,13] 2 [1013,9]
[1013,9] 1 [1014,11]
[1014,11] 2 [1015,7]
[1015,7] 1 [1016,9]
[1016,9] 1 [1017,12]
[1017,12] 1 [1018,14]
[1018,14] 1 [1019,18]
[1019,18] 1 [1020,21]
[1020,21] 1 [1021,23]
[1021,23] 1 [1022,25]
[1022,25] 1 [1023,27]
[1023,27] 1 [1024,29]
[1024,29] 1 [1025,32]
[1025,32] 1 [1026,36]
[1026,36] 1 [1027,38]
[1027,38] 1 [1028,41]
[1028,41] 1 [1029,44]
[1029,44] 1 [1030,46]
[1030,46] 1 [1031,49]
[1031,49] 1 [1032,53]
[1032,53] 1 [1033,57]
[1033,57] 1 [1034,61]
[1034,61] 1 [1035,65]
[1035,65] 1 [1036,68]
[1036,68] 1 [1037,71]
[1037,71] 1 [1038,73]
[1038,73] 1 [1039,76]
[1039,76] 1 [1040,78]
[1040,78] 1 [1041,82]
[1041,82] 1 [1042,85]
[1042,85] 1 [1043,89]
[1043,89] 1 [1044,91]
[1044,91] 1 [1045,95]
[1045,95] 1 [1046,99]
[1046,99] 1 [1047,101]
[1047,101] 1 [1048,103]
[1048,103] 1 [1049,107]
[1049,107] 1 [1050,111]
[1050,111] 1 [1051,113]
[1051,113] 1 [1052,116]
[1052,116] 1 [1053,120]
[1053,120] 1 [1054,122]
[1054,122] 1 [1055,125]
[1055,125] 1 [1056,129]
[1056,129] 1 [1057,132]
[1057,132] 1 [1058,134]
[1058,134] 1 [1059,136]
[1059,136] 1 [1060,138]
[1060,138] 1 [1061,142]
[1061,142] 1 [1062,144]
[1062,144] 1 [1063,146]
[1063,146] 1 [1064,148]
[1064,148] 1 [1065,150]
[1065,150] 1 [1066,154]
[1066,154] 1 [1067,156]
[1067,156] 1 [1068,158]
[1068,158] 1 [1069,160]
[1069,160] 1 [1070,164]
[1070,164] 1 [1071,167]
[1071,167] 1 [1072,169]
[1072,169] 1 [1073,172]
[1073,172] 1 [1074,174]
[1074,174] 1 [1075,177]
[1075,177] 1 [1076,6]
[1076,6] 1 [1077,6]
[1077,6] 1 [1078,6]
[1078,6] 1 [1079,6]
[1079,6] 1 [1080,6]
[1080,6] 1 [1081,6]
[1081,6] 1 [1082,6]
[1082,6] 1 [1083,6]
[1083,6] 1 [1084,6]
[1084,6] 1 [1085,7]
[1085,7] 0 [1086,7]
[1086,7] 1 [1087,11]
[1087,11] 2 [1088,8]
[1088,8] 2 [1089,6]
[1089,6] 1 [1090,8]
[1090,8] 1 [1091,10]
[1091,10] 1 [1092,14]
[1092,14] 1 [1093,16]
[1093,16] 2 [1094,12]
[1094,12] 1 [1095,14]
[1095,14] 1 [1096,17]
[1096,17] 1 [1097,21]
[1097,21] 1 [1098,24]
[1098,24] 2 [1099,20]
[1099,20] 1 [1100,22]
[1100,22] 1 [1101,26]
[1101,26] 1 [1102,29]
[1102,29] 1 [1103,33]
[1103,33] 1 [1104,36]
[1104,36] 1 [1105,40]
[1105,40] 1 [1106,42]
[1106,42] 1 [1107,44]
[1107,44] 1 [1108,47]
[1108,47] 1 [1109,49]
[1109,49] 1 [1110,51]
[1110,51] 1 [1111,55]
[1111,55] 1 [1112,58]
[1112,58] 1 [1113,62]
[1113,62] 1 [1114,65]
[1114,65] 1 [1115,68]
[1115,68] 1 [1116,71]
[1116,71] 1 [1117,74]
[1117,74] 1 [1118,76]
[1118,76] 1 [1119,79]
[1119,79] 1 [1120,83]
[1120,83] 1 [1121,85]
[1121,85] 1 [1122,88]
[1122,88] 1 [1123,91]
[1123,91] 1 [1124,95]
[1124,95] 1 [1125,98]
[1125,98] 1 [1126,102]
[1126,102] 1 [1127,104]
[1127,104] 1 [1128,108]
[1128,108] 1 [1129,111]
[1129,111] 1 [1130,113]
[1130,113] 1 [1131,116]
[1131,116] 1 [1132,119]
[1132,119] 1 [1133,123]
[1133,123] 1 [1134,125]
[1134,125] 1 [1135,129]
[1135,129] 1 [1136,133]
[1136,133] 1 [1137,136]
[1137,136] 1 [1138,138]
[1138,138] 1 [1139,141]
[1139,141] 1 [1140,145]
[1140,145] 1 [1141,147]
[1141,147] 1 [1142,149]
[1142,149] 1 [1143,152]
[1143,152] 1 [1144,155]
[1144,155] 1 [1145,157]
[1145,157] 1 [1146,160]
[1146,160] 1 [1147,162]
[1147,162] 1 [1148,165]
[1148,165] 1 [1149,168]
[1149,168] 1 [1150,171]
[1150,171] 1 [1151,174]
[1151,174] 1 [1152,176]
[1152,176] 1 [1153,6]
[1153,6] 1 [1154,6]
[1154,6] 1 [1155,6]
[1155,6] 1 [1156,6]
[1156,6] 1 [1157,6]
[1157,6] 1 [1158,6]
[1158,6] 1 [1159,6]
[1159,6] 1 [1160,6]
[1160,6] 1 [1161,6]
[1161,6] 1 [1162,6]
[1162,6] 1 [1163,10]
[1163,10] 2 [1164,9]
[1164,9] 2 [1165,6]
[1165,6] 1 [1166,9]
[1166,9] 1 [1167,11]
[1167,11] 2 [1168,8]
[1168,8] 1 [1169,10]
[1169,10] 1 [1170,12]
[1170,12] 1 [1171,15]
[1171,15] 1 [1172,19]
[1172,19] 2 [1173,18]
[1173,18] 1 [1174,18]
[1174,18] 2 [1175,14]
[1175,14] 1 [1176,14]
[1176,14] 2 [1177,10]
[1177,10] 1 [1178,12]
[1178,12] 2 [1179,8]
[1179,8] 1 [1180,7]
[1180,7] 1 [1181,11]
[1181,11] 1 [1182,15]
[1182,15] 2 [1183,12]
[1183,12] 1 [1184,12]
[1184,12] 2 [1185,8]
[1185,8] 1 [1186,10]
[1186,10] 1 [1187,14]
[1187,14] 1 [1188,17]
[1188,17] 1 [1189,19]
[1189,19] 1 [1190,23]
[1190,23] 1 [1191,26]
[1191,26] 1 [1192,30]
[1192,30] 1 [1193,33]
[1193,33] 1 [1194,35]
[1194,35] 1 [1195,37]
[1195,37] 1 [1196,41]
[1196,41] 1 [1197,43]
[1197,43] 1 [1198,46]
[1198,46] 1 [1199,48]
[1199,48] 1 [1200,51]
[1200,51] 1 [1201,54]
[1201,54] 1 [1202,58]
[1202,58] 1 [1203,62]
[1203,62] 1 [1204,66]
[1204,66] 1 [1205,70]
[1205,70] 1 [1206,74]
[1206,74] 1 [1207,78]
[1207,78] 1 [1208,82]
[1208,82] 1 [1209,85]
[1209,85] 1 [1210,88]
[1210,88] 1 [1211,92]
[1211,92] 1 [1212,95]
[1212,95] 1 [1213,98]
[1213,98] 1 [1214,100]
[1214,100] 1 [1215,104]
[1215,104] 1 [1216,106]
[1216,106] 1 [1217,110]
[1217,110] 1 [1218,112]
[1218,112] 1 [1219,116]
[1219,116] 2 [1220,113]
[1220,113] 2 [1221,109]
[1221,109] 1 [1222,107]
[1222,107] 1 [1223,108]
[1223,108] 1 [1224,110]
[1224,110] 1 [1225,112]
[1225,112] 1 [1226,116]
[1226,116] 1 [1227,119]
[1227,119] 1 [1228,121]
[1228,121] 1 [1229,124]
[1229,124] 1 [1230,127]
[1230,127] 1 [1231,130]
[1231,130] 1 [1232,134]
[1232,134] 1 [1233,138]
[1233,138] 1 [1234,142]
[1234,142] 1 [1235,145]
[1235,145] 1 [1236,147]
[1236,147] 1 [1237,151]
[1237,151] 1 [1238,155]
[1238,155] 1 [1239,159]
[1239,159] 1 [1240,163]
[1240,163] 1 [1241,167]
[1241,167] 1 [1242,171]
[1242,171] 1 [1243,173]
[1243,173] 1 [1244,177]
[1244,177] 1 [1245,6]
[1245,6] 1 [1246,6]
[1246,6] 1 [1247,6]
[1247,6] 1 [1248,6]
[1248,6] 1 [1249,6]
[1249,6] 1 [1250,6]
[1250,6] 1 [1251,6]
[1251,6] 1 [1252,6]
[1252,6] 1 [1253,6]
[1253,6] 1 [1254,10]
[1254,10] 1 [1255,14]
[1255,14] 1 [1256,18]
[1256,18] 1 [1257,21]
[1257,21] 1 [1258,25]
[1258,25] 1 [1259,28]
[1259,28] 1 [1260,32]
[1260,32] 1 [1261,35]
[1261,35] 1 [1262,37]
[1262,37] 1 [1263,41]
[1263,41] 1 [1264,45]
[1264,45] 1 [1265,49]
[1265,49] 1 [1266,51]
[1266,51] 1 [1267,53]
[1267,53] 1 [1268,57]
[1268,57] 1 [1269,59]
[1269,59] 1 [1270,63]
[1270,63] 1 [1271,66]
[1271,66] 1 [1272,68]
[1272,68] 1 [1273,72]
[1273,72] 1 [1274,75]
[1274,75] 1 [1275,78]
[1275,78] 1 [1276,80]
[1276,80] 1 [1277,83]
[1277,83] 1 [1278,85]
[1278,85] 1 [1279,89]
[1279,89] 1 [1280,93]
[1280,93] 1 [1281,96]
[1281,96] 1 [1282,100]
[1282,100] 1 [1283,104]
[1283,104] 1 [1284,106]
[1284,106] 1 [1285,109]
[1285,109] 1 [1286,113]
[1286,113] 1 [1287,115]
[1287,115] 1 [1288,118]
[1288,118] 1 [1289,121]
[1289,121] 1 [1290,124]
[1290,124] 1 [1291,126]
[1291,126] 1 [1292,129]
[1292,129] 1 [1293,133]
[1293,133] 1 [1294,136]
[1294,136] 1 [1295,139]
[1295,139] 1 [1296,143]
[1296,143] 1 [1297,146]
[1297,146] 1 [1298,148]
[1298,148] 1 [1299,151]
[1299,151] 1 [1300,154]
[1300,154] 1 [1301,158]
[1301,158] 1 [1302,161]
[1302,161] 1 [1303,164]
[1303,164] 1 [1304,168]
[1304,168] 1 [1305,170]
[1305,170] 1 [1306,172]
[1306,172] 1 [1307,175]
[1307,175] 1 [1308,6]
[1308,6] 1 [1309,6]
[1309,6] 1 [1310,6]
[1310,6] 1 [1311,6]
[1311,6] 1 [1312,6]
[1312,6] 1 [1313,6]
[1313,6] 1 [1314,6]
[1314,6] 1 [1315,6]
[1315,6] 1 [1316,6]
[1316,6] 1 [1317,6]
[1317,6] 1 [1318,10]
[1318,10] 1 [1319,12]
[1319,12] 0 [1320,12]
[1320,12] 2 [1321,11]
[1321,11] 1 [1322,13]
[1322,13] 1 [1323,15]
[1323,15] 1 [1324,17]
[1324,17] 1 [1325,20]
[1325,20] 2 [1326,16]
[1326,16] 1 [1327,16]
[1327,16] 1 [1328,18]
[1328,18] 1 [1329,21]
[1329,21] 1 [1330,24]
[1330,24] 1 [1331,28]
[1331,28] 1 [1332,31]
[1332,31] 1 [1333,34]
[1333,34] 1 [1334,36]
[1334,36] 1 [1335,38]
[1335,38] 1 [1336,40]
[1336,40] 1 [1337,42]
[1337,42] 1 [1338,46]
[1338,46] 1 [1339,48]
[1339,48] 2 [1340,45]
[1340,45] 1 [1341,49]
[1341,49] 1 [1342,52]
[1342,52] 1 [1343,56]
[1343,56] 2 [1344,53]
[1344,53] 1 [1345,55]
[1345,55] 1 [1346,57]
[1346,57] 1 [1347,59]
[1347,59] 1 [1348,63]
[1348,63] 1 [1349,67]
[1349,67] 1 [1350,70]
[1350,70] 1 [1351,73]
[1351,73] 1 [1352,75]
[1352,75] 1 [1353,77]
[1353,77] 2 [1354,73]
[1354,73] 1 [1355,76]
[1355,76] 1 [1356,80]
[1356,80] 1 [1357,82]
[1357,82] 1 [1358,85]
[1358,85] 1 [1359,88]
[1359,88] 1 [1360,92]
[1360,92] 1 [1361,96]
[1361,96] 1 [1362,100]
[1362,100] 1 [1363,104]
[1363,104] 1 [1364,108]
[1364,108] 1 [1365,111]
[1365,111] 1 [1366,115]
[1366,115] 1 [1367,119]
[1367,119] 1 [1368,121]
[1368,121] 1 [1369,124]
[1369,124] 1 [1370,128]
[1370,128] 1 [1371,132]
[1371,132] 1 [1372,134]
[1372,134] 1 [1373,136]
[1373,136] 1 [1374,139]
[1374,139] 1 [1375,142]
[1375,142] 1 [1376,144]
[1376,144] 1 [1377,147]
[1377,147] 1 [1378,150]
[1378,150] 1 [1379,153]
[1379,153] 1 [1380,156]
[1380,156] 1 [1381,159]
[1381,159] 1 [1382,163]
[1382,163] 1 [1383,165]
[1383,165] 1 [1384,169]
[1384,169] 1 [1385,172]
[1385,172] 1 [1386,175]
[1386,175] 1 [1387,6]
[1387,6] 1 [1388,6]
[1388,6] 1 [1389,6]
[1389,6] 1 [1390,6]
[1390,6] 1 [1391,6]
[1391,6] 1 [1392,6]
[1392,6] 1 [1393,6]
[1393,6] 1 [1394,6]
[1394,6] 1 [1395,6]
[1395,6] 0 [1396,6]
[1396,6] 1 [1397,8]
[1397,8] 0 [1398,8]
[1398,8] 1 [1399,10]
[1399,10] 1 [1400,13]
[1400,13] 1 [1401,15]
[1401,15] 2 [1402,11]
[1402,11] 1 [1403,13]
[1403,13] 1 [1404,15]
[1404,15] 2 [1405,12]
[1405,12] 1 [1406,14]
[1406,14] 2 [1407,10]
[1407,10] 1 [1408,13]
[1408,13] 2 [1409,9]
[1409,9] 1 [1410,11]
[1410,11] 2 [1411,7]
[1411,7] 1 [1412,11]
[1412,11] 2 [1413,7]
[1413,7] 1 [1414,10]
[1414,10] 1 [1415,12]
[1415,12] 2 [1416,10]
[1416,10] 2 [1417,8]
[1417,8] 2 [1418,6]
[1418,6] 1 [1419,8]
[1419,8] 1 [1420,11]
[1420,11] 0 [1421,11]
[1421,11] 2 [1422,7]
[1422,7] 1 [1423,10]
[1423,10] 1 [1424,14]
[1424,14] 1 [1425,18]
[1425,18] 1 [1426,20]
[1426,20] 1 [1427,23]
[1427,23] 1 [1428,25]
[1428,25] 1 [1429,28]
[1429,28] 1 [1430,31]
[1430,31] 1 [1431,35]
[1431,35] 1 [1432,38]
[1432,38] 1 [1433,40]
[1433,40] 1 [1434,43]
[1434,43] 1 [1435,46]
[1435,46] 1 [1436,50]
[1436,50] 1 [1437,52]
[1437,52] 1 [1438,55]
[1438,55] 1 [1439,57]
[1439,57] 1 [1440,59]
[1440,59] 1 [1441,63]
[1441,63] 1 [1442,67]
[1442,67] 1 [1443,70]
[1443,70] 1 [1444,73]
[1444,73] 1 [1445,77]
[1445,77] 1 [1446,81]
[1446,81] 1 [1447,85]
[1447,85] 1 [1448,88]
[1448,88] 1 [1449,91]
[1449,91] 1 [1450,93]
[1450,93] 1 [1451,97]
[1451,97] 1 [1452,99]
[1452,99] 1 [1453,102]
[1453,102] 1 [1454,106]
[1454,106] 1 [1455,109]
[1455,109] 1 [1456,113]
[1456,113] 1 [1457,117]
[1457,117] 1 [1458,119]
[1458,119] 1 [1459,123]
[1459,123] 1 [1460,126]
[1460,126] 1 [1461,129]
[1461,129] 1 [1462,133]
[1462,133] 1 [1463,135]
[1463,135] 1 [1464,137]
[1464,137] 1 [1465,139]
[1465,139] 1 [1466,141]
[1466,141] 1 [1467,143]
[1467,143] 1 [1468,147]
[1468,147] 1 [1469,149]
[1469,149] 1 [1470,152]
[1470,152] 1 [1471,155]
[1471,155] 1 [1472,159]
[1472,159] 1 [1473,163]
[1473,163] 1 [1474,165]
[1474,165] 1 [1475,169]
[1475,169] 1 [1476,172]
[1476,172] 1 [1477,175]
[1477,175] 1 [1478,6]
[1478,6] 1 [1479,6]
[1479,6] 1 [1480,6]
[1480,6] 1 [1481,6]
[1481,6] 1 [1482,6]
[1482,6] 1 [1483,6]
[1483,6] 1 [1484,6]
[1484,6] 1 [1485,6]
[1485,6] 1 [1486,6]
[1486,6] 1 [1487,7]
[1487,7] 0 [1488,7]
[1488,7] 1 [1489,9]
[1489,9] 1 [1490,11]
[1490,11] 1 [1491,15]
[1491,15] 1 [1492,17]
[1492,17] 1 [1493,19]
[1493,19] 1 [1494,22]
[1494,22] 1 [1495,26]
[1495,26] 1 [1496,30]
[1496,30] 1 [1497,33]
[1497,33] 1 [1498,37]
[1498,37] 1 [1499,41]
[1499,41] 1 [1500,44]
[1500,44] 1 [1501,46]
[1501,46] 1 [1502,49]
[1502,49] 1 [1503,53]
[1503,53] 1 [1504,56]
[1504,56] 1 [1505,59]
[1505,59] 1 [1506,62]
[1506,62] 1 [1507,66]
[1507,66] 1 [1508,69]
[1508,69] 1 [1509,72]
[1509,72] 1 [1510,76]
[1510,76] 1 [1511,78]
[1511,78] 1 [1512,81]
[1512,81] 1 [1513,84]
[1513,84] 1 [1514,88]
[1514,88] 1 [1515,91]
[1515,91] 1 [1516,94]
[1516,94] 1 [1517,97]
[1517,97] 1 [1518,101]
[1518,101] 1 [1519,105]
[1519,105] 1 [1520,109]
[1520,109] 1 [1521,111]
[1521,111] 1 [1522,114]
[1522,114] 1 [1523,117]
[1523,117] 1 [1524,121]
[1524,121] 1 [1525,124]
[1525,124] 1 [1526,126]
[1526,126] 1 [1527,128]
[1527,128] 1 [1528,131]
[1528,131] 1 [1529,134]
[1529,134] 1 [1530,137]
[1530,137] 1 [1531,140]
[1531,140] 1 [1532,142]
[1532,142] 1 [1533,144]
[1533,144] 1 [1534,146]
[1534,146] 1 [1535,150]
[1535,150] 1 [1536,152]
[1536,152] 1 [1537,155]
[1537,155] 1 [1538,157]
[1538,157] 1 [1539,159]
[1539,159] 1 [1540,163]
[1540,163] 1 [1541,167]
[1541,167] 1 [1542,171]
[1542,171] 1 [1543,173]
[1543,173] 1 [1544,177]
[1544,177] 1 [1545,6]
[1545,6] 1 [1546,6]
[1546,6] 1 [1547,6]
[1547,6] 1 [1548,6]
[1548,6] 1 [1549,6]
[1549,6] 1 [1550,6]
[1550,6] 1 [1551,6]
[1551,6] 1 [1552,6]
[1552,6] 1 [1553,6]
[1553,6] 1 [1554,6]
[1554,6] 1 [1555,7]
[1555,7] 0 [1556,9]
[1556,9] 1 [1557,13]
[1557,13] 1 [1558,15]
[1558,15] 1 [1559,18]
[1559,18] 2 [1560,14]
[1560,14] 1 [1561,16]
[1561,16] 1 [1562,19]
[1562,19] 1 [1563,22]
[1563,22] 1 [1564,25]
[1564,25] 1 [1565,29]
[1565,29] 1 [1566,33]
[1566,33] 1 [1567,36]
[1567,36] 1 [1568,38]
[1568,38] 1 [1569,41]
[1569,41] 1 [1570,43]
[1570,43] 1 [1571,47]
[1571,47] 1 [1572,50]
[1572,50] 1 [1573,52]
[1573,52] 1 [1574,54]
[1574,54] 1 [1575,56]
[1575,56] 1 [1576,60]
[1576,60] 1 [1577,63]
[1577,63] 1 [1578,65]
[1578,65] 1 [1579,67]
[1579,67] 1 [1580,70]
[1580,70] 1 [1581,72]
[1581,72] 1 [1582,75]
[1582,75] 1 [1583,77]
[1583,77] 1 [1584,80]
[1584,80] 1 [1585,84]
[1585,84] 1 [1586,88]
[1586,88] 1 [1587,91]
[1587,91] 1 [1588,94]
[1588,94] 1 [1589,96]
[1589,96] 1 [1590,99]
[1590,99] 1 [1591,101]
[1591,101] 1 [1592,105]
[1592,105] 1 [1593,108]
[1593,108] 1 [1594,112]
[1594,112] 1 [1595,116]
[1595,116] 1 [1596,119]
[1596,119] 1 [1597,122]
[1597,122] 1 [1598,125]
[1598,125] 1 [1599,127]
[1599,127] 1 [1600,129]
[1600,129] 1 [1601,133]
[1601,133] 1 [1602,137]
[1602,137] 1 [1603,140]
[1603,140] 1 [1604,143]
[1604,143] 1 [1605,146]
[1605,146] 1 [1606,149]
[1606,149] 1 [1607,153]
[1607,153] 1 [1608,157]
[1608,157] 1 [1609,161]
[1609,161] 1 [1610,163]
[1610,163] 1 [1611,167]
[1611,167] 1 [1612,169]
[1612,169] 1 [1613,173]
[1613,173] 1 [1614,177]
[1614,177] 1 [1615,6]
[1615,6] 1 [1616,6]
[1616,6] 1 [1617,6]
[1617,6] 1 [1618,6]
[1618,6] 1 [1619,6]
[1619,6] 1 [1620,6]
[1620,6] 1 [1621,6]
[1621,6] 1 [1622,6]
[1622,6] 1 [1623,7]
[1623,7] 1 [1624,10]
[1624,10] 1 [1625,12]
[1625,12] 1 [1626,16]
[1626,16] 0 [1627,17]
[1627,17] 1 [1628,20]
[1628,20] 1 [1629,23]
[1629,23] 2 [1630,21]
[1630,21] 2 [1631,17]
[1631,17] 2 [1632,13]
[1632,13] 1 [1633,15]
[1633,15] 1 [1634,17]
[1634,17] 1 [1635,19]
[1635,19] 2 [1636,15]
[1636,15] 2 [1637,12]
[1637,12] 2 [1638,8]
[1638,8] 1 [1639,11]
[1639,11] 2 [1640,7]
[1640,7] 1 [1641,8]
[1641,8] 1 [1642,12]
[1642,12] 2 [1643,8]
[1643,8] 1 [1644,6]
[1644,6] 1 [1645,8]
[1645,8] 1 [1646,11]
[1646,11] 1 [1647,15]
[1647,15] 1 [1648,17]
[1648,17] 1 [1649,20]
[1649,20] 1 [1650,22]
[1650,22] 1 [1651,26]
[1651,26] 1 [1652,30]
[1652,30] 1 [1653,34]
[1653,34] 1 [1654,36]
[1654,36] 1 [1655,39]
[1655,39] 1 [1656,43]
[1656,43] 1 [1657,47]
[1657,47] 1 [1658,49]
[1658,49] 1 [1659,51]
[1659,51] 1 [1660,54]
[1660,54] 1 [1661,58]
[1661,58] 1 [1662,62]
[1662,62] 1 [1663,64]
[1663,64] 1 [1664,68]
[1664,68] 1 [1665,71]
[1665,71] 1 [1666,74]
[1666,74] 1 [1667,76]
[1667,76] 1 [1668,80]
[1668,80] 1 [1669,84]
[1669,84] 1 [1670,87]
[1670,87] 1 [1671,91]
[1671,91] 1 [1672,93]
[1672,93] 1 [1673,96]
[1673,96] 1 [1674,99]
[1674,99] 1 [1675,103]
[1675,103] 1 [1676,107]
[1676,107] 1 [1677,110]
[1677,110] 1 [1678,113]
[1678,113] 1 [1679,116]
[1679,116] 1 [1680,120]
[1680,120] 1 [1681,124]
[1681,124] 1 [1682,128]
[1682,128] 1 [1683,132]
[1683,132] 1 [1684,135]
[1684,135] 1 [1685,137]
[1685,137] 1 [1686,140]
[1686,140] 1 [1687,144]
[1687,144] 1 [1688,147]
[1688,147] 1 [1689,150]
[1689,150] 1 [1690,152]
[1690,152] 1 [1691,154]
[1691,154] 1 [1692,157]
[1692,157] 1 [1693,161]
[1693,161] 1 [1694,163]
[1694,163] 1 [1695,165]
[1695,165] 1 [1696,169]
[1696,169] 1 [1697,172]
[1697,172] 1 [1698,175]
[1698,175] 1 [1699,6]
[1699,6] 1 [1700,6]
[1700,6] 1 [1701,6]
[1701,6] 1 [1702,6]
[1702,6] 1 [1703,6]
[1703,6] 1 [1704,6]
[1704,6] 1 [1705,6]
[1705,6] 1 [1706,6]
[1706,6] 1 [1707,6]
[1707,6] 1 [1708,9]
[1708,9] 1 [1709,11]
[1709,11] 1 [1710,13]
[1710,13] 1 [1711,16]
[1711,16] 1 [1712,19]
[1712,19] 2 [1713,15]
[1713,15] 2 [1714,11]
[1714,11] 1 [1715,13]
[1715,13] 1 [1716,15]
[1716,15] 2 [1717,12]
[1717,12] 2 [1718,9]
[1718,9] 1 [1719,10]
[1719,10] 1 [1720,12]
[1720,12] 1 [1721,14]
[1721,14] 1 [1722,17]
[1722,17] 1 [1723,19]
[1723,19] 1 [1724,22]
[1724,22] 1 [1725,25]
[1725,25] 1 [1726,27]
[1726,27] 1 [1727,30]
[1727,30] 1 [1728,32]
[1728,32] 1 [1729,36]
[1729,36] 1 [1730,39]
[1730,39] 1 [1731,41]
[1731,41] 1 [1732,43]
[1732,43] 1 [1733,46]
[1733,46] 1 [1734,48]
[1734,48] 1 [1735,52]
[1735,52] 1 [1736,54]
[1736,54] 1 [1737,57]
[1737,57] 1 [1738,61]
[1738,61] 1 [1739,63]
[1739,63] 1 [1740,66]
[1740,66] 1 [1741,68]
[1741,68] 1 [1742,71]
[1742,71] 1 [1743,74]
[1743,74] 1 [1744,77]
[1744,77] 1 [1745,81]
[1745,81] 1 [1746,84]
[1746,84] 1 [1747,87]
[1747,87] 1 [1748,91]
[1748,91] 1 [1749,93]
[1749,93] 1 [1750,97]
[1750,97] 1 [1751,100]
[1751,100] 1 [1752,103]
[1752,103] 1 [1753,107]
[1753,107] 1 [1754,109]
[1754,109] 1 [1755,111]
[1755,111] 1 [1756,114]
[1756,114] 1 [1757,117]
[1757,117] 1 [1758,119]
[1758,119] 1 [1759,123]
[1759,123] 1 [1760,126]
[1760,126] 1 [1761,130]
[1761,130] 1 [1762,132]
[1762,132] 1 [1763,135]
[1763,135] 1 [1764,138]
[1764,138] 1 [1765,141]
[1765,141] 1 [1766,144]
[1766,144] 1 [1767,148]
[1767,148] 1 [1768,150]
[1768,150] 1 [1769,154]
[1769,154] 1 [1770,158]
[1770,158] 1 [1771,162]
[1771,162] 1 [1772,165]
[1772,165] 1 [1773,167]
[1773,167] 1 [1774,171]
[1774,171] 1 [1775,173]
[1775,173] 1 [1776,176]
[1776,176] 1 [1777,6]
[1777,6] 1 [1778,6]
[1778,6] 1 [1779,6]
[1779,6] 1 [1780,6]
[1780,6] 1 [1781,6]
[1781,6] 1 [1782,6]
[1782,6] 1 [1783,6]
[1783,6] 1 [1784,6]
[1784,6] 1 [1785,6]
[1785,6] 1 [1786,6]
[1786,6] 0 [1787,7]
[1787,7] 1 [1788,9]
[1788,9] 1 [1789,12]
[1789,12] 2 [1790,10]
[1790,10] 1 [1791,8]
[1791,8] 1 [1792,12]
[1792,12] 1 [1793,16]
[1793,16] 1 [1794,20]
[1794,20] 2 [1795,16]
[1795,16] 1 [1796,19]
[1796,19] 2 [1797,15]
[1797,15] 2 [1798,11]
[1798,11] 1 [1799,14]
[1799,14] 2 [1800,10]
[1800,10] 1 [1801,12]
[1801,12] 1 [1802,14]
[1802,14] 1 [1803,16]
[1803,16] 1 [1804,19]
[1804,19] 1 [1805,22]
[1805,22] 1 [1806,26]
[1806,26] 1 [1807,29]
[1807,29] 1 [1808,33]
[1808,33] 1 [1809,36]
[1809,36] 1 [1810,39]
[1810,39] 2 [1811,35]
[1811,35] 2 [1812,31]
[1812,31] 2 [1813,27]
[1813,27] 2 [1814,23]
[1814,23] 1 [1815,25]
[1815,25] 1 [1816,29]
[1816,29] 1 [1817,31]
[1817,31] 1 [1818,35]
[1818,35] 1 [1819,37]
[1819,37] 1 [1820,39]
[1820,39] 1 [1821,42]
[1821,42] 1 [1822,46]
[1822,46] 1 [1823,50]
[1823,50] 1 [1824,52]
[1824,52] 1 [1825,56]
[1825,56] 1 [1826,58]
[1826,58] 1 [1827,60]
[1827,60] 1 [1828,64]
[1828,64] 1 [1829,67]
[1829,67] 1 [1830,70]
[1830,70] 1 [1831,73]
[1831,73] 1 [1832,77]
[1832,77] 1 [1833,80]
[1833,80] 1 [1834,84]
[1834,84] 1 [1835,86]
[1835,86] 1 [1836,89]
[1836,89] 1 [1837,91]
[1837,91] 1 [1838,95]
[1838,95] 1 [1839,97]
[1839,97] 1 [1840,100]
[1840,100] 1 [1841,104]
[1841,104] 1 [1842,108]
[1842,108] 1 [1843,111]
[1843,111] 1 [1844,113]
[1844,113] 1 [1845,117]
[1845,117] 1 [1846,119]
[1846,119] 1 [1847,121]
[1847,121] 1 [1848,124]
[1848,124] 1 [1849,126]
[1849,126] 2 [1850,124]
[1850,124] 2 [1851,120]
[1851,120] 2 [1852,117]
[1852,117] 1 [1853,119]
[1853,119] 1 [1854,122]
[1854,122] 1 [1855,125]
[1855,125] 1 [1856,127]
[1856,127] 1 [1857,131]
[1857,131] 1 [1858,134]
[1858,134] 1 [1859,137]
[1859,137] 1 [1860,141]
[1860,141] 1 [1861,145]
[1861,145] 1 [1862,147]
[1862,147] 1 [1863,150]
[1863,150] 1 [1864,154]
[1864,154] 1 [1865,157]
[1865,157] 1 [1866,160]
[1866,160] 1 [1867,164]
[1867,164] 1 [1868,166]
[1868,166] 1 [1869,170]
[1869,170] 1 [1870,172]
[1870,172] 1 [1871,174]
[1871,174] 1 [1872,176]
[1872,176] 1 [1873,6]
[1873,6] 1 [1874,6]
[1874,6] 1 [1875,6]
[1875,6] 1 [1876,6]
[1876,6] 1 [1877,6]
[1877,6] 1 [1878,6]
[1878,6] 1 [1879,6]
[1879,6] 1 [1880,6]
[1880,6] 1 [1881,6]
[1881,6] 1 [1882,7]
[1882,7] 1 [1883,10]
[1883,10] 1 [1884,14]
[1884,14] 1 [1885,17]
[1885,17] 2 [1886,17]
[1886,17] 1 [1887,21]
[1887,21] 1 [1888,24]
[1888,24] 1 [1889,27]
[1889,27] 1 [1890,30]
[1890,30] 1 [1891,33]
[1891,33] 1 [1892,35]
[1892,35] 1 [1893,39]
[1893,39] 1 [1894,42]
[1894,42] 1 [1895,44]
[1895,44] 1 [1896,48]
[1896,48] 1 [1897,50]
[1897,50] 1 [1898,52]
[1898,52] 1 [1899,55]
[1899,55] 1 [1900,58]
[1900,58] 1 [1901,62]
[1901,62] 1 [1902,66]
[1902,66] 1 [1903,69]
[1903,69] 1 [1904,71]
[1904,71] 1 [1905,75]
[1905,75] 1 [1906,78]
[1906,78] 1 [1907,81]
[1907,81] 1 [1908,83]
[1908,83] 1 [1909,85]
[1909,85] 1 [1910,88]
[1910,88] 1 [1911,92]
[1911,92] 1 [1912,95]
[1912,95] 1 [1913,97]
[1913,97] 1 [1914,99]
[1914,99] 1 [1915,101]
[1915,101] 1 [1916,105]
[1916,105] 1 [1917,108]
[1917,108] 1 [1918,110]
[1918,110] 1 [1919,114]
[1919,114] 1 [1920,117]
[1920,117] 1 [1921,120]
[1921,120] 1 [1922,123]
[1922,123] 1 [1923,125]
[1923,125] 1 [1924,129]
[1924,129] 1 [1925,133]
[1925,133] 1 [1926,136]
[1926,136] 1 [1927,138]
[1927,138] 1 [1928,141]
[1928,141] 1 [1929,145]
[1929,145] 1 [1930,149]
[1930,149] 1 [1931,151]
[1931,151] 1 [1932,154]
[1932,154] 1 [1933,156]
[1933,156] 1 [1934,158]
[1934,158] 1 [1935,160]
[1935,160] 1 [1936,163]
[1936,163] 1 [1937,166]
[1937,166] 1 [1938,168]
[1938,168] 1 [1939,172]
[1939,172] 1 [1940,176]
[1940,176] 1 [1941,6]
[1941,6] 1 [1942,6]
[1942,6] 1 [1943,6]
[1943,6] 1 [1944,6]
[1944,6] 1 [1945,6]
[1945,6] 1 [1946,6]
[1946,6] 1 [1947,6]
[1947,6] 1 [1948,6]
[1948,6] 1 [1949,7]
[1949,7] 2 [1950,6]
[1950,6] 1 [1951,8]
[1951,8] 1 [1952,10]
[1952,10] 1 [1953,13]
[1953,13] 2 [1954,11]
[1954,11] 2 [1955,9]
[1955,9] 1 [1956,11]
[1956,11] 1 [1957,15]
[1957,15] 1 [1958,17]
[1958,17] 1 [1959,19]
[1959,19] 1 [1960,22]
[1960,22] 1 [1961,25]
[1961,25] 1 [1962,29]
[1962,29] 1 [1963,32]
[1963,32] 1 [1964,36]
[1964,36] 1 [1965,39]
[1965,39] 1 [1966,41]
[1966,41] 1 [1967,45]
[1967,45] 1 [1968,49]
[1968,49] 1 [1969,51]
[1969,51] 0 [1970,51]
[1970,51] 2 [1971,47]
[1971,47] 1 [1972,50]
[1972,50] 1 [1973,54]
[1973,54] 1 [1974,57]
[1974,57] 1 [1975,59]
[1975,59] 2 [1976,55]
[1976,55] 1 [1977,57]
[1977,57] 1 [1978,59]
[1978,59] 1 [1979,62]
[1979,62] 1 [1980,64]
[1980,64] 1 [1981,66]
[1981,66] 1 [1982,70]
[1982,70] 1 [1983,74]
[1983,74] 1 [1984,77]
[1984,77] 1 [1985,81]
[1985,81] 1 [1986,83]
[1986,83] 1 [1987,85]
[1987,85] 1 [1988,89]
[1988,89] 1 [1989,91]
[1989,91] 1 [1990,95]
[1990,95] 1 [1991,97]
[1991,97] 1 [1992,100]
[1992,100] 1 [1993,102]
[1993,102] 1 [1994,104]
[1994,104] 1 [1995,108]
[1995,108] 1 [1996,111]
[1996,111] 1 [1997,115]
[1997,115] 1 [1998,118]
[1998,118] 1 [1999,122]
[1999,122] 1 [2000,124]
[2000,124] 1 [2001,127]
[2001,127] 1 [2002,129]
[2002,129] 1 [2003,133]
[2003,133] 1 [2004,135]
[2004,135] 1 [2005,139]
[2005,139] 1 [2006,141]
[2006,141] 1 [2007,145]
[2007,145] 1 [2008,147]
[2008,147] 1 [2009,149]
[2009,149] 1 [2010,152]
[2010,152] 1 [2011,155]
[2011,155] 1 [2012,157]
[2012,157] 1 [2013,161]
[2013,161] 1 [2014,165]
[2014,165] 1 [2015,167]
[2015,167] 1 [2016,170]
[2016,170] 1 [2017,173]
[2017,173] 1 [2018,175]
[2018,175] 1 [2019,6]
[2019,6] 1 [2020,6]
[2020,6] 1 [2021,6]
[2021,6] 1 [2022,6]
[2022,6] 1 [2023,6]
[2023,6] 1 [2024,6]
[2024,6] 1 [2025,6]
[2025,6] 1 [2026,6]
[2026,6] 1 [2027,6]
[2027,6] 1 [2028,6]
[2028,6] 1 [2029,9]
[2029,9] 0 [2030,10]
[2030,10] 1 [2031,12]
[2031,12] 1 [2032,15]
[2032,15] 2 [2033,12]
[2033,12] 2 [2034,8]
[2034,8] 1 [2035,10]
[2035,10] 1 [2036,14]
[2036,14] 1 [2037,17]
[2037,17] 2 [2038,15]
[2038,15] 2 [2039,11]
[2039,11] 1 [2040,13]
[2040,13] 1 [2041,17]
[2041,17] 1 [2042,19]
[2042,19] 1 [2043,21]
[2043,21] 1 [2044,23]
[2044,23] 1 [2045,25]
[2045,25] 1 [2046,27]
[2046,27] 1 [2047,30]
[2047,30] 1 [2048,34]
[2048,34] 1 [2049,37]
[2049,37] 1 [2050,39]
[2050,39] 1 [2051,42]
[2051,42] 1 [2052,44]
[2052,44] 1 [2053,46]
[2053,46] 1 [2054,50]
[2054,50] 1 [2055,52]
[2055,52] 1 [2056,55]
[2056,55] 1 [2057,58]
[2057,58] 1 [2058,62]
[2058,62] 1 [2059,65]
[2059,65] 1 [2060,68]
[2060,68] 1 [2061,72]
[2061,72] 1 [2062,76]
[2062,76] 1 [2063,80]
[2063,80] 1 [2064,82]
[2064,82] 1 [2065,86]
[2065,86] 1 [2066,89]
[2066,89] 1 [2067,93]
[2067,93] 1 [2068,97]
[2068,97] 1 [2069,99]
[2069,99] 1 [2070,103]
[2070,103] 1 [2071,105]
[2071,105] 1 [2072,107]
[2072,107] 1 [2073,111]
[2073,111] 1 [2074,115]
[2074,115] 1 [2075,118]
[2075,118] 1 [2076,120]
[2076,120] 1 [2077,124]
[2077,124] 1 [2078,128]
[2078,128] 1 [2079,130]
[2079,130] 1 [2080,134]
[2080,134] 1 [2081,138]
[2081,138] 1 [2082,140]
[2082,140] 1 [2083,144]
[2083,144] 1 [2084,146]
[2084,146] 1 [2085,150]
[2085,150] 1 [2086,154]
[2086,154] 1 [2087,157]
[2087,157] 1 [2088,161]
[2088,161] 1 [2089,164]
[2089,164] 1 [2090,168]
[2090,168] 1 [2091,172]
[2091,172] 1 [2092,175]
[2092,175] 1 [2093,177]
[2093,177] 1 [2094,6]
[2094,6] 1 [2095,6]
[2095,6] 1 [2096,6]
[2096,6] 1 [2097,6]
[2097,6] 1 [2098,6]
[2098,6] 1 [2099,6]
[2099,6] 1 [2100,6]
[2100,6] 1 [2101,6]
[2101,6] 1 [2102,6]
[2102,6] 1 [2103,6]
[2103,6] 1 [2104,6]
[2104,6] 1 [2105,10]
[2105,10] 1 [2106,12]
[2106,12] 1 [2107,16]
[2107,16] 2 [2108,12]
[2108,12] 1 [2109,16]
[2109,16] 1 [2110,18]
[2110,18] 0 [2111,18]
[2111,18] 0 [2112,18]
[2112,18] 2 [2113,16]
[2113,16] 2 [2114,13]
[2114,13] 2 [2115,9]
[2115,9] 1 [2116,10]
[2116,10] 1 [2117,12]
[2117,12] 2 [2118,8]
[2118,8] 1 [2119,10]
[2119,10] 1 [2120,13]
[2120,13] 1 [2121,15]
[2121,15] 1 [2122,19]
[2122,19] 1 [2123,23]
[2123,23] 2 [2124,19]
[2124,19] 1 [2125,22]
[2125,22] 1 [2126,25]
[2126,25] 1 [2127,28]
[2127,28] 1 [2128,31]
[2128,31] 1 [2129,34]
[2129,34] 1 [2130,36]
[2130,36] 1 [2131,38]
[2131,38] 1 [2132,41]
[2132,41] 1 [2133,45]
[2133,45] 1 [2134,47]
[2134,47] 1 [2135,51]
[2135,51] 1 [2136,53]
[2136,53] 1 [2137,55]
[2137,55] 1 [2138,57]
[2138,57] 1 [2139,60]
[2139,60] 1 [2140,64]
[2140,64] 1 [2141,67]
[2141,67] 1 [2142,69]
[2142,69] 1 [2143,72]
[2143,72] 1 [2144,75]
[2144,75] 1 [2145,78]
[2145,78] 1 [2146,80]
[2146,80] 1 [2147,83]
[2147,83] 1 [2148,85]
[2148,85] 1 [2149,89]
[2149,89] 1 [2150,93]
[2150,93] 1 [2151,97]
[2151,97] 1 [2152,101]
[2152,101] 1 [2153,104]
[2153,104] 1 [2154,108]
[2154,108] 1 [2155,110]
[2155,110] 1 [2156,112]
[2156,112] 1 [2157,116]
[2157,116] 1 [2158,120]
[2158,120] 1 [2159,124]
[2159,124] 1 [2160,128]
[2160,128] 1 [2161,130]
[2161,130] 1 [2162,133]
[2162,133] 1 [2163,136]
[2163,136] 1 [2164,140]
[2164,140] 1 [2165,144]
[2165,144] 1 [2166,146]
[2166,146] 1 [2167,149]
[2167,149] 1 [2168,153]
[2168,153] 1 [2169,157]
[2169,157] 1 [2170,159]
[2170,159] 1 [2171,163]
[2171,163] 1 [2172,167]
[2172,167] 1 [2173,171]
[2173,171] 1 [2174,175]
[2174,175] 1 [2175,6]
[2175,6] 1 [2176,6]
[2176,6] 1 [2177,6]
[2177,6] 1 [2178,6]
[2178,6] 1 [2179,6]
[2179,6] 1 [2180,6]
[2180,6] 1 [2181,6]
[2181,6] 1 [2182,6]
[2182,6] 1 [2183,6]
[2183,6] 1 [2184,7]
[2184,7] 2 [2185,6]
[2185,6] 1 [2186,10]
[2186,10] 1 [2187,14]
[2187,14] 2 [2188,10]
[2188,10] 1 [2189,8]
[2189,8] 1 [2190,11]
[2190,11] 1 [2191,15]
[2191,15] 2 [2192,11]
[2192,11] 0 [2193,11]
[2193,11] 2 [2194,7]
[2194,7] 1 [2195,11]
[2195,11] 0 [2196,11]
[2196,11] 0 [2197,11]
[2197,11] 2 [2198,8]
[2198,8] 1 [2199,6]
[2199,6] 1 [2200,8]
[2200,8] 1 [2201,11]
[2201,11] 0 [2202,11]
[2202,11] 2 [2203,8]
[2203,8] 1 [2204,9]
[2204,9] 1 [2205,13]
[2205,13] 2 [2206,9]
[2206,9] 1 [2207,11]
[2207,11] 1 [2208,13]
[2208,13] 1 [2209,17]
[2209,17] 1 [2210,19]
[2210,19] 1 [2211,21]
[2211,21] 1 [2212,23]
[2212,23] 1 [2213,26]
[2213,26] 1 [2214,29]
[2214,29] 1 [2215,31]
[2215,31] 1 [2216,33]
[2216,33] 1 [2217,35]
[2217,35] 1 [2218,39]
[2218,39] 1 [2219,43]
[2219,43] 1 [2220,47]
[2220,47] 1 [2221,50]
[2221,50] 1 [2222,53]
[2222,53] 1 [2223,56]
[2223,56] 1 [2224,60]
[2224,60] 1 [2225,63]
[2225,63] 1 [2226,67]
[2226,67] 1 [2227,71]
[2227,71] 1 [2228,74]
[2228,74] 1 [2229,78]
[2229,78] 1 [2230,80]
[2230,80] 1 [2231,82]
[2231,82] 1 [2232,84]
[2232,84] 1 [2233,88]
[2233,88] 1 [2234,92]
[2234,92] 1 [2235,94]
[2235,94] 1 [2236,98]
[2236,98] 1 [2237,101]
[2237,101] 1 [2238,104]
[2238,104] 1 [2239,108]
[2239,108] 1 [2240,112]
[2240,112] 1 [2241,115]
[2241,115] 1 [2242,117]
[2242,117] 1 [2243,120]
[2243,120] 1 [2244,123]
[2244,123] 1 [2245,127]
[2245,127] 1 [2246,130]
[2246,130] 1 [2247,134]
[2247,134] 1 [2248,137]
[2248,137] 1 [2249,140]
[2249,140] 1 [2250,142]
[2250,142] 1 [2251,144]
[2251,144] 1 [2252,147]
[2252,147] 1 [2253,150]
[2253,150] 1 [2254,152]
[2254,152] 1 [2255,156]
[2255,156] 1 [2256,160]
[2256,160] 1 [2257,162]
[2257,162] 1 [2258,164]
[2258,164] 1 [2259,167]
[2259,167] 1 [2260,170]
[2260,170] 1 [2261,172]
[2261,172] 1 [2262,176]
[2262,176] 1 [2263,6]
[2263,6] 1 [2264,6]
[2264,6] 1 [2265,6]
[2265,6] 1 [2266,6]
[2266,6] 1 [2267,6]
[2267,6] 1 [2268,6]
[2268,6] 1 [2269,6]
[2269,6] 1 [2270,6]
[2270,6] 1 [2271,6]
[2271,6] 1 [2272,6]
[2272,6] 1 [2273,6]
[2273,6] 1 [2274,7]
[2274,7] 0 [2275,7]
[2275,7] 1 [2276,8]
[2276,8] 1 [2277,12]
[2277,12] 1 [2278,15]
[2278,15] 1 [2279,17]
[2279,17] 1 [2280,19]
[2280,19] 1 [2281,23]
[2281,23] 1 [2282,27]
[2282,27] 1 [2283,30]
[2283,30] 1 [2284,32]
[2284,32] 1 [2285,36]
[2285,36] 1 [2286,40]
[2286,40] 1 [2287,44]
[2287,44] 1 [2288,47]
[2288,47] 1 [2289,50]
[2289,50] 1 [2290,52]
[2290,52] 1 [2291,54]
[2291,54] 1 [2292,57]
[2292,57] 1 [2293,60]
[2293,60] 1 [2294,64]
[2294,64] 1 [2295,66]
[2295,66] 1 [2296,69]
[2296,69] 1 [2297,71]
[2297,71] 1 [2298,74]
[2298,74] 1 [2299,78]
[2299,78] 1 [2300,81]
[2300,81] 1 [2301,85]
[2301,85] 1 [2302,87]
[2302,87] 1 [2303,89]
[2303,89] 1 [2304,93]
[2304,93] 1 [2305,95]
[2305,95] 1 [2306,98]
[2306,98] 1 [2307,101]
[2307,101] 1 [2308,103]
[2308,103] 1 [2309,106]
[2309,106] 1 [2310,109]
[2310,109] 1 [2311,111]
[2311,111] 1 [2312,115]
[2312,115] 1 [2313,118]
[2313,118] 1 [2314,120]
[2314,120] 1 [2315,124]
[2315,124] 1 [2316,126]
[2316,126] 1 [2317,129]
[2317,129] 1 [2318,131]
[2318,131] 1 [2319,135]
[2319,135] 1 [2320,139]
[2320,139] 1 [2321,143]
[2321,143] 1 [2322,145]
[2322,145] 1 [2323,148]
[2323,148] 1 [2324,150]
[2324,150] 1 [2325,153]
[2325,153] 1 [2326,156]
[2326,156] 1 [2327,159]
[2327,159] 1 [2328,161]
[2328,161] 1 [2329,163]
[2329,163] 1 [2330,166]
[2330,166] 1 [2331,168]
[2331,168] 1 [2332,172]
[2332,172] 1 [2333,175]
[2333,175] 1 [2334,6]
[2334,6] 1 [2335,6]
[2335,6] 1 [2336,6]
[2336,6] 1 [2337,6]
[2337,6] 1 [2338,6]
[2338,6] 1 [2339,6]
[2339,6] 1 [2340,6]
[2340,6] 1 [2341,6]
[2341,6] 1 [2342,6]
[2342,6] 1 [2343,6]
[2343,6] 1 [2344,6]
[2344,6] 0 [2345,7]
[2345,7] 2 [2346,6]
[2346,6] 1 [2347,10]
[2347,10] 1 [2348,12]
[2348,12] 1 [2349,15]
[2349,15] 2 [2350,13]
[2350,13] 2 [2351,9]
[2351,9] 1 [2352,9]
[2352,9] 1 [2353,11]
[2353,11] 2 [2354,9]
[2354,9] 1 [2355,7]
[2355,7] 1 [2356,11]
[2356,11] 1 [2357,15]
[2357,15] 1 [2358,17]
[2358,17] 1 [2359,20]
[2359,20] 1 [2360,23]
[2360,23] 1 [2361,27]
[2361,27] 1 [2362,31]
[2362,31] 1 [2363,34]
[2363,34] 1 [2364,36]
[2364,36] 1 [2365,38]
[2365,38] 1 [2366,42]
[2366,42] 1 [2367,44]
[2367,44] 1 [2368,48]
[2368,48] 1 [2369,51]
[2369,51] 1 [2370,53]
[2370,53] 1 [2371,55]
[2371,55] 1 [2372,58]
[2372,58] 1 [2373,62]
[2373,62] 1 [2374,66]
[2374,66] 1 [2375,69]
[2375,69] 1 [2376,71]
[2376,71] 1 [2377,75]
[2377,75] 1 [2378,78]
[2378,78] 1 [2379,80]
[2379,80] 1 [2380,84]
[2380,84] 1 [2381,86]
[2381,86] 1 [2382,89]
[2382,89] 1 [2383,92]
[2383,92] 1 [2384,94]
[2384,94] 1 [2385,97]
[2385,97] 1 [2386,101]
[2386,101] 1 [2387,103]
[2387,103] 1 [2388,107]
[2388,107] 1 [2389,109]
[2389,109] 1 [2390,113]
[2390,113] 1 [2391,116]
[2391,116] 1 [2392,119]
[2392,119] 1 [2393,122]
[2393,122] 1 [2394,125]
[2394,125] 1 [2395,127]
[2395,127] 1 [2396,129]
[2396,129] 1 [2397,132]
[2397,132] 1 [2398,134]
[2398,134] 1 [2399,138]
[2399,138] 1 [2400,141]
[2400,141] 1 [2401,143]
[2401,143] 1 [2402,145]
[2402,145] 1 [2403,148]
[2403,148] 1 [2404,151]
[2404,151] 1 [2405,155]
[2405,155] 1 [2406,159]
[2406,159] 1 [2407,163]
[2407,163] 1 [2408,167]
[2408,167] 1 [2409,169]
[2409,169] 1 [2410,171]
[2410,171] 1 [2411,173]
[2411,173] 1 [2412,175]
[2412,175] 1 [2413,6]
[2413,6] 1 [2414,6]
[2414,6] 1 [2415,6]
[2415,6] 1 [2416,6]
[2416,6] 1 [2417,6]
[2417,6] 1 [2418,6]
[2418,6] 1 [2419,6]
[2419,6] 1 [2420,6]
[2420,6] 1 [2421,6]
[2421,6] 1 [2422,6]
[2422,6] 1 [2423,9]
[2423,9] 1 [2424,11]
[2424,11] 1 [2425,15]
[2425,15] 1 [2426,18]
[2426,18] 2 [2427,14]
[2427,14] 2 [2428,11]
[2428,11] 2 [2429,9]
[2429,9] 1 [2430,9]
[2430,9] 1 [2431,13]
[2431,13] 1 [2432,16]
[2432,16] 2 [2433,12]
[2433,12] 1 [2434,14]
[2434,14] 1 [2435,16]
[2435,16] 2 [2436,12]
[2436,12] 1 [2437,12]
[2437,12] 1 [2438,16]
[2438,16] 2 [2439,12]
[2439,12] 1 [2440,15]
[2440,15] 1 [2441,18]
[2441,18] 1 [2442,22]
[2442,22] 1 [2443,24]
[2443,24] 2 [2444,20]
[2444,20] 2 [2445,16]
[2445,16] 1 [2446,18]
[2446,18] 1 [2447,22]
[2447,22] 1 [2448,26]
[2448,26] 1 [2449,30]
[2449,30] 2 [2450,28]
[2450,28] 1 [2451,26]
[2451,26] 1 [2452,29]
[2452,29] 1 [2453,33]
[2453,33] 1 [2454,35]
[2454,35] 1 [2455,39]
[2455,39] 1 [2456,43]
[2456,43] 1 [2457,46]
[2457,46] 1 [2458,48]
[2458,48] 1 [2459,52]
[2459,52] 1 [2460,55]
[2460,55] 1 [2461,59]
[2461,59] 1 [2462,61]
[2462,61] 1 [2463,64]
[2463,64] 1 [2464,66]
[2464,66] 1 [2465,70]
[2465,70] 1 [2466,74]
[2466,74] 1 [2467,77]
[2467,77] 1 [2468,80]
[2468,80] 1 [2469,84]
[2469,84] 1 [2470,86]
[2470,86] 1 [2471,90]
[2471,90] 1 [2472,93]
[2472,93] 1 [2473,97]
[2473,97] 1 [2474,101]
[2474,101] 1 [2475,104]
[2475,104] 1 [2476,108]
[2476,108] 1 [2477,112]
[2477,112] 1 [2478,116]
[2478,116] 1 [2479,119]
[2479,119] 1 [2480,123]
[2480,123] 2 [2481,119]
[2481,119] 2 [2482,116]
[2482,116] 2 [2483,112]
[2483,112] 1 [2484,115]
[2484,115] 1 [2485,119]
[2485,119] 1 [2486,121]
[2486,121] 1 [2487,124]
[2487,124] 1 [2488,126]
[2488,126] 1 [2489,129]
[2489,129] 1 [2490,132]
[2490,132] 1 [2491,134]
[2491,134] 1 [2492,137]
[2492,137] 1 [2493,141]
[2493,141] 1 [2494,143]
[2494,143] 1 [2495,146]
[2495,146] 1 [2496,148]
[2496,148] 1 [2497,151]
[2497,151] 1 [2498,154]
[2498,154] 1 [2499,157]
[2499,157] 1 [2500,161]
[2500,161] 1 [2501,164]
[2501,164] 1 [2502,168]
[2502,168] 1 [2503,171]
[2503,171] 1 [2504,174]
[2504,174] 1 [2505,177]
[2505,177] 1 [2506,6]
[2506,6] 1 [2507,6]
[2507,6] 1 [2508,6]
[2508,6] 1 [2509,6]
[2509,6] 1 [2510,6]
[2510,6] 1 [2511,6]
[2511,6] 1 [2512,6]
[2512,6] 1 [2513,6]
[2513,6] 1 [2514,6]
[2514,6] 1 [2515,6]
[2515,6] 1 [2516,6]
[2516,6] 0 [2517,6]
[2517,6] 1 [2518,8]
[2518,8] 1 [2519,12]
[2519,12] 0 [2520,13]
[2520,13] 2 [2521,10]
[2521,10] 1 [2522,12]
[2522,12] 1 [2523,14]
[2523,14] 1 [2524,17]
[2524,17] 1 [2525,19]
[2525,19] 2 [2526,15]
[2526,15] 2 [2527,12]
[2527,12] 2 [2528,9]
[2528,9] 1 [2529,10]
[2529,10] 1 [2530,13]
[2530,13] 1 [2531,16]
[2531,16] 2 [2532,13]
[2532,13] 1 [2533,15]
[2533,15] 1 [2534,19]
[2534,19] 2 [2535,15]
[2535,15] 1 [2536,17]
[2536,17] 1 [2537,21]
[2537,21] 1 [2538,23]
[2538,23] 1 [2539,26]
[2539,26] 1 [2540,28]
[2540,28] 1 [2541,32]
[2541,32] 1 [2542,35]
[2542,35] 1 [2543,38]
[2543,38] 1 [2544,42]
[2544,42] 1 [2545,46]
[2545,46] 1 [2546,49]
[2546,49] 1 [2547,53]
[2547,53] 1 [2548,56]
[2548,56] 1 [2549,59]
[2549,59] 1 [2550,61]
[2550,61] 1 [2551,65]
[2551,65] 1 [2552,67]
[2552,67] 1 [2553,69]
[2553,69] 1 [2554,71]
[2554,71] 1 [2555,73]
[2555,73] 1 [2556,77]
[2556,77] 1 [2557,81]
[2557,81] 1 [2558,85]
[2558,85] 1 [2559,87]
[2559,87] 1 [2560,90]
[2560,90] 1 [2561,92]
[2561,92] 1 [2562,96]
[2562,96] 1 [2563,100]
[2563,100] 1 [2564,104]
[2564,104] 2 [2565,100]
[2565,100] 2 [2566,96]
[2566,96] 1 [2567,98]
[2567,98] 1 [2568,102]
[2568,102] 1 [2569,104]
[2569,104] 1 [2570,108]
[2570,108] 1 [2571,112]
[2571,112] 1 [2572,114]
[2572,114] 1 [2573,118]
[2573,118] 1 [2574,121]
[2574,121] 1 [2575,125]
[2575,125] 1 [2576,129]
[2576,129] 1 [2577,131]
[2577,131] 1 [2578,135]
[2578,135] 1 [2579,137]
[2579,137] 1 [2580,139]
[2580,139] 1 [2581,141]
[2581,141] 1 [2582,144]
[2582,144] 1 [2583,148]
[2583,148] 1 [2584,152]
[2584,152] 1 [2585,155]
[2585,155] 1 [2586,158]
[2586,158] 1 [2587,160]
[2587,160] 1 [2588,163]
[2588,163] 1 [2589,165]
[2589,165] 1 [2590,169]
[2590,169] 1 [2591,172]
[2591,172] 1 [2592,174]
[2592,174] 1 [2593,177]
[2593,177] 1 [2594,6]
[2594,6] 1 [2595,6]
[2595,6] 1 [2596,6]
[2596,6] 1 [2597,6]
[2597,6] 1 [2598,6]
[2598,6] 1 [2599,6]
[2599,6] 1 [2600,6]
[2600,6] 1 [2601,6]
[2601,6] 1 [2602,6]
[2602,6] 1 [2603,6]
[2603,6] 1 [2604,6]
[2604,6] 1 [2605,7]
[2605,7] 1 [2606,11]
[2606,11] 1 [2607,13]
[2607,13] 2 [2608,10]
[2608,10] 1 [2609,13]
[2609,13] 1 [2610,16]
[2610,16] 1 [2611,18]
[2611,18] 1 [2612,20]
[2612,20] 1 [2613,23]
[2613,23] 1 [2614,27]
[2614,27] 2 [2615,24]
[2615,24] 2 [2616,20]
[2616,20] 1 [2617,22]
[2617,22] 1 [2618,26]
[2618,26] 1 [2619,28]
[2619,28] 1 [2620,30]
[2620,30] 1 [2621,33]
[2621,33] 1 [2622,37]
[2622,37] 1 [2623,39]
[2623,39] 1 [2624,41]
[2624,41] 0 [2625,41]
[2625,41] 1 [2626,44]
[2626,44] 1 [2627,47]
[2627,47] 1 [2628,49]
[2628,49] 1 [2629,51]
[2629,51] 1 [2630,55]
[2630,55] 1 [2631,57]
[2631,57] 1 [2632,60]
[2632,60] 1 [2633,62]
[2633,62] 1 [2634,65]
[2634,65] 1 [2635,67]
[2635,67] 1 [2636,71]
[2636,71] 1 [2637,75]
[2637,75] 1 [2638,78]
[2638,78] 1 [2639,80]
[2639,80] 1 [2640,82]
[2640,82] 1 [2641,84]
[2641,84] 1 [2642,87]
[2642,87] 1 [2643,89]
[2643,89] 1 [2644,92]
[2644,92] 1 [2645,96]
[2645,96] 1 [2646,98]
[2646,98] 1 [2647,101]
[2647,101] 1 [2648,105]
[2648,105] 1 [2649,108]
[2649,108] 1 [2650,110]
[2650,110] 1 [2651,112]
[2651,112] 1 [2652,114]
[2652,114] 1 [2653,117]
[2653,117] 1 [2654,119]
[2654,119] 1 [2655,123]
[2655,123] 1 [2656,127]
[2656,127] 1 [2657,130]
[2657,130] 1 [2658,133]
[2658,133] 1 [2659,135]
[2659,135] 1 [2660,137]
[2660,137] 1 [2661,140]
[2661,140] 1 [2662,144]
[2662,144] 1 [2663,146]
[2663,146] 1 [2664,150]
[2664,150] 1 [2665,152]
[2665,152] 1 [2666,155]
[2666,155] 1 [2667,157]
[2667,157] 1 [2668,161]
[2668,161] 1 [2669,163]
[2669,163] 1 [2670,165]
[2670,165] 1 [2671,169]
[2671,169] 1 [2672,172]
[2672,172] 1 [2673,175]
